nrow(xstart)
[1] 200
> (0.73+0.86)/2
[1] 0.795
> nrow(xstart)-n1 
[1] 196
> nleft
[1] 196
> M.COUNT[nleft,]
  [1] 1 1 1 1 1 1 1 1 1 1 1 1 1 1 1 1 1 1 1 1 1 1 1 1 1 1 1 1 1 1 1 1 1 1 1 1 1 1 1 1 1 1 1 1 1 1 1 1 1 1 1 1 1 1 1 1 1 1 1 1 1 1
 [63] 1 1 1 1 1 1 1 1 1 1 1 1 1 1 1 1 1 1 1 1 1 1 1 1 1 1 1 1 1 1 1 1 1 1 1 1 1 1
> M.COUNT <- M.COUNT[1:(nrow(xstart)-n1),]
> dim(M.COUNT)
[1] 196 100
> M.COUNT[nrow(xstart)-n1,]
  [1] 1 1 1 1 1 1 1 1 1 1 1 1 1 1 1 1 1 1 1 1 1 1 1 1 1 1 1 1 1 1 1 1 1 1 1 1 1 1 1 1 1 1 1 1 1 1 1 1 1 1 1 1 1 1 1 1 1 1 1 1 1 1
 [63] 1 1 1 1 1 1 1 1 1 1 1 1 1 1 1 1 1 1 1 1 1 1 1 1 1 1 1 1 1 1 1 1 1 1 1 1 1 1
> av.hit.iter <- apply(M.COUNT,1,mean)
> av.hit.run <- apply(M.COUNT,2,mean)
> av.hit.iter
  [1] 0.68 0.71 0.74 0.75 0.76 0.83 0.75 0.83 0.69 0.80 0.86 0.84 0.87 0.80 0.85 0.88 0.83 0.88 0.85 0.84 0.82 0.80 0.92 0.92 0.90
 [26] 0.86 0.88 0.96 0.92 0.90 0.93 0.95 0.93 0.95 0.89 0.91 0.93 0.93 0.94 0.95 0.91 0.92 0.92 0.90 0.98 0.90 0.89 0.94 0.93 0.95
 [51] 0.96 0.94 0.95 0.95 0.94 0.95 0.95 0.98 0.97 1.00 0.99 0.97 0.97 0.98 0.97 0.99 0.99 0.99 0.98 0.97 0.98 0.98 0.96 0.99 1.00
 [76] 0.99 1.00 0.99 1.00 0.97 1.00 0.99 0.98 0.99 1.00 0.99 0.99 0.99 1.00 1.00 1.00 0.99 0.99 1.00 1.00 0.99 0.98 1.00 1.00 1.00
[101] 1.00 1.00 0.98 1.00 0.99 0.99 0.99 1.00 1.00 0.98 0.98 1.00 1.00 1.00 1.00 1.00 1.00 1.00 1.00 1.00 1.00 1.00 1.00 1.00 0.99
[126] 1.00 1.00 1.00 1.00 1.00 1.00 1.00 1.00 1.00 1.00 1.00 1.00 0.99 1.00 1.00 1.00 1.00 1.00 1.00 1.00 1.00 1.00 1.00 1.00 1.00
[151] 1.00 1.00 1.00 1.00 1.00 1.00 1.00 0.99 1.00 1.00 1.00 1.00 1.00 1.00 1.00 1.00 1.00 1.00 1.00 1.00 1.00 1.00 1.00 1.00 1.00
[176] 1.00 1.00 1.00 1.00 1.00 1.00 1.00 1.00 1.00 1.00 1.00 1.00 1.00 1.00 1.00 1.00 1.00 1.00 1.00 1.00 1.00
> av.hit.run
  [1] 0.9693878 0.9489796 0.9693878 0.9387755 0.9642857 0.9693878 0.9591837 0.9591837 0.9795918 0.9846939 0.9489796 0.9540816
 [13] 0.9489796 0.9693878 0.9489796 0.9642857 0.9642857 0.9336735 0.9744898 0.9489796 0.9693878 0.9540816 0.9693878 0.9693878
 [25] 0.9642857 0.9693878 0.9540816 0.9642857 0.9642857 0.9744898 0.9642857 0.9540816 0.9591837 0.9285714 0.9591837 0.9438776
 [37] 0.9336735 0.9387755 0.9744898 0.9591837 0.9438776 0.9744898 0.9693878 0.9591837 0.9540816 0.9693878 0.9489796 0.9540816
 [49] 0.9744898 0.9744898 0.9693878 0.9591837 0.9438776 0.9642857 0.9693878 0.9540816 0.9489796 0.9540816 0.9642857 0.9540816
 [61] 0.9642857 0.9693878 0.9540816 0.9489796 0.9693878 0.9693878 0.9489796 0.9642857 0.9642857 0.9693878 0.9336735 0.9744898
 [73] 0.9642857 0.9693878 0.9744898 0.9642857 0.9693878 0.9489796 0.9693878 0.9642857 0.9642857 0.9591837 0.9642857 0.9642857
 [85] 0.9540816 0.9642857 0.9744898 0.9591837 0.9795918 0.9846939 0.9846939 0.9591837 0.9846939 0.9744898 0.9693878 0.9642857
 [97] 0.9591837 0.9642857 0.9591837 0.9489796
> dim(M.COUNT)
[1] 196 100
> nrow(M.COUNT)
[1] 196
> length(av.hit.iter)
[1] 196
> E11
  [1] 0.9219081 0.9180076 0.9145301 0.9114422 0.9085971 0.9043285 0.9000849 0.8959388 0.8920752 0.8889006 0.8871046 0.8872628
 [13] 0.8842009 0.8806251 0.8765496 0.8722251 0.8678226 0.8634044 0.8590086 0.8547115 0.8507018 0.8473946 0.8454931 0.8455848
 [25] 0.8452617 0.8458425 0.8459331 0.8425449 0.8381780 0.8336223 0.8290295 0.8244496 0.8199161 0.8154545 0.8110668 0.8067120
 [37] 0.8023141 0.7978078 0.7931811 0.7884681 0.7837158 0.7789747 0.7743319 0.7699884 0.7663797 0.7642405 0.7641826 0.7635608
 [49] 0.7627147 0.7616576 0.7605436 0.7594074 0.7582620 0.7571110 0.7559565 0.7548029 0.7536632 0.7525777 0.7516576 0.7511747
 [61] 0.7515350 0.7513071 0.7504080 0.7493074 0.7481426 0.7469608 0.7457881 0.7446692 0.7437182 0.7432121 0.7435645 0.7435060
 [73] 0.7432077 0.7427289 0.7421982 0.7416498 0.7411020 0.7405784 0.7401406 0.7399701 0.7403964 0.7406061 0.7402922 0.7398095
 [85] 0.7392695 0.7387098 0.7381413 0.7375675 0.7369900 0.7364111 0.7358373 0.7352895 0.7348300 0.7346448 0.7350723 0.7350642
 [97] 0.7348170 0.7343946 0.7339232 0.7334317 0.7329294 0.7324185 0.7319009 0.7313797 0.7308615 0.7303652 0.7299470 0.7297833
[109] 0.7302180 0.7304696 0.7301898 0.7297360 0.7292227 0.7286907 0.7281579 0.7276466 0.7272148 0.7270424 0.7274804 0.7274694
[121] 0.7272178 0.7267947 0.7263270 0.7258373 0.7253285 0.7248011 0.7242589 0.7237082 0.7231580 0.7226294 0.7221809 0.7219964
[133] 0.7224370 0.7226904 0.7223883 0.7219040 0.7213571 0.7207905 0.7202227 0.7196769 0.7192130 0.7190187 0.7194624 0.7194498
[145] 0.7192073 0.7188135 0.7183892 0.7179374 0.7174444 0.7169073 0.7163369 0.7157480 0.7151555 0.7145839 0.7140958 0.7138848
[157] 0.7143307 0.7145813 0.7142473 0.7137214 0.7131294 0.7125165 0.7119023 0.7113111 0.7108058 0.7105836 0.7110327 0.7110312
[169] 0.7108370 0.7105467 0.7102604 0.7099322 0.7095089 0.7089841 0.7083889 0.7077581 0.7071177 0.7064976 0.7059649 0.7057240
[181] 0.7061756 0.7064227 0.7060527 0.7054798 0.7048372 0.7041728 0.7035072 0.7028659 0.7023150 0.7020625 0.7025180 0.7025460
[193] 0.7024585 0.7023870 0.7023915 0.7023241
> E12
  [1] 0.9226308 0.9192168 0.9159334 0.9128763 0.9100591 0.9058115 0.9015828 0.8974399 0.8935463 0.8902631 0.8882587 0.8882654
 [13] 0.8852688 0.8817580 0.8777163 0.8734078 0.8690225 0.8646224 0.8602410 0.8559466 0.8519060 0.8484874 0.8463729 0.8463096
 [25] 0.8461696 0.8471682 0.8471345 0.8438541 0.8395088 0.8349659 0.8303909 0.8258276 0.8213073 0.8168561 0.8124789 0.8081393
 [37] 0.8037627 0.7992798 0.7946743 0.7899808 0.7852475 0.7805227 0.7758849 0.7715117 0.7677896 0.7654307 0.7652132 0.7651670
 [49] 0.7645197 0.7635681 0.7624992 0.7614110 0.7603122 0.7592087 0.7581019 0.7569953 0.7558989 0.7548399 0.7538913 0.7532839
 [61] 0.7534743 0.7535277 0.7527018 0.7516422 0.7505208 0.7493851 0.7482561 0.7471644 0.7461848 0.7455524 0.7457322 0.7462064
 [73] 0.7460931 0.7457569 0.7453215 0.7448704 0.7444165 0.7439758 0.7435808 0.7433614 0.7436329 0.7441327 0.7439626 0.7435843
 [85] 0.7431422 0.7426805 0.7422112 0.7417373 0.7412605 0.7407823 0.7403076 0.7398472 0.7394338 0.7392007 0.7394715 0.7398834
 [97] 0.7397797 0.7394751 0.7390792 0.7386662 0.7382414 0.7378088 0.7373701 0.7369280 0.7364878 0.7360594 0.7356760 0.7354582
[109] 0.7357399 0.7362273 0.7360644 0.7356965 0.7352643 0.7348135 0.7343611 0.7339201 0.7335249 0.7332985 0.7335816 0.7339317
[121] 0.7337809 0.7334342 0.7330016 0.7325507 0.7320802 0.7315917 0.7310888 0.7305774 0.7300658 0.7295668 0.7291198 0.7288585
[133] 0.7291407 0.7295933 0.7293663 0.7289264 0.7284196 0.7278932 0.7273652 0.7268500 0.7263882 0.7261159 0.7263983 0.7267339
[145] 0.7265733 0.7262338 0.7258249 0.7253954 0.7249263 0.7244130 0.7238655 0.7232991 0.7227285 0.7221703 0.7216692 0.7213704
[157] 0.7216512 0.7220934 0.7218187 0.7213199 0.7207508 0.7201609 0.7195693 0.7189919 0.7184733 0.7181614 0.7184417 0.7187898
[169] 0.7186621 0.7184035 0.7181201 0.7178123 0.7174172 0.7169175 0.7163424 0.7157297 0.7151067 0.7144954 0.7139448 0.7136099
[181] 0.7138885 0.7143325 0.7140192 0.7134689 0.7128444 0.7121981 0.7115502 0.7109177 0.7103481 0.7099990 0.7102770 0.7106549
[193] 0.7106085 0.7105323 0.7105275 0.7104922
> E22
  [1] 0.9220147 0.9176126 0.9139673 0.9107878 0.9078482 0.9035750 0.8993123 0.8951253 0.8912168 0.8880902 0.8865840 0.8871115
 [13] 0.8838906 0.8801332 0.8759415 0.8715742 0.8671620 0.8627370 0.8583216 0.8539829 0.8499276 0.8466694 0.8450638 0.8455323
 [25] 0.8447746 0.8449886 0.8454513 0.8415671 0.8370828 0.8325041 0.8279062 0.8233116 0.8187423 0.8142224 0.8097587 0.8053188
 [37] 0.8008366 0.7962609 0.7915918 0.7868629 0.7821070 0.7773559 0.7726830 0.7683054 0.7647593 0.7629365 0.7632755 0.7616891
 [49] 0.7604324 0.7590325 0.7576251 0.7562060 0.7547816 0.7533519 0.7519180 0.7504836 0.7490632 0.7477126 0.7466008 0.7461223
 [61] 0.7466846 0.7459710 0.7446616 0.7432207 0.7417491 0.7402715 0.7388073 0.7374138 0.7362631 0.7357572 0.7363109 0.7357229
 [73] 0.7351827 0.7344830 0.7337673 0.7330419 0.7323212 0.7316342 0.7310759 0.7309253 0.7315304 0.7314859 0.7309174 0.7302158
 [85] 0.7294799 0.7287339 0.7279830 0.7272282 0.7264703 0.7257111 0.7249571 0.7242381 0.7236509 0.7234823 0.7240892 0.7236960
 [97] 0.7233109 0.7227673 0.7222074 0.7216352 0.7210572 0.7204735 0.7198857 0.7192957 0.7187089 0.7181488 0.7176945 0.7176013
[109] 0.7182222 0.7183139 0.7178884 0.7173267 0.7167289 0.7161223 0.7155178 0.7149404 0.7144707 0.7143693 0.7149960 0.7146206
[121] 0.7142524 0.7137287 0.7131916 0.7126391 0.7120732 0.7114940 0.7109055 0.7103122 0.7097208 0.7091549 0.7086929 0.7085936
[133] 0.7092275 0.7093394 0.7089168 0.7083521 0.7077496 0.7071376 0.7065272 0.7059429 0.7054646 0.7053565 0.7059968 0.7056099
[145] 0.7052497 0.7047547 0.7042573 0.7037347 0.7031740 0.7025767 0.7019559 0.7013244 0.7006927 0.7000866 0.6995879 0.6994670
[157] 0.7001140 0.7002198 0.6997645 0.6991597 0.6985148 0.6978597 0.6972060 0.6965790 0.6960618 0.6959307 0.6965843 0.6961960
[169] 0.6958893 0.6955127 0.6951651 0.6947637 0.6942561 0.6936525 0.6929941 0.6923136 0.6916300 0.6909725 0.6904274 0.6902797
[181] 0.6909412 0.6910344 0.6905355 0.6898784 0.6891788 0.6884683 0.6877592 0.6870780 0.6865120 0.6863525 0.6870206 0.6866567
[193] 0.6864858 0.6863859 0.6863839 0.6862662
> E21
  [1] 0.9226937 0.9185507 0.9149574 0.9117794 0.9088551 0.9045990 0.9003499 0.8961692 0.8922487 0.8890672 0.8874489 0.8878914
 [13] 0.8847139 0.8810006 0.8768342 0.8724816 0.8680849 0.8636765 0.8592749 0.8549424 0.8508749 0.8475606 0.8458404 0.8462221
 [25] 0.8456061 0.8460188 0.8463989 0.8425854 0.8381086 0.8335391 0.8289568 0.8243774 0.8198208 0.8153111 0.8108579 0.8064313
 [37] 0.8019666 0.7974101 0.7927594 0.7880481 0.7833096 0.7785741 0.7739099 0.7695219 0.7659198 0.7639797 0.7642301 0.7630069
 [49] 0.7618331 0.7604817 0.7591083 0.7577268 0.7563413 0.7549515 0.7535578 0.7521633 0.7507812 0.7494607 0.7483521 0.7478218
 [61] 0.7483021 0.7477593 0.7465079 0.7451021 0.7436662 0.7422273 0.7408016 0.7394389 0.7382921 0.7377338 0.7382046 0.7378822
 [73] 0.7374353 0.7368146 0.7361635 0.7355039 0.7348482 0.7342217 0.7337065 0.7335459 0.7340890 0.7341867 0.7337096 0.7330789
 [85] 0.7324097 0.7317307 0.7310476 0.7303613 0.7296725 0.7289825 0.7282973 0.7276419 0.7271005 0.7269232 0.7274681 0.7272615
 [97] 0.7269302 0.7264327 0.7259067 0.7253702 0.7248282 0.7242815 0.7237310 0.7231786 0.7226291 0.7221023 0.7216682 0.7215515
[109] 0.7221117 0.7223015 0.7219299 0.7214072 0.7208469 0.7202786 0.7197124 0.7191694 0.7187209 0.7185959 0.7191614 0.7189492
[121] 0.7186133 0.7181132 0.7175876 0.7170486 0.7164967 0.7159323 0.7153590 0.7147813 0.7142054 0.7136519 0.7131922 0.7130587
[133] 0.7136296 0.7138233 0.7134326 0.7128843 0.7122966 0.7117004 0.7111059 0.7105344 0.7100586 0.7099157 0.7104919 0.7102674
[145] 0.7099335 0.7094544 0.7089616 0.7084467 0.7078952 0.7073076 0.7066966 0.7060750 0.7054534 0.7048546 0.7043539 0.7041952
[157] 0.7047766 0.7049632 0.7045353 0.7039413 0.7033057 0.7026608 0.7020175 0.7013981 0.7008787 0.7007088 0.7012951 0.7010725
[169] 0.7007866 0.7004171 0.7000687 0.6996747 0.6991792 0.6985870 0.6979383 0.6972670 0.6965927 0.6959419 0.6953940 0.6952064
[181] 0.6957990 0.6959767 0.6955055 0.6948586 0.6941675 0.6934664 0.6927668 0.6920921 0.6915229 0.6913220 0.6919192 0.6917222
[193] 0.6915611 0.6914519 0.6914414 0.6913351
> E1.dif
  [1] 0.0007227033 0.0012092592 0.0014033072 0.0014340737 0.0014620240 0.0014829919 0.0014979618 0.0015010602 0.0014711543
 [10] 0.0013625032 0.0011540919 0.0010026061 0.0010679356 0.0011328557 0.0011666711 0.0011826705 0.0011998906 0.0012180448
 [19] 0.0012323993 0.0012350788 0.0012041342 0.0010928644 0.0008798211 0.0007248310 0.0009079614 0.0013256880 0.0012013532
 [28] 0.0013092350 0.0013308461 0.0013436766 0.0013614138 0.0013779751 0.0013912514 0.0014015620 0.0014120312 0.0014272698
 [37] 0.0014486498 0.0014720159 0.0014932262 0.0015126782 0.0015317149 0.0015480153 0.0015530275 0.0015232865 0.0014098308
 [46] 0.0011902019 0.0010306348 0.0016062610 0.0018049272 0.0019105143 0.0019556734 0.0020035287 0.0020501569 0.0020976553
 [55] 0.0021453246 0.0021924038 0.0022356633 0.0022621478 0.0022336895 0.0021092400 0.0019393654 0.0022205342 0.0022938570
 [64] 0.0023348786 0.0023782528 0.0024243070 0.0024679941 0.0024951552 0.0024665420 0.0023402394 0.0021676902 0.0027003641
 [73] 0.0028853541 0.0030280422 0.0031233103 0.0032205274 0.0033145131 0.0033974316 0.0034401579 0.0033913333 0.0032364890
 [82] 0.0035265877 0.0036704424 0.0037748299 0.0038726294 0.0039707222 0.0040698614 0.0041698429 0.0042704769 0.0043712159
 [91] 0.0044703703 0.0045577211 0.0046038275 0.0045559285 0.0043991882 0.0048191871 0.0049626603 0.0050805015 0.0051560737
[100] 0.0052345061 0.0053119248 0.0053903068 0.0054692316 0.0055482987 0.0056263214 0.0056941812 0.0057289951 0.0056749462
[109] 0.0055219242 0.0057577388 0.0058746339 0.0059604692 0.0060416002 0.0061227378 0.0062032022 0.0062734807 0.0063101035
[118] 0.0062561076 0.0061011670 0.0064623116 0.0065630974 0.0066395348 0.0066746559 0.0067134296 0.0067516594 0.0067906413
[127] 0.0068298985 0.0068692233 0.0069077797 0.0069373746 0.0069388638 0.0068620957 0.0067037333 0.0069028756 0.0069779476
[136] 0.0070223531 0.0070625027 0.0071027511 0.0071425161 0.0071731911 0.0071751467 0.0070971920 0.0069359286 0.0072841695
[145] 0.0073659850 0.0074202289 0.0074356976 0.0074579814 0.0074818707 0.0075057118 0.0075286618 0.0075511757 0.0075730297
[154] 0.0075864287 0.0075733912 0.0074856165 0.0073205529 0.0075120884 0.0075713731 0.0075985651 0.0076214080 0.0076443641
[163] 0.0076669144 0.0076807418 0.0076674415 0.0075777213 0.0074090112 0.0077585809 0.0078251792 0.0078568278 0.0078596593
[172] 0.0078800144 0.0079082971 0.0079333832 0.0079535606 0.0079716700 0.0079889705 0.0079977871 0.0079799116 0.0078859169
[181] 0.0077128459 0.0079097755 0.0079664218 0.0079891207 0.0080072008 0.0080253415 0.0080430433 0.0080518358 0.0080331363
[190] 0.0079365182 0.0077590306 0.0081088809 0.0081500217 0.0081453516 0.0081360364 0.0081680722
> E2.dif
  [1] 0.0006790657 0.0009381002 0.0009900610 0.0009915314 0.0010069106 0.0010240440 0.0010376482 0.0010438728 0.0010318524
 [10] 0.0009770433 0.0008648275 0.0007799586 0.0008233364 0.0008673914 0.0008926336 0.0009073505 0.0009228919 0.0009394673
 [19] 0.0009532793 0.0009595914 0.0009472325 0.0008911967 0.0007765882 0.0006898657 0.0008315368 0.0010301964 0.0009476416
 [28] 0.0010182592 0.0010258100 0.0010350013 0.0010506241 0.0010658603 0.0010784164 0.0010887474 0.0010991393 0.0011125723
 [37] 0.0011300531 0.0011492443 0.0011675955 0.0011851806 0.0012026358 0.0012182423 0.0012269423 0.0012164851 0.0011604612
 [46] 0.0010432003 0.0009545850 0.0013178146 0.0014006464 0.0014491418 0.0014831903 0.0015208204 0.0015597552 0.0015995747
 [55] 0.0016397323 0.0016797241 0.0017179888 0.0017480215 0.0017513655 0.0016994497 0.0016174940 0.0017882865 0.0018463277
 [64] 0.0018813865 0.0019170960 0.0019557373 0.0019943012 0.0020251198 0.0020289604 0.0019765893 0.0018936419 0.0021592599
 [73] 0.0022525388 0.0023315638 0.0023962071 0.0024619264 0.0025270647 0.0025874931 0.0026305958 0.0026205503 0.0025586297
 [82] 0.0027008286 0.0027922064 0.0028630450 0.0029297528 0.0029967597 0.0030645856 0.0031330923 0.0032021370 0.0032714393
 [91] 0.0033401825 0.0034038372 0.0034496625 0.0034409182 0.0033789198 0.0035654909 0.0036193721 0.0036653620 0.0036993203
[100] 0.0037349754 0.0037710971 0.0038079357 0.0038453005 0.0038829457 0.0039202146 0.0039534730 0.0039736765 0.0039501303
[109] 0.0038895358 0.0039876167 0.0040414600 0.0040805517 0.0041180088 0.0041562813 0.0041946253 0.0042290394 0.0042501674
[118] 0.0042266758 0.0041653958 0.0043285480 0.0043608977 0.0043845074 0.0043960553 0.0044095082 0.0044235605 0.0044382789
[127] 0.0044534986 0.0044690989 0.0044845923 0.0044969779 0.0044993537 0.0044650818 0.0044021147 0.0044838336 0.0045157374
[136] 0.0045321325 0.0045469751 0.0045627225 0.0045786850 0.0045915119 0.0045940782 0.0045592060 0.0044950332 0.0046575057
[145] 0.0046837845 0.0046996843 0.0047042065 0.0047119840 0.0047212597 0.0047309363 0.0047406522 0.0047506463 0.0047607195
[154] 0.0047680178 0.0047660265 0.0047281798 0.0046625273 0.0047434017 0.0047707415 0.0047816375 0.0047908912 0.0048010817
[163] 0.0048115371 0.0048190342 0.0048169133 0.0047781072 0.0047108926 0.0048765212 0.0048973617 0.0049044748 0.0049035430
[172] 0.0049109449 0.0049230332 0.0049345089 0.0049441754 0.0049534035 0.0049627489 0.0049693862 0.0049665909 0.0049266534
[181] 0.0048578839 0.0049423284 0.0049699956 0.0049802276 0.0049886723 0.0049980379 0.0050076324 0.0050141561 0.0050108278
[190] 0.0049694663 0.0048986652 0.0050655255 0.0050752587 0.0050659856 0.0050574542 0.0050688893
> SUM.E1E2
  [1] 0.001401769 0.002147359 0.002393368 0.002425605 0.002468935 0.002507036 0.002535610 0.002544933 0.002503007 0.002339547
 [11] 0.002018919 0.001782565 0.001891272 0.002000247 0.002059305 0.002090021 0.002122783 0.002157512 0.002185679 0.002194670
 [21] 0.002151367 0.001984061 0.001656409 0.001414697 0.001739498 0.002355884 0.002148995 0.002327494 0.002356656 0.002378678
 [31] 0.002412038 0.002443835 0.002469668 0.002490309 0.002511170 0.002539842 0.002578703 0.002621260 0.002660822 0.002697859
 [41] 0.002734351 0.002766258 0.002779970 0.002739772 0.002570292 0.002233402 0.001985220 0.002924076 0.003205574 0.003359656
 [51] 0.003438864 0.003524349 0.003609912 0.003697230 0.003785057 0.003872128 0.003953652 0.004010169 0.003985055 0.003808690
 [61] 0.003556859 0.004008821 0.004140185 0.004216265 0.004295349 0.004380044 0.004462295 0.004520275 0.004495502 0.004316829
 [71] 0.004061332 0.004859624 0.005137893 0.005359606 0.005519517 0.005682454 0.005841578 0.005984925 0.006070754 0.006011884
 [81] 0.005795119 0.006227416 0.006462649 0.006637875 0.006802382 0.006967482 0.007134447 0.007302935 0.007472614 0.007642655
 [91] 0.007810553 0.007961558 0.008053490 0.007996847 0.007778108 0.008384678 0.008582032 0.008745864 0.008855394 0.008969482
[101] 0.009083022 0.009198242 0.009314532 0.009431244 0.009546536 0.009647654 0.009702672 0.009625077 0.009411460 0.009745355
[111] 0.009916094 0.010041021 0.010159609 0.010279019 0.010397828 0.010502520 0.010560271 0.010482783 0.010266563 0.010790860
[121] 0.010923995 0.011024042 0.011070711 0.011122938 0.011175220 0.011228920 0.011283397 0.011338322 0.011392372 0.011434352
[131] 0.011438218 0.011327177 0.011105848 0.011386709 0.011493685 0.011554486 0.011609478 0.011665474 0.011721201 0.011764703
[141] 0.011769225 0.011656398 0.011430962 0.011941675 0.012049770 0.012119913 0.012139904 0.012169965 0.012203130 0.012236648
[151] 0.012269314 0.012301822 0.012333749 0.012354447 0.012339418 0.012213796 0.011983080 0.012255490 0.012342115 0.012380203
[161] 0.012412299 0.012445446 0.012478451 0.012499776 0.012484355 0.012355828 0.012119904 0.012635102 0.012722541 0.012761303
[171] 0.012763202 0.012790959 0.012831330 0.012867892 0.012897736 0.012925074 0.012951719 0.012967173 0.012946502 0.012812570
[181] 0.012570730 0.012852104 0.012936417 0.012969348 0.012995873 0.013023379 0.013050676 0.013065992 0.013043964 0.012905984
[191] 0.012657696 0.013174406 0.013225280 0.013211337 0.013193491 0.013236962
> int.hit.n <- c(1,2,3,4,5,6,16,36,76,116,156,length(av.hit.iter))
> int.hit.n
 [1]   1   2   3   4   5   6  16  36  76 116 156 196
> av.hit.iter[int.hit.n]
 [1] 0.68 0.71 0.74 0.75 0.76 0.83 0.88 0.91 0.99 1.00 1.00 1.00
> E11[int.hit.n]
 [1] 0.9219081 0.9180076 0.9145301 0.9114422 0.9085971 0.9043285 0.8722251 0.8067120 0.7416498 0.7276466 0.7138848 0.7023241
> E12[int.hit.n]
 [1] 0.9226308 0.9192168 0.9159334 0.9128763 0.9100591 0.9058115 0.8734078 0.8081393 0.7448704 0.7339201 0.7213704 0.7104922
> E22[int.hit.n]
 [1] 0.9220147 0.9176126 0.9139673 0.9107878 0.9078482 0.9035750 0.8715742 0.8053188 0.7330419 0.7149404 0.6994670 0.6862662
> E21[int.hit.n]
 [1] 0.9226937 0.9185507 0.9149574 0.9117794 0.9088551 0.9045990 0.8724816 0.8064313 0.7355039 0.7191694 0.7041952 0.6913351
> E1.dif[int.hit.n]
 [1] 0.0007227033 0.0012092592 0.0014033072 0.0014340737 0.0014620240 0.0014829919 0.0011826705 0.0014272698 0.0032205274
[10] 0.0062734807 0.0074856165 0.0081680722
> E2.dif[int.hit.n]
 [1] 0.0006790657 0.0009381002 0.0009900610 0.0009915314 0.0010069106 0.0010240440 0.0009073505 0.0011125723 0.0024619264
[10] 0.0042290394 0.0047281798 0.0050688893
> SUM.E1E2[int.hit.n]
 [1] 0.001401769 0.002147359 0.002393368 0.002425605 0.002468935 0.002507036 0.002090021 0.002539842 0.005682454 0.010502520
[11] 0.012213796 0.013236962
> round(E11[int.hit.n],digits=5)
 [1] 0.92191 0.91801 0.91453 0.91144 0.90860 0.90433 0.87223 0.80671 0.74165 0.72765 0.71388 0.70232
> round(E12[int.hit.n],digits=5)
 [1] 0.92263 0.91922 0.91593 0.91288 0.91006 0.90581 0.87341 0.80814 0.74487 0.73392 0.72137 0.71049
> round(E22[int.hit.n],digits=5)
 [1] 0.92201 0.91761 0.91397 0.91079 0.90785 0.90357 0.87157 0.80532 0.73304 0.71494 0.69947 0.68627
> round(E21[int.hit.n],digits=5)
 [1] 0.92269 0.91855 0.91496 0.91178 0.90886 0.90460 0.87248 0.80643 0.73550 0.71917 0.70420 0.69134
> round(E1.dif[int.hit.n],digits=5)
 [1] 0.00072 0.00121 0.00140 0.00143 0.00146 0.00148 0.00118 0.00143 0.00322 0.00627 0.00749 0.00817
> round(E2.dif[int.hit.n],digits=5)
 [1] 0.00068 0.00094 0.00099 0.00099 0.00101 0.00102 0.00091 0.00111 0.00246 0.00423 0.00473 0.00507
> round(SUM.E1E2[int.hit.n],digits=5)
 [1] 0.00140 0.00215 0.00239 0.00243 0.00247 0.00251 0.00209 0.00254 0.00568 0.01050 0.01221 0.01324
> ##########################################################
> sel.iter <- c(1,2,3,4,5,6,16,26,36,46)
> av.hit.iter[sel.iter]
 [1] 0.68 0.71 0.74 0.75 0.76 0.83 0.88 0.86 0.91 0.90
> E11[sel.iter]
 [1] 0.9219081 0.9180076 0.9145301 0.9114422 0.9085971 0.9043285 0.8722251 0.8458425 0.8067120 0.7642405
> E12[sel.iter]
 [1] 0.9226308 0.9192168 0.9159334 0.9128763 0.9100591 0.9058115 0.8734078 0.8471682 0.8081393 0.7654307
> E22[sel.iter]
 [1] 0.9220147 0.9176126 0.9139673 0.9107878 0.9078482 0.9035750 0.8715742 0.8449886 0.8053188 0.7629365
> E21[sel.iter]
 [1] 0.9226937 0.9185507 0.9149574 0.9117794 0.9088551 0.9045990 0.8724816 0.8460188 0.8064313 0.7639797
> E1.dif[sel.iter]
 [1] 0.0007227033 0.0012092592 0.0014033072 0.0014340737 0.0014620240 0.0014829919 0.0011826705 0.0013256880 0.0014272698
[10] 0.0011902019
> E2.dif[sel.iter]
 [1] 0.0006790657 0.0009381002 0.0009900610 0.0009915314 0.0010069106 0.0010240440 0.0009073505 0.0010301964 0.0011125723
[10] 0.0010432003
> SUM.E1E2[sel.iter]
 [1] 0.001401769 0.002147359 0.002393368 0.002425605 0.002468935 0.002507036 0.002090021 0.002355884 0.002539842 0.002233402
> round(av.hit.iter[sel.iter],digits=5)
 [1] 0.68 0.71 0.74 0.75 0.76 0.83 0.88 0.86 0.91 0.90
> round(E11[sel.iter],digits=5)
 [1] 0.92191 0.91801 0.91453 0.91144 0.90860 0.90433 0.87223 0.84584 0.80671 0.76424
> round(E12[sel.iter],digits=5)
 [1] 0.92263 0.91922 0.91593 0.91288 0.91006 0.90581 0.87341 0.84717 0.80814 0.76543
> round(E22[sel.iter],digits=5)
 [1] 0.92201 0.91761 0.91397 0.91079 0.90785 0.90357 0.87157 0.84499 0.80532 0.76294
> round(E21[sel.iter],digits=5)
 [1] 0.92269 0.91855 0.91496 0.91178 0.90886 0.90460 0.87248 0.84602 0.80643 0.76398
> round(E1.dif[sel.iter],digits=5)
 [1] 0.00072 0.00121 0.00140 0.00143 0.00146 0.00148 0.00118 0.00133 0.00143 0.00119
> round(E2.dif[sel.iter],digits=5)
 [1] 0.00068 0.00094 0.00099 0.00099 0.00101 0.00102 0.00091 0.00103 0.00111 0.00104
> round(SUM.E1E2[sel.iter],digits=5)
 [1] 0.00140 0.00215 0.00239 0.00243 0.00247 0.00251 0.00209 0.00236 0.00254 0.00223
> length(CRIT.vec)
[1] 200
> CRIT.vec <- CRIT.vec[1:nrow(xstart)]
> length(CRIT.vec)
[1] 200
> CRIT.vec
  [1] 4.343433e-06 4.343433e-06 4.343433e-06 4.343433e-06 1.122745e-02 1.043003e-01 1.856282e-01 2.121984e-01 2.180343e-01
 [10] 2.181772e-01 2.184218e-01 2.184680e-01 2.184765e-01 2.184781e-01 2.184783e-01 2.184784e-01 2.176358e-01 2.166597e-01
 [19] 2.183209e-01 2.187862e-01 2.185570e-01 2.184875e-01 2.184788e-01 2.184783e-01 2.184784e-01 2.184784e-01 2.184784e-01
 [28] 2.184784e-01 3.328185e-02 2.657081e-01 2.110042e-01 1.962700e-01 2.153827e-01 2.185041e-01 2.185383e-01 2.185518e-01
 [37] 2.185937e-01 2.186473e-01 2.186846e-01 2.186673e-01 2.186055e-01 2.185809e-01 2.185953e-01 2.185710e-01 2.185245e-01
 [46] 2.184977e-01 2.184882e-01 2.184843e-01 2.184819e-01 2.184802e-01 2.184792e-01 9.105254e-02 2.518570e-01 3.031910e-01
 [55] 3.141649e-01 3.161870e-01 3.165423e-01 3.166027e-01 3.166122e-01 3.166125e-01 3.166099e-01 3.165978e-01 3.165896e-01
 [64] 3.170043e-01 3.349148e-01 2.753205e-01 3.159998e-01 3.169370e-01 3.167183e-01 3.166381e-01 3.166156e-01 3.165989e-01
 [73] 3.165898e-01 3.170043e-01 3.349149e-01 1.933730e-01 3.301052e-01 3.677225e-01 3.759441e-01 3.774488e-01 3.777178e-01
 [82] 3.777368e-01 3.775668e-01 3.770352e-01 4.137468e-01 3.462235e-01 3.766340e-01 3.778304e-01 3.778282e-01 3.777999e-01
 [91] 3.777898e-01 3.777859e-01 3.777836e-01 3.777811e-01 3.777763e-01 3.777472e-01 3.775686e-01 3.770355e-01 4.137468e-01
[100] 2.467854e-01 3.681934e-01 4.022483e-01 4.099234e-01 4.113363e-01 4.115944e-01 4.116370e-01 4.116414e-01 4.116386e-01
[109] 4.116307e-01 4.116086e-01 4.114515e-01 4.124830e-01 4.446152e-01 3.845540e-01 4.107983e-01 4.117194e-01 4.116812e-01
[118] 4.116486e-01 4.116326e-01 4.116089e-01 4.114515e-01 4.124831e-01 4.446153e-01 2.644880e-01 3.817489e-01 4.150799e-01
[127] 4.226559e-01 4.240483e-01 4.243003e-01 4.243402e-01 4.243416e-01 4.243358e-01 4.243265e-01 4.243105e-01 4.241723e-01
[136] 4.253645e-01 4.524348e-01 3.976500e-01 4.235512e-01 4.244251e-01 4.243764e-01 4.243424e-01 4.243270e-01 4.243105e-01
[145] 4.241724e-01 4.253648e-01 4.524351e-01 2.692107e-01 3.855378e-01 4.187525e-01 4.262933e-01 4.276572e-01 4.278929e-01
[154] 4.279358e-01 4.279382e-01 4.279289e-01 4.279165e-01 4.278984e-01 4.277529e-01 4.288212e-01 4.540743e-01 4.011877e-01
[163] 4.271484e-01 4.280158e-01 4.279645e-01 4.279302e-01 4.279152e-01 4.278982e-01 4.277536e-01 4.288222e-01 4.540754e-01
[172] 2.704201e-01 3.866343e-01 4.199369e-01 4.273889e-01 4.285846e-01 4.287407e-01 4.288280e-01 4.288598e-01 4.288502e-01
[181] 4.288330e-01 4.288120e-01 4.286608e-01 4.296533e-01 4.544048e-01 4.020619e-01 4.280635e-01 4.289308e-01 4.288789e-01
[190] 4.288449e-01 4.288303e-01 4.288129e-01 4.286634e-01 4.296563e-01 4.544078e-01 2.708679e-01 3.874063e-01 4.212429e-01
[199] 4.284632e-01 4.287596e-01
> xstart
          Var1       Var2
508  2.9166667  8.3333333
590  5.8333333  9.5833333
124  9.5833333  1.6666667
235  3.7500000  3.7500000
509  3.3333333  8.3333333
510  3.7500000  8.3333333
511  4.1666667  8.3333333
512  4.5833333  8.3333333
513  5.0000000  8.3333333
507  2.5000000  8.3333333
506  2.0833333  8.3333333
505  1.6666667  8.3333333
504  1.2500000  8.3333333
503  0.8333333  8.3333333
502  0.4166667  8.3333333
501  0.0000000  8.3333333
514  5.4166667  8.3333333
515  5.8333333  8.3333333
516  6.2500000  8.3333333
517  6.6666667  8.3333333
518  7.0833333  8.3333333
519  7.5000000  8.3333333
520  7.9166667  8.3333333
521  8.3333333  8.3333333
522  8.7500000  8.3333333
523  9.1666667  8.3333333
524  9.5833333  8.3333333
525 10.0000000  8.3333333
565  5.8333333  9.1666667
540  5.8333333  8.7500000
615  5.8333333 10.0000000
490  5.8333333  7.9166667
465  5.8333333  7.5000000
440  5.8333333  7.0833333
415  5.8333333  6.6666667
390  5.8333333  6.2500000
365  5.8333333  5.8333333
340  5.8333333  5.4166667
315  5.8333333  5.0000000
290  5.8333333  4.5833333
265  5.8333333  4.1666667
240  5.8333333  3.7500000
215  5.8333333  3.3333333
190  5.8333333  2.9166667
165  5.8333333  2.5000000
140  5.8333333  2.0833333
115  5.8333333  1.6666667
90   5.8333333  1.2500000
65   5.8333333  0.8333333
40   5.8333333  0.4166667
15   5.8333333  0.0000000
489  5.4166667  7.9166667
488  5.0000000  7.9166667
487  4.5833333  7.9166667
486  4.1666667  7.9166667
485  3.7500000  7.9166667
484  3.3333333  7.9166667
483  2.9166667  7.9166667
482  2.5000000  7.9166667
481  2.0833333  7.9166667
480  1.6666667  7.9166667
479  1.2500000  7.9166667
478  0.8333333  7.9166667
477  0.4166667  7.9166667
476  0.0000000  7.9166667
491  6.2500000  7.9166667
492  6.6666667  7.9166667
493  7.0833333  7.9166667
494  7.5000000  7.9166667
495  7.9166667  7.9166667
496  8.3333333  7.9166667
497  8.7500000  7.9166667
498  9.1666667  7.9166667
499  9.5833333  7.9166667
500 10.0000000  7.9166667
466  6.2500000  7.5000000
467  6.6666667  7.5000000
468  7.0833333  7.5000000
469  7.5000000  7.5000000
470  7.9166667  7.5000000
471  8.3333333  7.5000000
472  8.7500000  7.5000000
473  9.1666667  7.5000000
474  9.5833333  7.5000000
475 10.0000000  7.5000000
464  5.4166667  7.5000000
463  5.0000000  7.5000000
462  4.5833333  7.5000000
461  4.1666667  7.5000000
460  3.7500000  7.5000000
459  3.3333333  7.5000000
458  2.9166667  7.5000000
457  2.5000000  7.5000000
456  2.0833333  7.5000000
455  1.6666667  7.5000000
454  1.2500000  7.5000000
453  0.8333333  7.5000000
452  0.4166667  7.5000000
451  0.0000000  7.5000000
439  5.4166667  7.0833333
438  5.0000000  7.0833333
437  4.5833333  7.0833333
436  4.1666667  7.0833333
435  3.7500000  7.0833333
434  3.3333333  7.0833333
433  2.9166667  7.0833333
432  2.5000000  7.0833333
431  2.0833333  7.0833333
430  1.6666667  7.0833333
429  1.2500000  7.0833333
428  0.8333333  7.0833333
427  0.4166667  7.0833333
426  0.0000000  7.0833333
441  6.2500000  7.0833333
442  6.6666667  7.0833333
443  7.0833333  7.0833333
444  7.5000000  7.0833333
445  7.9166667  7.0833333
446  8.3333333  7.0833333
447  8.7500000  7.0833333
448  9.1666667  7.0833333
449  9.5833333  7.0833333
450 10.0000000  7.0833333
414  5.4166667  6.6666667
413  5.0000000  6.6666667
412  4.5833333  6.6666667
411  4.1666667  6.6666667
410  3.7500000  6.6666667
409  3.3333333  6.6666667
408  2.9166667  6.6666667
407  2.5000000  6.6666667
406  2.0833333  6.6666667
405  1.6666667  6.6666667
404  1.2500000  6.6666667
403  0.8333333  6.6666667
402  0.4166667  6.6666667
401  0.0000000  6.6666667
416  6.2500000  6.6666667
417  6.6666667  6.6666667
418  7.0833333  6.6666667
419  7.5000000  6.6666667
420  7.9166667  6.6666667
421  8.3333333  6.6666667
422  8.7500000  6.6666667
423  9.1666667  6.6666667
424  9.5833333  6.6666667
425 10.0000000  6.6666667
389  5.4166667  6.2500000
388  5.0000000  6.2500000
387  4.5833333  6.2500000
386  4.1666667  6.2500000
385  3.7500000  6.2500000
384  3.3333333  6.2500000
383  2.9166667  6.2500000
382  2.5000000  6.2500000
381  2.0833333  6.2500000
380  1.6666667  6.2500000
379  1.2500000  6.2500000
378  0.8333333  6.2500000
377  0.4166667  6.2500000
376  0.0000000  6.2500000
391  6.2500000  6.2500000
392  6.6666667  6.2500000
393  7.0833333  6.2500000
394  7.5000000  6.2500000
395  7.9166667  6.2500000
396  8.3333333  6.2500000
397  8.7500000  6.2500000
398  9.1666667  6.2500000
399  9.5833333  6.2500000
400 10.0000000  6.2500000
364  5.4166667  5.8333333
363  5.0000000  5.8333333
362  4.5833333  5.8333333
361  4.1666667  5.8333333
360  3.7500000  5.8333333
359  3.3333333  5.8333333
358  2.9166667  5.8333333
357  2.5000000  5.8333333
356  2.0833333  5.8333333
355  1.6666667  5.8333333
354  1.2500000  5.8333333
353  0.8333333  5.8333333
352  0.4166667  5.8333333
351  0.0000000  5.8333333
366  6.2500000  5.8333333
367  6.6666667  5.8333333
368  7.0833333  5.8333333
369  7.5000000  5.8333333
370  7.9166667  5.8333333
371  8.3333333  5.8333333
372  8.7500000  5.8333333
373  9.1666667  5.8333333
374  9.5833333  5.8333333
375 10.0000000  5.8333333
339  5.4166667  5.4166667
338  5.0000000  5.4166667
337  4.5833333  5.4166667
336  4.1666667  5.4166667
335  3.7500000  5.4166667
> 