user   system  elapsed 
12126.84    20.15 12188.28 
> as.numeric(row.names(xstart))
  [1] 1873 1665 1561 1509 1457 1405 1353 1301 1197 1250 1198 1458 1510 1718 1770 1251 1148 1095 1303 1355 1201 1351 1455 1460 1559 1403 1507
 [28] 1299 1611 1195 1663 1512 1564 1715 1616 1767 1668 1408 1410 1463 1566 1360 1819 1720 1609 1453 1765 1400 1297 1659 1503 1606 1305 1868
 [55] 1871 1815 1762 1709 1661 1772 1713 1516 1413 1462 1205 1258 1099 1046 1311 1253 1514 1415 1518 1308 1255 1618 1361 1358 1156 1103 1209
 [82] 1313  997 1151 1149 1153 1206 1465 1259 1363 1211 1107 1054 1001 1417 1315 1570 1261 1613 1666 1157 1104 1109 1213 1005  952  899 1051
[109] 1159 1049 1356 1203 1568 1467 1365 1469 1368 1263 1266 1161 1057 1101 1614 1055 1002 1717 1407 1306 1409 1411 1309 1256 1557 1207 1059
[136] 1112 1505  956  903  850 1307 1154 1009 1164 1464 1362  999 1105  953  895  846  944  797 1047  993  949 1093 1096  900 1260  947 1511
[163] 1052 1152 1254 1354 1252 1359 1357 1257 1461 1565 1563 1466 1622 1521 1723 1824 1367 1420 1265 1319 1216 1111 1062 1007 1158 1364 1262
[190] 1310 1412 1519 1670 1620 1567 1115 1218 1214 1456 1671
> setdiff(1:N,as.numeric(row.names(xstart)))
   [1]    1    2    3    4    5    6    7    8    9   10   11   12   13   14   15   16   17   18   19   20   21   22   23   24   25   26
  [27]   27   28   29   30   31   32   33   34   35   36   37   38   39   40   41   42   43   44   45   46   47   48   49   50   51   52
  [53]   53   54   55   56   57   58   59   60   61   62   63   64   65   66   67   68   69   70   71   72   73   74   75   76   77   78
  [79]   79   80   81   82   83   84   85   86   87   88   89   90   91   92   93   94   95   96   97   98   99  100  101  102  103  104
 [105]  105  106  107  108  109  110  111  112  113  114  115  116  117  118  119  120  121  122  123  124  125  126  127  128  129  130
 [131]  131  132  133  134  135  136  137  138  139  140  141  142  143  144  145  146  147  148  149  150  151  152  153  154  155  156
 [157]  157  158  159  160  161  162  163  164  165  166  167  168  169  170  171  172  173  174  175  176  177  178  179  180  181  182
 [183]  183  184  185  186  187  188  189  190  191  192  193  194  195  196  197  198  199  200  201  202  203  204  205  206  207  208
 [209]  209  210  211  212  213  214  215  216  217  218  219  220  221  222  223  224  225  226  227  228  229  230  231  232  233  234
 [235]  235  236  237  238  239  240  241  242  243  244  245  246  247  248  249  250  251  252  253  254  255  256  257  258  259  260
 [261]  261  262  263  264  265  266  267  268  269  270  271  272  273  274  275  276  277  278  279  280  281  282  283  284  285  286
 [287]  287  288  289  290  291  292  293  294  295  296  297  298  299  300  301  302  303  304  305  306  307  308  309  310  311  312
 [313]  313  314  315  316  317  318  319  320  321  322  323  324  325  326  327  328  329  330  331  332  333  334  335  336  337  338
 [339]  339  340  341  342  343  344  345  346  347  348  349  350  351  352  353  354  355  356  357  358  359  360  361  362  363  364
 [365]  365  366  367  368  369  370  371  372  373  374  375  376  377  378  379  380  381  382  383  384  385  386  387  388  389  390
 [391]  391  392  393  394  395  396  397  398  399  400  401  402  403  404  405  406  407  408  409  410  411  412  413  414  415  416
 [417]  417  418  419  420  421  422  423  424  425  426  427  428  429  430  431  432  433  434  435  436  437  438  439  440  441  442
 [443]  443  444  445  446  447  448  449  450  451  452  453  454  455  456  457  458  459  460  461  462  463  464  465  466  467  468
 [469]  469  470  471  472  473  474  475  476  477  478  479  480  481  482  483  484  485  486  487  488  489  490  491  492  493  494
 [495]  495  496  497  498  499  500  501  502  503  504  505  506  507  508  509  510  511  512  513  514  515  516  517  518  519  520
 [521]  521  522  523  524  525  526  527  528  529  530  531  532  533  534  535  536  537  538  539  540  541  542  543  544  545  546
 [547]  547  548  549  550  551  552  553  554  555  556  557  558  559  560  561  562  563  564  565  566  567  568  569  570  571  572
 [573]  573  574  575  576  577  578  579  580  581  582  583  584  585  586  587  588  589  590  591  592  593  594  595  596  597  598
 [599]  599  600  601  602  603  604  605  606  607  608  609  610  611  612  613  614  615  616  617  618  619  620  621  622  623  624
 [625]  625  626  627  628  629  630  631  632  633  634  635  636  637  638  639  640  641  642  643  644  645  646  647  648  649  650
 [651]  651  652  653  654  655  656  657  658  659  660  661  662  663  664  665  666  667  668  669  670  671  672  673  674  675  676
 [677]  677  678  679  680  681  682  683  684  685  686  687  688  689  690  691  692  693  694  695  696  697  698  699  700  701  702
 [703]  703  704  705  706  707  708  709  710  711  712  713  714  715  716  717  718  719  720  721  722  723  724  725  726  727  728
 [729]  729  730  731  732  733  734  735  736  737  738  739  740  741  742  743  744  745  746  747  748  749  750  751  752  753  754
 [755]  755  756  757  758  759  760  761  762  763  764  765  766  767  768  769  770  771  772  773  774  775  776  777  778  779  780
 [781]  781  782  783  784  785  786  787  788  789  790  791  792  793  794  795  796  798  799  800  801  802  803  804  805  806  807
 [807]  808  809  810  811  812  813  814  815  816  817  818  819  820  821  822  823  824  825  826  827  828  829  830  831  832  833
 [833]  834  835  836  837  838  839  840  841  842  843  844  845  847  848  849  851  852  853  854  855  856  857  858  859  860  861
 [859]  862  863  864  865  866  867  868  869  870  871  872  873  874  875  876  877  878  879  880  881  882  883  884  885  886  887
 [885]  888  889  890  891  892  893  894  896  897  898  901  902  904  905  906  907  908  909  910  911  912  913  914  915  916  917
 [911]  918  919  920  921  922  923  924  925  926  927  928  929  930  931  932  933  934  935  936  937  938  939  940  941  942  943
 [937]  945  946  948  950  951  954  955  957  958  959  960  961  962  963  964  965  966  967  968  969  970  971  972  973  974  975
 [963]  976  977  978  979  980  981  982  983  984  985  986  987  988  989  990  991  992  994  995  996  998 1000 1003 1004 1006 1008
 [989] 1010 1011 1012 1013 1014 1015 1016 1017 1018 1019 1020 1021
 [ reached getOption("max.print") -- omitted 1401 entries ]
> s.all <- sort(c(as.numeric(row.names(xstart)),setdiff(1:N,as.numeric(row.names(xstart)))))
> s.all2 <- sort(c(as.numeric(row.names(xstart)),as.numeric(row.names(xcan))))
> all.equal(1:N,s.all)
[1] TRUE
> all.equal(1:N,s.all2)
[1] TRUE
> 
> nrow(xstart)
[1] 200
> nrow(xstart)-n1 
[1] 196
> nleft
[1] 196
> 
> 
> E11 <- E11[1:(nrow(xstart)-n1)]
> E12 <- E12[1:(nrow(xstart)-n1)]
> E22 <- E22[1:(nrow(xstart)-n1)]
> E21 <- E21[1:(nrow(xstart)-n1)]
> E1.dif <- E1.dif[1:(nrow(xstart)-n1)]
> E2.dif <- E2.dif[1:(nrow(xstart)-n1)]
> SUM.E1E2 <- SUM.E1E2[1:(nrow(xstart)-n1)]
> 
> 
> int.hit.n <- c(1,2,3,4,5,6,16,36,76,116,nrow(xstart)-n1)
> int.hit.n
 [1]   1   2   3   4   5   6  16  36  76 116 196
> 
> E11[int.hit.n]
 [1] 0.9749645 0.9713194 0.9716247 0.9679612 0.9642871 0.9606059 0.9195875 0.8488596 0.7916842 0.8208519 0.7970287
> E12[int.hit.n]
 [1] 0.9763976 0.9727901 0.9730841 0.9694363 0.9657775 0.9621121 0.9212956 0.8508433 0.7982036 0.8353665 0.8151374
> E22[int.hit.n]
 [1] 0.9736397 0.9699897 0.9703356 0.9666768 0.9630122 0.9593434 0.9184591 0.8479980 0.7776104 0.8075693 0.7813197
> E21[int.hit.n]
 [1] 0.9742616 0.9706253 0.9709652 0.9673194 0.9636687 0.9600144 0.9193087 0.8491186 0.7814541 0.8134558 0.7882259
> E1.dif[int.hit.n]
 [1] 0.001433108 0.001470644 0.001459421 0.001475065 0.001490438 0.001506210 0.001708088 0.001983748 0.006519365 0.014514660 0.018108729
> E2.dif[int.hit.n]
 [1] 0.0006218435 0.0006356199 0.0006295866 0.0006426369 0.0006564994 0.0006710227 0.0008495884 0.0011206366 0.0038436870 0.0058864362
[11] 0.0069061498
> SUM.E1E2[int.hit.n]
 [1] 0.002054952 0.002106264 0.002089008 0.002117702 0.002146937 0.002177232 0.002557676 0.003104385 0.010363052 0.020401096 0.025014879
> 
> round(E11[int.hit.n],digits=5)
 [1] 0.97496 0.97132 0.97162 0.96796 0.96429 0.96061 0.91959 0.84886 0.79168 0.82085 0.79703
> round(E12[int.hit.n],digits=5)
 [1] 0.97640 0.97279 0.97308 0.96944 0.96578 0.96211 0.92130 0.85084 0.79820 0.83537 0.81514
> round(E22[int.hit.n],digits=5)
 [1] 0.97364 0.96999 0.97034 0.96668 0.96301 0.95934 0.91846 0.84800 0.77761 0.80757 0.78132
> round(E21[int.hit.n],digits=5)
 [1] 0.97426 0.97063 0.97097 0.96732 0.96367 0.96001 0.91931 0.84912 0.78145 0.81346 0.78823
> round(E1.dif[int.hit.n],digits=5)
 [1] 0.00143 0.00147 0.00146 0.00148 0.00149 0.00151 0.00171 0.00198 0.00652 0.01451 0.01811
> round(E2.dif[int.hit.n],digits=5)
 [1] 0.00062 0.00064 0.00063 0.00064 0.00066 0.00067 0.00085 0.00112 0.00384 0.00589 0.00691
> round(SUM.E1E2[int.hit.n],digits=5)
 [1] 0.00205 0.00211 0.00209 0.00212 0.00215 0.00218 0.00256 0.00310 0.01036 0.02040 0.02501
> ##########################################################
> sel.iter <- c(1,2,3,4,5,6,16,26,36,46)
> 
> E11[sel.iter]
 [1] 0.9749645 0.9713194 0.9716247 0.9679612 0.9642871 0.9606059 0.9195875 0.8862851 0.8488596 0.8250565
> E12[sel.iter]
 [1] 0.9763976 0.9727901 0.9730841 0.9694363 0.9657775 0.9621121 0.9212956 0.8881310 0.8508433 0.8257332
> E22[sel.iter]
 [1] 0.9736397 0.9699897 0.9703356 0.9666768 0.9630122 0.9593434 0.9184591 0.8853461 0.8479980 0.8248823
> E21[sel.iter]
 [1] 0.9742616 0.9706253 0.9709652 0.9673194 0.9636687 0.9600144 0.9193087 0.8863328 0.8491186 0.8255068
> E1.dif[sel.iter]
 [1] 0.0014331084 0.0014706438 0.0014594214 0.0014750649 0.0014904379 0.0015062097 0.0017080878 0.0018459220 0.0019837484 0.0006767816
> E2.dif[sel.iter]
 [1] 0.0006218435 0.0006356199 0.0006295866 0.0006426369 0.0006564994 0.0006710227 0.0008495884 0.0009866870 0.0011206366 0.0006245580
> SUM.E1E2[sel.iter]
 [1] 0.002054952 0.002106264 0.002089008 0.002117702 0.002146937 0.002177232 0.002557676 0.002832609 0.003104385 0.001301340
> 
> 
> round(E11[sel.iter],digits=5)
 [1] 0.97496 0.97132 0.97162 0.96796 0.96429 0.96061 0.91959 0.88629 0.84886 0.82506
> round(E12[sel.iter],digits=5)
 [1] 0.97640 0.97279 0.97308 0.96944 0.96578 0.96211 0.92130 0.88813 0.85084 0.82573
> round(E22[sel.iter],digits=5)
 [1] 0.97364 0.96999 0.97034 0.96668 0.96301 0.95934 0.91846 0.88535 0.84800 0.82488
> round(E21[sel.iter],digits=5)
 [1] 0.97426 0.97063 0.97097 0.96732 0.96367 0.96001 0.91931 0.88633 0.84912 0.82551
> round(E1.dif[sel.iter],digits=5)
 [1] 0.00143 0.00147 0.00146 0.00148 0.00149 0.00151 0.00171 0.00185 0.00198 0.00068
> round(E2.dif[sel.iter],digits=5)
 [1] 0.00062 0.00064 0.00063 0.00064 0.00066 0.00067 0.00085 0.00099 0.00112 0.00062
> round(SUM.E1E2[sel.iter],digits=5)
 [1] 0.00205 0.00211 0.00209 0.00212 0.00215 0.00218 0.00256 0.00283 0.00310 0.00130
> ##########################################################
> 
> length(CRIT.vec)
[1] 200
> CRIT.vec <- CRIT.vec[1:nrow(xstart)]
> length(CRIT.vec)
[1] 200
> CRIT.vec
  [1] 5.835332e-13 5.835332e-13 5.835332e-13 5.835332e-13 1.016484e-02 1.392638e-02 1.782978e-02 2.182134e-02 2.586462e-02 2.993662e-02
 [11] 3.402382e-02 3.811875e-02 4.221749e-02 4.631807e-02 5.041952e-02 5.452137e-02 5.862340e-02 6.272552e-02 6.682768e-02 7.092985e-02
 [21] 7.503204e-02 7.913422e-02 8.323641e-02 8.733860e-02 9.144079e-02 9.554298e-02 9.964517e-02 1.037474e-01 1.078496e-01 1.119517e-01
 [31] 1.160539e-01 1.201561e-01 1.242583e-01 1.283605e-01 1.324627e-01 1.365649e-01 1.406671e-01 1.447693e-01 1.488715e-01 1.529736e-01
 [41] 1.570758e-01 1.611780e-01 1.652802e-01 1.693824e-01 1.734846e-01 1.775868e-01 1.816890e-01 1.857912e-01 1.898934e-01 1.939955e-01
 [51] 1.980977e-01 2.003675e-01 2.042689e-01 2.162992e-01 2.206564e-01 2.249934e-01 2.293506e-01 2.336877e-01 2.380449e-01 2.423819e-01
 [61] 2.467391e-01 2.510762e-01 2.554334e-01 2.597704e-01 2.641276e-01 2.684646e-01 2.728218e-01 2.771589e-01 2.815161e-01 2.858531e-01
 [71] 2.902103e-01 2.945474e-01 2.989046e-01 3.032416e-01 3.075988e-01 3.119358e-01 3.162931e-01 3.206301e-01 3.249873e-01 3.293243e-01
 [81] 3.336815e-01 3.380186e-01 3.423758e-01 3.467128e-01 3.510700e-01 3.554071e-01 3.597643e-01 3.641013e-01 3.684585e-01 3.727955e-01
 [91] 3.771326e-01 3.814898e-01 3.858268e-01 3.901840e-01 3.945211e-01 3.988134e-01 4.031058e-01 4.072166e-01 4.113274e-01 4.151625e-01
[101] 5.366844e-01 5.460249e-01 5.534763e-01 5.664741e-01 5.729921e-01 5.793572e-01 5.861912e-01 5.931924e-01 5.996164e-01 6.061899e-01
[111] 6.127637e-01 6.193009e-01 6.257474e-01 6.321166e-01 6.384678e-01 6.448221e-01 6.517609e-01 6.581572e-01 6.649000e-01 6.715199e-01
[121] 6.780525e-01 6.845962e-01 6.910969e-01 6.975141e-01 7.044479e-01 7.113596e-01 7.178977e-01 7.244328e-01 7.318208e-01 7.383553e-01
[131] 7.448412e-01 7.513019e-01 7.577342e-01 7.641558e-01 7.705927e-01 7.770506e-01 7.835335e-01 7.899905e-01 7.963876e-01 8.028244e-01
[141] 8.092620e-01 8.171792e-01 8.239470e-01 8.304175e-01 8.368962e-01 8.433275e-01 8.498936e-01 8.563241e-01 8.627873e-01 8.692305e-01
[151] 8.757256e-01 8.821779e-01 8.886316e-01 8.950753e-01 9.015636e-01 9.080008e-01 9.144356e-01 9.208747e-01 9.273472e-01 9.338055e-01
[161] 9.403001e-01 9.467628e-01 9.555028e-01 9.620469e-01 9.689204e-01 9.754317e-01 9.819526e-01 9.885226e-01 9.950683e-01 1.001659e+00
[171] 1.008145e+00 1.014636e+00 1.021138e+00 1.027643e+00 1.034137e+00 1.040681e+00 1.047214e+00 1.053729e+00 1.060444e+00 1.066964e+00
[181] 1.073470e+00 1.079974e+00 1.086492e+00 1.093012e+00 1.099575e+00 1.107475e+00 1.114516e+00 1.121140e+00 1.127773e+00 1.134393e+00
[191] 1.140996e+00 1.147624e+00 1.154265e+00 1.160844e+00 1.167439e+00 1.174531e+00 1.181123e+00 1.187815e+00 1.194406e+00 1.201001e+00
> xstart
     Var1 Var2
1873  7.2  7.2
1665  6.4  6.4
1561  6.0  6.0
1509  5.8  5.8
1457  5.6  5.6
1405  5.4  5.4
1353  5.2  5.2
1301  5.0  5.0
1197  4.6  4.6
1250  5.0  4.8
1198  4.8  4.6
1458  5.8  5.6
1510  6.0  5.8
1718  6.8  6.6
1770  7.0  6.8
1251  5.2  4.8
1148  5.0  4.4
1095  4.6  4.2
1303  5.4  5.0
1355  5.6  5.2
1201  5.4  4.6
1351  4.8  5.2
1455  5.2  5.6
1460  6.2  5.6
1559  5.6  6.0
1403  5.0  5.4
1507  5.4  5.8
1299  4.6  5.0
1611  5.8  6.2
1195  4.2  4.6
1663  6.0  6.4
1512  6.4  5.8
1564  6.6  6.0
1715  6.2  6.6
1616  6.8  6.2
1767  6.4  6.8
1668  7.0  6.4
1408  6.0  5.4
1410  6.4  5.4
1463  6.8  5.6
1566  7.0  6.0
1360  6.6  5.2
1819  6.6  7.0
1720  7.2  6.6
1609  5.4  6.2
1453  4.8  5.6
1765  6.0  6.8
1400  4.4  5.4
1297  4.2  5.0
1659  5.2  6.4
1503  4.6  5.8
1606  4.8  6.2
1305  5.8  5.0
1868  6.2  7.2
1871  6.8  7.2
1815  5.8  7.0
1762  5.4  6.8
1709  5.0  6.6
1661  5.6  6.4
1772  7.4  6.8
1713  5.8  6.6
1516  7.2  5.8
1413  7.0  5.4
1462  6.6  5.6
1205  6.2  4.6
1258  6.6  4.8
1099  5.4  4.2
1046  5.0  4.0
1311  7.0  5.0
1253  5.6  4.8
1514  6.8  5.8
1415  7.4  5.4
1518  7.6  5.8
1308  6.4  5.0
1255  6.0  4.8
1618  7.2  6.2
1361  6.8  5.2
1358  6.2  5.2
1156  6.6  4.4
1103  6.2  4.2
1209  7.0  4.6
1313  7.4  5.0
997   5.4  3.8
1151  5.6  4.4
1149  5.2  4.4
1153  6.0  4.4
1206  6.4  4.6
1465  7.2  5.6
1259  6.8  4.8
1363  7.2  5.2
1211  7.4  4.6
1107  7.0  4.2
1054  6.6  4.0
1001  6.2  3.8
1417  7.8  5.4
1315  7.8  5.0
1570  7.8  6.0
1261  7.2  4.8
1613  6.2  6.2
1666  6.6  6.4
1157  6.8  4.4
1104  6.4  4.2
1109  7.4  4.2
1213  7.8  4.6
1005  7.0  3.8
952   6.6  3.6
899   6.2  3.4
1051  6.0  4.0
1159  7.2  4.4
1049  5.6  4.0
1356  5.8  5.2
1203  5.8  4.6
1568  7.4  6.0
1467  7.6  5.6
1365  7.6  5.2
1469  8.0  5.6
1368  8.2  5.2
1263  7.6  4.8
1266  8.2  4.8
1161  7.6  4.4
1057  7.2  4.0
1101  5.8  4.2
1614  6.4  6.2
1055  6.8  4.0
1002  6.4  3.8
1717  6.6  6.6
1407  5.8  5.4
1306  6.0  5.0
1409  6.2  5.4
1411  6.6  5.4
1309  6.6  5.0
1256  6.2  4.8
1557  5.2  6.0
1207  6.6  4.6
1059  7.6  4.0
1112  8.0  4.2
1505  5.0  5.8
956   7.4  3.6
903   7.0  3.4
850   6.6  3.2
1307  6.2  5.0
1154  6.2  4.4
1009  7.8  3.8
1164  8.2  4.4
1464  7.0  5.6
1362  7.0  5.2
999   5.8  3.8
1105  6.6  4.2
953   6.8  3.6
895   5.4  3.4
846   5.8  3.2
944   5.0  3.6
797   6.2  3.0
1047  5.2  4.0
993   4.6  3.8
949   6.0  3.6
1093  4.2  4.2
1096  4.8  4.2
900   6.4  3.4
1260  7.0  4.8
947   5.6  3.6
1511  6.2  5.8
1052  6.2  4.0
1152  5.8  4.4
1254  5.8  4.8
1354  5.4  5.2
1252  5.4  4.8
1359  6.4  5.2
1357  6.0  5.2
1257  6.4  4.8
1461  6.4  5.6
1565  6.8  6.0
1563  6.4  6.0
1466  7.4  5.6
1622  8.0  6.2
1521  8.2  5.8
1723  7.8  6.6
1824  7.6  7.0
1367  8.0  5.2
1420  8.4  5.4
1265  8.0  4.8
1319  8.6  5.0
1216  8.4  4.6
1111  7.8  4.2
1062  8.2  4.0
1007  7.4  3.8
1158  7.0  4.4
1364  7.4  5.2
1262  7.4  4.8
1310  6.8  5.0
1412  6.8  5.4
1519  7.8  5.8
1670  7.4  6.4
1620  7.6  6.2
1567  7.2  6.0
1115  8.6  4.2
1218  8.8  4.6
1214  8.0  4.6
1456  5.4  5.6
1671  7.6  6.4