des9j
                           
 [1,] 10.00 0.00 0.07006983
 [2,]  9.64 0.04 0.13152910
 [3,]  9.98 0.36 0.12410780
 [4,]  7.86 0.92 0.12941900
 [5,]  7.98 0.46 0.12995740
 [6,]  8.22 0.78 0.07911616
 [7,]  9.48 2.28 0.07187044
 [8,]  9.62 1.90 0.12896300
 [9,]  9.18 2.04 0.13496730


#weights are rounded up to 4 digits

des9j
                       
 [1,] 10.00 0.00 0.0701
 [2,]  9.64 0.04 0.1315
 [3,]  9.98 0.36 0.1241
 [4,]  7.86 0.92 0.1294
 [5,]  7.98 0.46 0.1300
 [6,]  8.22 0.78 0.0791
 [7,]  9.48 2.28 0.0719
 [8,]  9.62 1.90 0.1290
 [9,]  9.18 2.04 0.1350