user  system elapsed 
 599.59    0.96  603.22 
> #-----------------------------------------------------------------------------------------------
> as.numeric(row.names(xstart))
  [1] 476 477 531 556 452 451 506 501 431 502 430 532 557 507 453 581 456 427 457 482 527 481 553 428 555 579 429 554 455 580 454 528 483
 [34] 405 404 508 530 406 533 432 478 403 458 529 503 582 558 433 402 407 505 380 504 484 479 459 381 379 509 480 408 534 434 378 382 485
 [67] 583 460 559 383 510 409 355 354 356 435 357 384 358 535 410 606 605 486 461 560 584 436 511 607 536 608 585 609 561 411 385 487 512
[100] 359 462 437 537 360 386 331 332 377 353 333 412 330 426 334 329 401 352 328 307 306 361 335 308 387 305 376 304 309 463 438 488 586
[133] 562 362 336 413 513 310 388 538 610 464 439 489 337 363 283 282 311 281 284 414 280 285 327 303 514 389 587 563 312 338 539 440 465
[166] 364 286 415 490 257 258 279 313 259 339 287 390 256 260 611 515 351 255 261 365 278 288 314 233 234 254 302 232 262 235 231 340 326
[199] 236 230
> setdiff(1:N,as.numeric(row.names(xstart)))
  [1]   1   2   3   4   5   6   7   8   9  10  11  12  13  14  15  16  17  18  19  20  21  22  23  24  25  26  27  28  29  30  31  32  33
 [34]  34  35  36  37  38  39  40  41  42  43  44  45  46  47  48  49  50  51  52  53  54  55  56  57  58  59  60  61  62  63  64  65  66
 [67]  67  68  69  70  71  72  73  74  75  76  77  78  79  80  81  82  83  84  85  86  87  88  89  90  91  92  93  94  95  96  97  98  99
[100] 100 101 102 103 104 105 106 107 108 109 110 111 112 113 114 115 116 117 118 119 120 121 122 123 124 125 126 127 128 129 130 131 132
[133] 133 134 135 136 137 138 139 140 141 142 143 144 145 146 147 148 149 150 151 152 153 154 155 156 157 158 159 160 161 162 163 164 165
[166] 166 167 168 169 170 171 172 173 174 175 176 177 178 179 180 181 182 183 184 185 186 187 188 189 190 191 192 193 194 195 196 197 198
[199] 199 200 201 202 203 204 205 206 207 208 209 210 211 212 213 214 215 216 217 218 219 220 221 222 223 224 225 226 227 228 229 237 238
[232] 239 240 241 242 243 244 245 246 247 248 249 250 251 252 253 263 264 265 266 267 268 269 270 271 272 273 274 275 276 277 289 290 291
[265] 292 293 294 295 296 297 298 299 300 301 315 316 317 318 319 320 321 322 323 324 325 341 342 343 344 345 346 347 348 349 350 366 367
[298] 368 369 370 371 372 373 374 375 391 392 393 394 395 396 397 398 399 400 416 417 418 419 420 421 422 423 424 425 441 442 443 444 445
[331] 446 447 448 449 450 466 467 468 469 470 471 472 473 474 475 491 492 493 494 495 496 497 498 499 500 516 517 518 519 520 521 522 523
[364] 524 525 526 540 541 542 543 544 545 546 547 548 549 550 551 552 564 565 566 567 568 569 570 571 572 573 574 575 576 577 578 588 589
[397] 590 591 592 593 594 595 596 597 598 599 600 601 602 603 604 612 613 614 615 616 617 618 619 620 621 622 623 624 625
> s.all <- sort(c(as.numeric(row.names(xstart)),setdiff(1:N,as.numeric(row.names(xstart)))))
> s.all2 <- sort(c(as.numeric(row.names(xstart)),as.numeric(row.names(xcan))))
> all.equal(1:N,s.all)
[1] TRUE
> all.equal(1:N,s.all2)
[1] TRUE
> nrow(xstart)
[1] 200
> nrow(xstart)-n1 
[1] 196
> nleft
[1] 196
> M.COUNT[nleft,]
  [1] 0 0 0 0 0 0 0 0 0 0 0 0 0 0 0 0 0 0 0 0 0 0 0 0 0 0 0 0 0 0 0 0 0 0 0 0 0 0 0 0 0 0 0 0 0 0 0 0 0 0 0 0 0 0 0 0 0 0 0 0 0 0 0 0 0 0 0
 [68] 0 0 0 0 0 0 0 0 0 0 0 0 0 0 0 0 0 0 0 0 0 0 0 0 0 0 0 0 0 0 0 0 0
> M.COUNT <- M.COUNT[1:(nrow(xstart)-n1),]
> dim(M.COUNT)
[1] 196 100
> M.COUNT[nrow(xstart)-n1,]
  [1] 0 0 0 0 0 0 0 0 0 0 0 0 0 0 0 0 0 0 0 0 0 0 0 0 0 0 0 0 0 0 0 0 0 0 0 0 0 0 0 0 0 0 0 0 0 0 0 0 0 0 0 0 0 0 0 0 0 0 0 0 0 0 0 0 0 0 0
 [68] 0 0 0 0 0 0 0 0 0 0 0 0 0 0 0 0 0 0 0 0 0 0 0 0 0 0 0 0 0 0 0 0 0
> M.COUNT.N <- 1-M.COUNT
> M.COUNT.N[nrow(xstart)-n1,]
  [1] 1 1 1 1 1 1 1 1 1 1 1 1 1 1 1 1 1 1 1 1 1 1 1 1 1 1 1 1 1 1 1 1 1 1 1 1 1 1 1 1 1 1 1 1 1 1 1 1 1 1 1 1 1 1 1 1 1 1 1 1 1 1 1 1 1 1 1
 [68] 1 1 1 1 1 1 1 1 1 1 1 1 1 1 1 1 1 1 1 1 1 1 1 1 1 1 1 1 1 1 1 1 1
> av.hit.iter <- apply(M.COUNT.N,1,mean)
> av.hit.run <- apply(M.COUNT.N,2,mean)
> av.hit.iter
  [1] 0.37 0.50 0.49 0.45 0.43 0.48 0.59 0.43 0.65 0.59 0.58 0.61 0.57 0.65 0.61 0.55 0.76 0.68 0.66 0.72 0.77 0.75 0.79 0.77 0.70 0.78 0.82
 [28] 0.78 0.86 0.85 0.90 0.84 0.90 0.89 0.88 0.90 0.92 0.89 0.91 0.91 0.97 0.93 0.92 0.92 0.93 0.92 0.97 0.96 0.94 0.96 0.92 0.96 0.96 0.95
 [55] 0.99 0.98 0.95 0.98 0.98 0.99 0.96 0.97 0.95 0.99 0.99 0.98 0.97 0.99 0.96 0.98 0.97 1.00 1.00 0.98 0.99 1.00 0.97 0.99 0.99 0.98 0.97
 [82] 0.99 0.98 0.99 1.00 1.00 1.00 1.00 1.00 0.99 1.00 0.99 1.00 1.00 1.00 1.00 0.99 0.99 0.99 1.00 1.00 1.00 1.00 1.00 1.00 1.00 1.00 1.00
[109] 1.00 1.00 1.00 1.00 0.99 1.00 1.00 1.00 1.00 0.99 1.00 1.00 1.00 1.00 1.00 0.99 1.00 1.00 1.00 1.00 1.00 1.00 1.00 1.00 0.99 1.00 1.00
[136] 1.00 1.00 1.00 1.00 1.00 1.00 1.00 1.00 1.00 1.00 1.00 1.00 1.00 1.00 1.00 1.00 1.00 1.00 1.00 1.00 1.00 1.00 1.00 1.00 1.00 1.00 1.00
[163] 1.00 1.00 1.00 1.00 1.00 1.00 1.00 1.00 1.00 1.00 1.00 1.00 1.00 1.00 1.00 1.00 1.00 1.00 1.00 1.00 1.00 1.00 1.00 1.00 1.00 1.00 1.00
[190] 1.00 1.00 1.00 1.00 1.00 1.00 1.00
> av.hit.run
  [1] 0.9030612 0.9438776 0.9234694 0.9030612 0.9336735 0.9336735 0.8928571 0.9132653 0.9285714 0.9234694 0.9387755 0.9489796 0.9183673
 [14] 0.9183673 0.9336735 0.9234694 0.9489796 0.9438776 0.9387755 0.9285714 0.9234694 0.9285714 0.9591837 0.9540816 0.9234694 0.9489796
 [27] 0.9438776 0.9285714 0.9183673 0.9285714 0.9438776 0.9285714 0.9336735 0.9234694 0.9489796 0.9336735 0.9234694 0.9438776 0.9234694
 [40] 0.9285714 0.9183673 0.9234694 0.9489796 0.9183673 0.9336735 0.9387755 0.9183673 0.9489796 0.9387755 0.9183673 0.8979592 0.9489796
 [53] 0.9234694 0.9387755 0.9285714 0.9489796 0.9387755 0.9387755 0.9336735 0.9336735 0.9336735 0.9387755 0.9489796 0.9438776 0.9489796
 [66] 0.9336735 0.9540816 0.9183673 0.9489796 0.9285714 0.9438776 0.9642857 0.9183673 0.9489796 0.9387755 0.9234694 0.9387755 0.9387755
 [79] 0.9438776 0.9234694 0.9387755 0.9438776 0.8979592 0.9132653 0.9438776 0.9336735 0.9285714 0.9285714 0.9234694 0.9387755 0.9336735
 [92] 0.9081633 0.9438776 0.9234694 0.8928571 0.8928571 0.9489796 0.9183673 0.9540816 0.9642857
> dim(M.COUNT.N)
[1] 196 100
> nrow(M.COUNT.N)
[1] 196
> length(av.hit.iter)
[1] 196
> E11
  [1] 0.9544485 0.9595198 0.9570238 0.9521514 0.9512751 0.9513430 0.9481790 0.9487687 0.9453944 0.9455814 0.9459340 0.9319718 0.9272910
 [14] 0.9256025 0.9262861 0.9265526 0.9236352 0.9238018 0.9244598 0.9236947 0.9246908 0.9200400 0.9206819 0.9215133 0.9210751 0.9218400
 [27] 0.9203723 0.9214499 0.9226943 0.9240473 0.9249718 0.9259262 0.9267267 0.9344660 0.9355082 0.9362380 0.9334311 0.9316281 0.9328138
 [40] 0.9316607 0.9314400 0.9313237 0.9325486 0.9325334 0.9322831 0.9337172 0.9351793 0.9350886 0.9350153 0.9338568 0.9340694 0.9338332
 [53] 0.9351740 0.9323421 0.9338397 0.9309882 0.9324991 0.9322619 0.9299765 0.9315363 0.9304895 0.9302874 0.9300377 0.9299493 0.9296830
 [66] 0.9267449 0.9266375 0.9263845 0.9263224 0.9251203 0.9249385 0.9248045 0.9218613 0.9216590 0.9199113 0.9196243 0.9208867 0.9217531
 [79] 0.9220683 0.9209672 0.9208567 0.9205812 0.9203504 0.9200573 0.9209431 0.9222225 0.9191856 0.9190229 0.9182321 0.9185573 0.9198510
 [92] 0.9196149 0.9209078 0.9208191 0.9221254 0.9231484 0.9239914 0.9238836 0.9226101 0.9224644 0.9193769 0.9168299 0.9165221 0.9162744
[105] 0.9173039 0.9181503 0.9190602 0.9193879 0.9180808 0.9080445 0.9078459 0.9091950 0.9088635 0.9085959 0.9099233 0.9112641 0.9111522
[118] 0.9110213 0.9077699 0.9076061 0.9063876 0.9060940 0.9058414 0.9054955 0.9052862 0.9066360 0.9063568 0.9060099 0.9027103 0.9025016
[131] 0.9022415 0.9021093 0.9019891 0.9006158 0.8972010 0.8968287 0.8964557 0.8961491 0.8975167 0.8988986 0.9002863 0.8968851 0.8966587
[144] 0.8963791 0.8950756 0.8947439 0.8912670 0.8910563 0.8906958 0.8904005 0.8901322 0.8898627 0.8894843 0.8890820 0.8889272 0.8888817
[157] 0.8884980 0.8880901 0.8879317 0.8878837 0.8865307 0.8862846 0.8877020 0.8873592 0.8837291 0.8834935 0.8794818 0.8791840 0.8755049
[170] 0.8752481 0.8723425 0.8719409 0.8715189 0.8694524 0.8691197 0.8705403 0.8700986 0.8715278 0.8710863 0.8706186 0.8701487 0.8692144
[183] 0.8698496 0.8683841 0.8680834 0.8642643 0.8629164 0.8635309 0.8631761 0.8627172 0.8623596 0.8620024 0.8614992 0.8629619 0.8624588
[196] 0.8619784
> E12
  [1] 0.9548804 0.9601290 0.9577023 0.9530397 0.9524027 0.9524825 0.9494259 0.9501676 0.9471306 0.9474003 0.9479091 0.9337966 0.9292633
 [14] 0.9276596 0.9282874 0.9287462 0.9262737 0.9264169 0.9270821 0.9263684 0.9273431 0.9229074 0.9237451 0.9245593 0.9241562 0.9250901
 [27] 0.9235727 0.9246127 0.9258696 0.9272314 0.9278222 0.9287843 0.9297623 0.9374937 0.9385787 0.9391502 0.9365830 0.9355785 0.9367958
 [40] 0.9356753 0.9355913 0.9355550 0.9367898 0.9367918 0.9366016 0.9380337 0.9395071 0.9392108 0.9391195 0.9377822 0.9379156 0.9377002
 [53] 0.9390434 0.9364515 0.9379494 0.9353273 0.9368462 0.9368248 0.9351967 0.9367584 0.9355318 0.9353544 0.9351394 0.9350493 0.9348047
 [66] 0.9321048 0.9317909 0.9317603 0.9316798 0.9303066 0.9302471 0.9301327 0.9274305 0.9274402 0.9258800 0.9256320 0.9268703 0.9275922
 [79] 0.9278212 0.9265362 0.9264100 0.9261656 0.9259462 0.9256711 0.9264960 0.9277648 0.9249767 0.9250378 0.9240447 0.9247508 0.9260234
 [92] 0.9257997 0.9270696 0.9267636 0.9280504 0.9289374 0.9297034 0.9295736 0.9281199 0.9279960 0.9251637 0.9232086 0.9229437 0.9227096
[105] 0.9236017 0.9243708 0.9251285 0.9253657 0.9238755 0.9147722 0.9146114 0.9159399 0.9156369 0.9153774 0.9166821 0.9179979 0.9176600
[118] 0.9175125 0.9145278 0.9146018 0.9131872 0.9129267 0.9128114 0.9124872 0.9123174 0.9136431 0.9133796 0.9130562 0.9100297 0.9100654
[131] 0.9099478 0.9095843 0.9094445 0.9078761 0.9046068 0.9042577 0.9039095 0.9036123 0.9049567 0.9063133 0.9076760 0.9045562 0.9045813
[144] 0.9044491 0.9029419 0.9026447 0.8994530 0.8994974 0.8991604 0.8990129 0.8987928 0.8985718 0.8982239 0.8978500 0.8974561 0.8973887
[157] 0.8970353 0.8966556 0.8962558 0.8961852 0.8946233 0.8944084 0.8958021 0.8954711 0.8921377 0.8921679 0.8884120 0.8881640 0.8847860
[170] 0.8847994 0.8821412 0.8817793 0.8813824 0.8794240 0.8791284 0.8805294 0.8801155 0.8815251 0.8811116 0.8806762 0.8802388 0.8790631
[183] 0.8796687 0.8779869 0.8777225 0.8742184 0.8732095 0.8737838 0.8735914 0.8731600 0.8728583 0.8725397 0.8720708 0.8735143 0.8730467
[196] 0.8725960
> E22
  [1] 0.9530682 0.9570253 0.9541257 0.9483242 0.9471336 0.9471477 0.9436084 0.9441070 0.9402830 0.9404295 0.9407229 0.9267356 0.9211884
 [14] 0.9189690 0.9197700 0.9198814 0.9163468 0.9166111 0.9174488 0.9165625 0.9177330 0.9126468 0.9133441 0.9143597 0.9139704 0.9147661
 [27] 0.9131829 0.9144273 0.9158136 0.9172706 0.9184500 0.9195547 0.9203208 0.9287180 0.9298185 0.9307288 0.9274336 0.9248074 0.9261098
 [40] 0.9248591 0.9246064 0.9244760 0.9258231 0.9258053 0.9255776 0.9271060 0.9286473 0.9286349 0.9285938 0.9274010 0.9277009 0.9275044
 [53] 0.9289571 0.9257034 0.9272790 0.9240163 0.9255985 0.9252472 0.9224627 0.9240750 0.9229433 0.9227594 0.9225476 0.9224868 0.9222537
 [66] 0.9189095 0.9188796 0.9185060 0.9184671 0.9172191 0.9169819 0.9168453 0.9134718 0.9131370 0.9112383 0.9109805 0.9123718 0.9133822
 [79] 0.9137510 0.9125602 0.9124788 0.9122422 0.9120313 0.9117721 0.9128414 0.9142208 0.9107472 0.9104220 0.9096038 0.9099120 0.9113372
 [92] 0.9111210 0.9125504 0.9125270 0.9139722 0.9151426 0.9161184 0.9160431 0.9147213 0.9145727 0.9110238 0.9080067 0.9077289 0.9075010
[105] 0.9086793 0.9096597 0.9107218 0.9111062 0.9097489 0.8983824 0.8981663 0.8996395 0.8993398 0.8990924 0.9005601 0.9020385 0.9019931
[118] 0.9018948 0.8981748 0.8978271 0.8965071 0.8962426 0.8959311 0.8956186 0.8953907 0.8968835 0.8966230 0.8963100 0.8925207 0.8921352
[131] 0.8918108 0.8917436 0.8916459 0.8902049 0.8864682 0.8861285 0.8857879 0.8855001 0.8870129 0.8885368 0.8900671 0.8861620 0.8857527
[144] 0.8854060 0.8839935 0.8836907 0.8797128 0.8793044 0.8789645 0.8786006 0.8783137 0.8780255 0.8776679 0.8772969 0.8772014 0.8771404
[157] 0.8767779 0.8764017 0.8763035 0.8762400 0.8747654 0.8745086 0.8760764 0.8757513 0.8715988 0.8711565 0.8668329 0.8665115 0.8623022
[170] 0.8618351 0.8585374 0.8581608 0.8577572 0.8554937 0.8551392 0.8567096 0.8562867 0.8578668 0.8574446 0.8570058 0.8565650 0.8555394
[183] 0.8563042 0.8547065 0.8543901 0.8500078 0.8483320 0.8490707 0.8486288 0.8481872 0.8478031 0.8474191 0.8469436 0.8485610 0.8480859
[196] 0.8476239
> E21
  [1] 0.9534617 0.9575637 0.9547232 0.9490994 0.9480207 0.9480418 0.9445754 0.9451455 0.9415147 0.9416835 0.9420570 0.9279740 0.9225900
 [14] 0.9204506 0.9212191 0.9214151 0.9181273 0.9183708 0.9191946 0.9183321 0.9194756 0.9145292 0.9152830 0.9162776 0.9158774 0.9167441
 [27] 0.9151348 0.9163533 0.9177321 0.9191863 0.9201793 0.9212752 0.9221355 0.9304558 0.9315703 0.9324162 0.9292682 0.9270266 0.9283213
 [40] 0.9270912 0.9268714 0.9267646 0.9281045 0.9280882 0.9278662 0.9293872 0.9309289 0.9308544 0.9307988 0.9295797 0.9298444 0.9296484
 [53] 0.9311002 0.9279720 0.9295467 0.9264044 0.9279881 0.9277194 0.9251873 0.9268025 0.9256557 0.9254656 0.9252558 0.9251805 0.9249437
 [66] 0.9217247 0.9216316 0.9213438 0.9212870 0.9200124 0.9198183 0.9196945 0.9164443 0.9161905 0.9143551 0.9140966 0.9154689 0.9164280
 [79] 0.9167716 0.9155660 0.9154680 0.9152329 0.9150136 0.9147500 0.9157804 0.9171515 0.9138056 0.9135822 0.9127098 0.9131178 0.9145245
 [92] 0.9143001 0.9157107 0.9156251 0.9170539 0.9181720 0.9191099 0.9190161 0.9176666 0.9175320 0.9141115 0.9113311 0.9110533 0.9108173
[105] 0.9119427 0.9128850 0.9138932 0.9142512 0.9128660 0.9019187 0.9017164 0.9031753 0.9028734 0.9026170 0.9040658 0.9055244 0.9054146
[118] 0.9053011 0.9017179 0.9014754 0.9001402 0.8998746 0.8996137 0.8992980 0.8990847 0.9005583 0.9002901 0.8999738 0.8963221 0.8960474
[131] 0.8957752 0.8956422 0.8955251 0.8940507 0.8904002 0.8900577 0.8897144 0.8894179 0.8909115 0.8924154 0.8939257 0.8901622 0.8898671
[144] 0.8895746 0.8881472 0.8878436 0.8840117 0.8837164 0.8833704 0.8830612 0.8827934 0.8825244 0.8821640 0.8817913 0.8816272 0.8815650
[157] 0.8811994 0.8808214 0.8806538 0.8805889 0.8790984 0.8788592 0.8804077 0.8800744 0.8760741 0.8757497 0.8715158 0.8712139 0.8671588
[170] 0.8668117 0.8636586 0.8632829 0.8628735 0.8606675 0.8603322 0.8618846 0.8614589 0.8630209 0.8625958 0.8621567 0.8617156 0.8606466
[183] 0.8613836 0.8597707 0.8594746 0.8552510 0.8537290 0.8544353 0.8540508 0.8536040 0.8532428 0.8528784 0.8524032 0.8540025 0.8535278
[196] 0.8530633
> E1.dif
  [1] 0.0004318320 0.0006092515 0.0006784387 0.0008882889 0.0011276080 0.0011394563 0.0012469169 0.0013988875 0.0017362133 0.0018188550
 [11] 0.0019750631 0.0018248585 0.0019722996 0.0020570974 0.0020012532 0.0021935543 0.0026384175 0.0026150981 0.0026223066 0.0026736882
 [21] 0.0026523019 0.0028674077 0.0030631068 0.0030460415 0.0030810920 0.0032501537 0.0032003627 0.0031627575 0.0031752165 0.0031840827
 [31] 0.0028504751 0.0028581524 0.0030355692 0.0030276641 0.0030704305 0.0029122581 0.0031518210 0.0039503147 0.0039819910 0.0040145890
 [41] 0.0041513646 0.0042313624 0.0042412473 0.0042583797 0.0043184810 0.0043165215 0.0043277460 0.0041221662 0.0041042515 0.0039253670
 [51] 0.0038461324 0.0038669791 0.0038694490 0.0041093494 0.0041096678 0.0043391140 0.0043470805 0.0045628996 0.0052201260 0.0052221492
 [61] 0.0050423148 0.0050669910 0.0051016851 0.0051000039 0.0051216215 0.0053598854 0.0051533915 0.0053757817 0.0053573819 0.0051862568
 [71] 0.0053086126 0.0053282309 0.0055692269 0.0057811931 0.0059687168 0.0060077245 0.0059836143 0.0058390859 0.0057529304 0.0055690417
 [81] 0.0055533371 0.0055843887 0.0055957683 0.0056137995 0.0055529054 0.0055422770 0.0057910389 0.0060149227 0.0058126352 0.0061935237
 [91] 0.0061723616 0.0061847725 0.0061617716 0.0059444594 0.0059249618 0.0057890024 0.0057120300 0.0056900278 0.0055098964 0.0055315682
[101] 0.0057867773 0.0063786597 0.0064215881 0.0064351612 0.0062978202 0.0062204825 0.0060682938 0.0059777818 0.0057947081 0.0067277221
[111] 0.0067655266 0.0067448836 0.0067733667 0.0067815098 0.0067587600 0.0067337452 0.0065077711 0.0064912444 0.0067579010 0.0069956864
[121] 0.0067996647 0.0068327564 0.0069700236 0.0069917518 0.0070311573 0.0070071133 0.0070228083 0.0070462503 0.0073194736 0.0075637280
[131] 0.0077063684 0.0074749713 0.0074554250 0.0072603415 0.0074058122 0.0074289769 0.0074538017 0.0074631512 0.0074399337 0.0074147959
[141] 0.0073897065 0.0076710449 0.0079226727 0.0080699475 0.0078662428 0.0079008216 0.0081859655 0.0084410815 0.0084646005 0.0086123704
[151] 0.0086606249 0.0087090865 0.0087395369 0.0087679786 0.0085289903 0.0085070145 0.0085372919 0.0085655369 0.0083240412 0.0083014301
[161] 0.0080925643 0.0081237396 0.0081001126 0.0081118678 0.0084086803 0.0086743641 0.0089301819 0.0089800076 0.0092811120 0.0095512624
[171] 0.0097986679 0.0098383632 0.0098635744 0.0099716067 0.0100086757 0.0099890793 0.0100169410 0.0099972747 0.0100252810 0.0100576278
[181] 0.0100901158 0.0098486700 0.0098191259 0.0096027608 0.0096390595 0.0099541183 0.0102931158 0.0102528301 0.0104152873 0.0104428296
[191] 0.0104986468 0.0105373304 0.0105716058 0.0105524727 0.0105879360 0.0106175981
> E2.dif
  [1] 0.0003935507 0.0005384177 0.0005975612 0.0007752871 0.0008871072 0.0008941227 0.0009669940 0.0010385881 0.0012317968 0.0012539165
 [11] 0.0013341911 0.0012384430 0.0014015642 0.0014816004 0.0014491242 0.0015336270 0.0017805071 0.0017597509 0.0017457635 0.0017695832
 [21] 0.0017426473 0.0018823571 0.0019388923 0.0019179588 0.0019069965 0.0019780713 0.0019518594 0.0019260272 0.0019185000 0.0019156881
 [31] 0.0017293071 0.0017204764 0.0018146997 0.0017378880 0.0017517445 0.0016874162 0.0018345797 0.0022192101 0.0022115337 0.0022321712
 [41] 0.0022649852 0.0022885756 0.0022813083 0.0022828714 0.0022886091 0.0022811675 0.0022815736 0.0022195067 0.0022050010 0.0021786372
 [51] 0.0021435239 0.0021439985 0.0021430626 0.0022686130 0.0022676981 0.0023881150 0.0023895996 0.0024721982 0.0027245686 0.0027274873
 [61] 0.0027123177 0.0027061439 0.0027081499 0.0026937510 0.0026899665 0.0028151248 0.0027520031 0.0028377663 0.0028198642 0.0027933460
 [71] 0.0028363731 0.0028491675 0.0029724775 0.0030534600 0.0031167951 0.0031161228 0.0030971411 0.0030458708 0.0030206343 0.0030058185
 [81] 0.0029891618 0.0029906633 0.0029822943 0.0029779018 0.0029389709 0.0029307029 0.0030584450 0.0031601798 0.0031059279 0.0032058550
 [91] 0.0031873012 0.0031791326 0.0031603120 0.0030980763 0.0030817737 0.0030293238 0.0029914558 0.0029730710 0.0029453528 0.0029592507
[101] 0.0030876528 0.0033244188 0.0033243703 0.0033162978 0.0032633875 0.0032253114 0.0031713992 0.0031450203 0.0031170980 0.0035362923
[111] 0.0035501022 0.0035358514 0.0035336371 0.0035246613 0.0035057187 0.0034859535 0.0034215400 0.0034063250 0.0035431388 0.0036482485
[121] 0.0036331037 0.0036320074 0.0036826926 0.0036794434 0.0036939426 0.0036747525 0.0036670805 0.0036638265 0.0038013408 0.0039121273
[131] 0.0039644051 0.0038985108 0.0038791929 0.0038458499 0.0039320035 0.0039291876 0.0039264281 0.0039177909 0.0038985918 0.0038786286
[141] 0.0038585917 0.0040002296 0.0041144403 0.0041685616 0.0041537413 0.0041528460 0.0042988989 0.0044120870 0.0044059456 0.0044605225
[151] 0.0044796720 0.0044989062 0.0044960451 0.0044943968 0.0044257301 0.0044245769 0.0044215310 0.0044197172 0.0043502943 0.0043489675
[161] 0.0043329864 0.0043506258 0.0043313164 0.0043230949 0.0044752406 0.0045932794 0.0046828781 0.0047024503 0.0048565346 0.0049766128
[171] 0.0051211281 0.0051221194 0.0051163262 0.0051738635 0.0051929752 0.0051750317 0.0051721577 0.0051540863 0.0051511519 0.0051508421
[181] 0.0051505412 0.0051072238 0.0050794134 0.0050642591 0.0050845040 0.0052432634 0.0053969981 0.0053645099 0.0054220627 0.0054168019
[191] 0.0054396627 0.0054592669 0.0054596316 0.0054415529 0.0054419142 0.0054394447
> SUM.E1E2
  [1] 0.0008253827 0.0011476692 0.0012759999 0.0016635759 0.0020147152 0.0020335790 0.0022139110 0.0024374756 0.0029680100 0.0030727716
 [11] 0.0033092542 0.0030633015 0.0033738638 0.0035386978 0.0034503774 0.0037271813 0.0044189246 0.0043748489 0.0043680701 0.0044432713
 [21] 0.0043949492 0.0047497648 0.0050019991 0.0049640003 0.0049880885 0.0052282250 0.0051522220 0.0050887847 0.0050937166 0.0050997707
 [31] 0.0045797822 0.0045786288 0.0048502689 0.0047655522 0.0048221750 0.0045996743 0.0049864007 0.0061695248 0.0061935247 0.0062467601
 [41] 0.0064163498 0.0065199381 0.0065225556 0.0065412511 0.0066070901 0.0065976890 0.0066093195 0.0063416729 0.0063092525 0.0061040042
 [51] 0.0059896563 0.0060109776 0.0060125116 0.0063779624 0.0063773659 0.0067272290 0.0067366801 0.0070350978 0.0079446946 0.0079496366
 [61] 0.0077546325 0.0077731349 0.0078098350 0.0077937550 0.0078115880 0.0081750102 0.0079053946 0.0082135480 0.0081772460 0.0079796029
 [71] 0.0081449857 0.0081773984 0.0085417043 0.0088346532 0.0090855119 0.0091238473 0.0090807554 0.0088849566 0.0087735647 0.0085748602
 [81] 0.0085424989 0.0085750520 0.0085780626 0.0085917013 0.0084918764 0.0084729799 0.0088494839 0.0091751026 0.0089185630 0.0093993787
 [91] 0.0093596627 0.0093639050 0.0093220836 0.0090425357 0.0090067355 0.0088183261 0.0087034857 0.0086630988 0.0084552492 0.0084908189
[101] 0.0088744301 0.0097030785 0.0097459584 0.0097514590 0.0095612077 0.0094457939 0.0092396930 0.0091228021 0.0089118061 0.0102640143
[111] 0.0103156289 0.0102807349 0.0103070037 0.0103061710 0.0102644787 0.0102196987 0.0099293111 0.0098975694 0.0103010398 0.0106439349
[121] 0.0104327684 0.0104647638 0.0106527162 0.0106711952 0.0107250999 0.0106818658 0.0106898888 0.0107100768 0.0111208144 0.0114758554
[131] 0.0116707736 0.0113734821 0.0113346179 0.0111061914 0.0113378157 0.0113581645 0.0113802299 0.0113809421 0.0113385254 0.0112934245
[141] 0.0112482982 0.0116712745 0.0120371130 0.0122385091 0.0120199841 0.0120536676 0.0124848644 0.0128531685 0.0128705461 0.0130728929
[151] 0.0131402969 0.0132079926 0.0132355820 0.0132623754 0.0129547203 0.0129315914 0.0129588229 0.0129852541 0.0126743355 0.0126503977
[161] 0.0124255507 0.0124743654 0.0124314290 0.0124349626 0.0128839208 0.0132676435 0.0136130599 0.0136824580 0.0141376466 0.0145278752
[171] 0.0149197960 0.0149604826 0.0149799006 0.0151454703 0.0152016509 0.0151641110 0.0151890987 0.0151513610 0.0151764330 0.0152084699
[181] 0.0152406570 0.0149558938 0.0148985393 0.0146670199 0.0147235635 0.0151973818 0.0156901139 0.0156173399 0.0158373500 0.0158596316
[191] 0.0159383094 0.0159965973 0.0160312374 0.0159940257 0.0160298502 0.0160570428
> int.hit.n <- c(1,2,3,4,5,6,16,36,76,116,156,length(av.hit.iter))
> int.hit.n
 [1]   1   2   3   4   5   6  16  36  76 116 156 196
> av.hit.iter[int.hit.n]
 [1] 0.37 0.50 0.49 0.45 0.43 0.48 0.55 0.90 1.00 1.00 1.00 1.00
> E11[int.hit.n]
 [1] 0.9544485 0.9595198 0.9570238 0.9521514 0.9512751 0.9513430 0.9265526 0.9362380 0.9196243 0.9112641 0.8888817 0.8619784
> E12[int.hit.n]
 [1] 0.9548804 0.9601290 0.9577023 0.9530397 0.9524027 0.9524825 0.9287462 0.9391502 0.9256320 0.9179979 0.8973887 0.8725960
> E22[int.hit.n]
 [1] 0.9530682 0.9570253 0.9541257 0.9483242 0.9471336 0.9471477 0.9198814 0.9307288 0.9109805 0.9020385 0.8771404 0.8476239
> E21[int.hit.n]
 [1] 0.9534617 0.9575637 0.9547232 0.9490994 0.9480207 0.9480418 0.9214151 0.9324162 0.9140966 0.9055244 0.8815650 0.8530633
> E1.dif[int.hit.n]
 [1] 0.0004318320 0.0006092515 0.0006784387 0.0008882889 0.0011276080 0.0011394563 0.0021935543 0.0029122581 0.0060077245 0.0067337452
[11] 0.0085070145 0.0106175981
> E2.dif[int.hit.n]
 [1] 0.0003935507 0.0005384177 0.0005975612 0.0007752871 0.0008871072 0.0008941227 0.0015336270 0.0016874162 0.0031161228 0.0034859535
[11] 0.0044245769 0.0054394447
> SUM.E1E2[int.hit.n]
 [1] 0.0008253827 0.0011476692 0.0012759999 0.0016635759 0.0020147152 0.0020335790 0.0037271813 0.0045996743 0.0091238473 0.0102196987
[11] 0.0129315914 0.0160570428
> round(E11[int.hit.n],digits=5)
 [1] 0.95445 0.95952 0.95702 0.95215 0.95128 0.95134 0.92655 0.93624 0.91962 0.91126 0.88888 0.86198
> round(E12[int.hit.n],digits=5)
 [1] 0.95488 0.96013 0.95770 0.95304 0.95240 0.95248 0.92875 0.93915 0.92563 0.91800 0.89739 0.87260
> round(E22[int.hit.n],digits=5)
 [1] 0.95307 0.95703 0.95413 0.94832 0.94713 0.94715 0.91988 0.93073 0.91098 0.90204 0.87714 0.84762
> round(E21[int.hit.n],digits=5)
 [1] 0.95346 0.95756 0.95472 0.94910 0.94802 0.94804 0.92142 0.93242 0.91410 0.90552 0.88156 0.85306
> round(E1.dif[int.hit.n],digits=5)
 [1] 0.00043 0.00061 0.00068 0.00089 0.00113 0.00114 0.00219 0.00291 0.00601 0.00673 0.00851 0.01062
> round(E2.dif[int.hit.n],digits=5)
 [1] 0.00039 0.00054 0.00060 0.00078 0.00089 0.00089 0.00153 0.00169 0.00312 0.00349 0.00442 0.00544
> round(SUM.E1E2[int.hit.n],digits=5)
 [1] 0.00083 0.00115 0.00128 0.00166 0.00201 0.00203 0.00373 0.00460 0.00912 0.01022 0.01293 0.01606
> ##########################################################
> sel.iter <- c(1,2,3,4,5,6,16,26,36,46)
> av.hit.iter[sel.iter]
 [1] 0.37 0.50 0.49 0.45 0.43 0.48 0.55 0.78 0.90 0.92
> E11[sel.iter]
 [1] 0.9544485 0.9595198 0.9570238 0.9521514 0.9512751 0.9513430 0.9265526 0.9218400 0.9362380 0.9337172
> E12[sel.iter]
 [1] 0.9548804 0.9601290 0.9577023 0.9530397 0.9524027 0.9524825 0.9287462 0.9250901 0.9391502 0.9380337
> E22[sel.iter]
 [1] 0.9530682 0.9570253 0.9541257 0.9483242 0.9471336 0.9471477 0.9198814 0.9147661 0.9307288 0.9271060
> E21[sel.iter]
 [1] 0.9534617 0.9575637 0.9547232 0.9490994 0.9480207 0.9480418 0.9214151 0.9167441 0.9324162 0.9293872
> E1.dif[sel.iter]
 [1] 0.0004318320 0.0006092515 0.0006784387 0.0008882889 0.0011276080 0.0011394563 0.0021935543 0.0032501537 0.0029122581 0.0043165215
> E2.dif[sel.iter]
 [1] 0.0003935507 0.0005384177 0.0005975612 0.0007752871 0.0008871072 0.0008941227 0.0015336270 0.0019780713 0.0016874162 0.0022811675
> SUM.E1E2[sel.iter]
 [1] 0.0008253827 0.0011476692 0.0012759999 0.0016635759 0.0020147152 0.0020335790 0.0037271813 0.0052282250 0.0045996743 0.0065976890
> round(av.hit.iter[sel.iter],digits=5)
 [1] 0.37 0.50 0.49 0.45 0.43 0.48 0.55 0.78 0.90 0.92
> round(E11[sel.iter],digits=5)
 [1] 0.95445 0.95952 0.95702 0.95215 0.95128 0.95134 0.92655 0.92184 0.93624 0.93372
> round(E12[sel.iter],digits=5)
 [1] 0.95488 0.96013 0.95770 0.95304 0.95240 0.95248 0.92875 0.92509 0.93915 0.93803
> round(E22[sel.iter],digits=5)
 [1] 0.95307 0.95703 0.95413 0.94832 0.94713 0.94715 0.91988 0.91477 0.93073 0.92711
> round(E21[sel.iter],digits=5)
 [1] 0.95346 0.95756 0.95472 0.94910 0.94802 0.94804 0.92142 0.91674 0.93242 0.92939
> round(E1.dif[sel.iter],digits=5)
 [1] 0.00043 0.00061 0.00068 0.00089 0.00113 0.00114 0.00219 0.00325 0.00291 0.00432
> round(E2.dif[sel.iter],digits=5)
 [1] 0.00039 0.00054 0.00060 0.00078 0.00089 0.00089 0.00153 0.00198 0.00169 0.00228
> round(SUM.E1E2[sel.iter],digits=5)
 [1] 0.00083 0.00115 0.00128 0.00166 0.00201 0.00203 0.00373 0.00523 0.00460 0.00660
> length(CRIT.vec)
[1] 200
> CRIT.vec <- CRIT.vec[1:nrow(xstart)]
> length(CRIT.vec)
[1] 200
> CRIT.vec
  [1] 2.347536e-12 2.347536e-12 2.347536e-12 2.347536e-12 8.534901e-03 2.021139e-02 2.761180e-02 3.649901e-02 4.628040e-02 5.709627e-02
 [11] 6.903339e-02 8.150659e-02 9.410388e-02 1.075076e-01 1.219630e-01 1.370875e-01 1.525082e-01 1.689234e-01 1.861250e-01 2.047032e-01
 [21] 2.239903e-01 2.430263e-01 2.629651e-01 2.838136e-01 3.050940e-01 3.291566e-01 3.511692e-01 3.744658e-01 3.983365e-01 4.230347e-01
 [31] 4.492894e-01 4.755868e-01 5.029216e-01 5.313467e-01 5.654045e-01 5.950203e-01 6.254473e-01 6.692078e-01 7.006232e-01 7.332348e-01
 [41] 7.659249e-01 8.030601e-01 8.376357e-01 8.732893e-01 9.092682e-01 9.464390e-01 9.844988e-01 1.022559e+00 1.061531e+00 1.101033e+00
 [51] 1.141028e+00 1.182372e+00 1.223710e+00 1.265706e+00 1.308151e+00 1.352081e+00 1.394427e+00 1.437958e+00 1.482770e+00 1.528882e+00
 [61] 1.576117e+00 1.624311e+00 1.676372e+00 1.727118e+00 1.777202e+00 1.828084e+00 1.880288e+00 1.932148e+00 1.985354e+00 2.035729e+00
 [71] 2.087631e+00 2.139926e+00 2.193190e+00 2.246820e+00 2.300425e+00 2.355245e+00 2.409363e+00 2.464030e+00 2.520249e+00 2.575821e+00
 [81] 2.630772e+00 2.686879e+00 2.743689e+00 2.799335e+00 2.855391e+00 2.912797e+00 2.969308e+00 3.027303e+00 3.083054e+00 3.139819e+00
 [91] 3.196334e+00 3.253515e+00 3.311779e+00 3.373545e+00 3.432417e+00 3.491481e+00 3.552018e+00 3.610014e+00 3.668301e+00 3.727118e+00
[101] 3.786809e+00 3.845532e+00 3.904545e+00 3.964333e+00 4.024008e+00 4.087684e+00 4.147192e+00 4.208045e+00 4.267197e+00 4.327064e+00
[111] 4.386953e+00 4.447125e+00 4.506397e+00 4.575349e+00 4.637458e+00 4.700761e+00 4.763209e+00 4.825674e+00 4.888267e+00 4.952343e+00
[121] 5.012129e+00 5.072593e+00 5.134035e+00 5.195779e+00 5.258734e+00 5.321860e+00 5.384706e+00 5.448669e+00 5.512161e+00 5.576454e+00
[131] 5.639158e+00 5.703346e+00 5.766165e+00 5.829751e+00 5.893586e+00 5.957433e+00 6.022136e+00 6.086179e+00 6.153206e+00 6.217685e+00
[141] 6.282634e+00 6.347116e+00 6.412067e+00 6.476606e+00 6.542618e+00 6.605462e+00 6.669074e+00 6.732936e+00 6.797145e+00 6.861972e+00
[151] 6.927452e+00 6.993410e+00 7.059018e+00 7.125538e+00 7.191216e+00 7.257389e+00 7.322977e+00 7.388834e+00 7.454781e+00 7.521468e+00
[161] 7.587095e+00 7.654192e+00 7.720142e+00 7.786837e+00 7.852604e+00 7.919343e+00 7.984758e+00 8.051126e+00 8.116904e+00 8.183011e+00
[171] 8.252271e+00 8.319280e+00 8.385115e+00 8.451350e+00 8.521317e+00 8.589566e+00 8.657156e+00 8.725901e+00 8.795019e+00 8.862694e+00
[181] 8.930557e+00 8.998232e+00 9.066095e+00 9.133784e+00 9.202667e+00 9.268741e+00 9.335788e+00 9.401903e+00 9.468963e+00 9.536298e+00
[191] 9.604596e+00 9.672790e+00 9.741607e+00 9.810769e+00 9.878557e+00 9.947691e+00 1.001621e+01 1.008472e+01 1.015261e+01 1.022150e+01
> xstart
         Var1      Var2
476 0.0000000  7.916667
477 0.4166667  7.916667
531 2.0833333  8.750000
556 2.0833333  9.166667
452 0.4166667  7.500000
451 0.0000000  7.500000
506 2.0833333  8.333333
501 0.0000000  8.333333
431 2.0833333  7.083333
502 0.4166667  8.333333
430 1.6666667  7.083333
532 2.5000000  8.750000
557 2.5000000  9.166667
507 2.5000000  8.333333
453 0.8333333  7.500000
581 2.0833333  9.583333
456 2.0833333  7.500000
427 0.4166667  7.083333
457 2.5000000  7.500000
482 2.5000000  7.916667
527 0.4166667  8.750000
481 2.0833333  7.916667
553 0.8333333  9.166667
428 0.8333333  7.083333
555 1.6666667  9.166667
579 1.2500000  9.583333
429 1.2500000  7.083333
554 1.2500000  9.166667
455 1.6666667  7.500000
580 1.6666667  9.583333
454 1.2500000  7.500000
528 0.8333333  8.750000
483 2.9166667  7.916667
405 1.6666667  6.666667
404 1.2500000  6.666667
508 2.9166667  8.333333
530 1.6666667  8.750000
406 2.0833333  6.666667
533 2.9166667  8.750000
432 2.5000000  7.083333
478 0.8333333  7.916667
403 0.8333333  6.666667
458 2.9166667  7.500000
529 1.2500000  8.750000
503 0.8333333  8.333333
582 2.5000000  9.583333
558 2.9166667  9.166667
433 2.9166667  7.083333
402 0.4166667  6.666667
407 2.5000000  6.666667
505 1.6666667  8.333333
380 1.6666667  6.250000
504 1.2500000  8.333333
484 3.3333333  7.916667
479 1.2500000  7.916667
459 3.3333333  7.500000
381 2.0833333  6.250000
379 1.2500000  6.250000
509 3.3333333  8.333333
480 1.6666667  7.916667
408 2.9166667  6.666667
534 3.3333333  8.750000
434 3.3333333  7.083333
378 0.8333333  6.250000
382 2.5000000  6.250000
485 3.7500000  7.916667
583 2.9166667  9.583333
460 3.7500000  7.500000
559 3.3333333  9.166667
383 2.9166667  6.250000
510 3.7500000  8.333333
409 3.3333333  6.666667
355 1.6666667  5.833333
354 1.2500000  5.833333
356 2.0833333  5.833333
435 3.7500000  7.083333
357 2.5000000  5.833333
384 3.3333333  6.250000
358 2.9166667  5.833333
535 3.7500000  8.750000
410 3.7500000  6.666667
606 2.0833333 10.000000
605 1.6666667 10.000000
486 4.1666667  7.916667
461 4.1666667  7.500000
560 3.7500000  9.166667
584 3.3333333  9.583333
436 4.1666667  7.083333
511 4.1666667  8.333333
607 2.5000000 10.000000
536 4.1666667  8.750000
608 2.9166667 10.000000
585 3.7500000  9.583333
609 3.3333333 10.000000
561 4.1666667  9.166667
411 4.1666667  6.666667
385 3.7500000  6.250000
487 4.5833333  7.916667
512 4.5833333  8.333333
359 3.3333333  5.833333
462 4.5833333  7.500000
437 4.5833333  7.083333
537 4.5833333  8.750000
360 3.7500000  5.833333
386 4.1666667  6.250000
331 2.0833333  5.416667
332 2.5000000  5.416667
377 0.4166667  6.250000
353 0.8333333  5.833333
333 2.9166667  5.416667
412 4.5833333  6.666667
330 1.6666667  5.416667
426 0.0000000  7.083333
334 3.3333333  5.416667
329 1.2500000  5.416667
401 0.0000000  6.666667
352 0.4166667  5.833333
328 0.8333333  5.416667
307 2.5000000  5.000000
306 2.0833333  5.000000
361 4.1666667  5.833333
335 3.7500000  5.416667
308 2.9166667  5.000000
387 4.5833333  6.250000
305 1.6666667  5.000000
376 0.0000000  6.250000
304 1.2500000  5.000000
309 3.3333333  5.000000
463 5.0000000  7.500000
438 5.0000000  7.083333
488 5.0000000  7.916667
586 4.1666667  9.583333
562 4.5833333  9.166667
362 4.5833333  5.833333
336 4.1666667  5.416667
413 5.0000000  6.666667
513 5.0000000  8.333333
310 3.7500000  5.000000
388 5.0000000  6.250000
538 5.0000000  8.750000
610 3.7500000 10.000000
464 5.4166667  7.500000
439 5.4166667  7.083333
489 5.4166667  7.916667
337 4.5833333  5.416667
363 5.0000000  5.833333
283 2.9166667  4.583333
282 2.5000000  4.583333
311 4.1666667  5.000000
281 2.0833333  4.583333
284 3.3333333  4.583333
414 5.4166667  6.666667
280 1.6666667  4.583333
285 3.7500000  4.583333
327 0.4166667  5.416667
303 0.8333333  5.000000
514 5.4166667  8.333333
389 5.4166667  6.250000
587 4.5833333  9.583333
563 5.0000000  9.166667
312 4.5833333  5.000000
338 5.0000000  5.416667
539 5.4166667  8.750000
440 5.8333333  7.083333
465 5.8333333  7.500000
364 5.4166667  5.833333
286 4.1666667  4.583333
415 5.8333333  6.666667
490 5.8333333  7.916667
257 2.5000000  4.166667
258 2.9166667  4.166667
279 1.2500000  4.583333
313 5.0000000  5.000000
259 3.3333333  4.166667
339 5.4166667  5.416667
287 4.5833333  4.583333
390 5.8333333  6.250000
256 2.0833333  4.166667
260 3.7500000  4.166667
611 4.1666667 10.000000
515 5.8333333  8.333333
351 0.0000000  5.833333
255 1.6666667  4.166667
261 4.1666667  4.166667
365 5.8333333  5.833333
278 0.8333333  4.583333
288 5.0000000  4.583333
314 5.4166667  5.000000
233 2.9166667  3.750000
234 3.3333333  3.750000
254 1.2500000  4.166667
302 0.4166667  5.000000
232 2.5000000  3.750000
262 4.5833333  4.166667
235 3.7500000  3.750000
231 2.0833333  3.750000
340 5.8333333  5.416667
326 0.0000000  5.416667
236 4.1666667  3.750000
230 1.6666667  3.750000