dim(M.COUNT)
[1]  46 100
> #-----------------------------
> M.COUNT[nleft,]
  [1] 1 1 1 1 1 1 1 1 1 1 1 1 1 1 1 1 1 1 1 0 1 1 0 1 1 1 1 1 1 1 1 1 1 1 1 1 1 1 1 1 1 1 1 1 1 0 1 0 0 1 1 1 0 1 1 1 1 1 1 1 0 0 1 1
 [65] 1 1 0 0 1 1 1 1 1 1 1 1 1 1 1 1 1 0 0 1 1 1 1 1 1 1 1 1 1 1 0 0 1 0 1 1
> E11[nleft,]
  [1] 0.8849210 0.8562224 0.8599201 0.7727729 0.9139158 0.8777382 0.7919059 0.8756227 0.7981041 0.8483638 0.8784243 0.8685132
 [13] 0.8711312 0.8535834 0.8648005 0.9106421 0.8091976 0.8765552 0.8948679 0.7899905 0.7936739 0.8860567 0.8637883 0.8074247
 [25] 0.8788823 0.8283758 0.8796947 0.8707420 0.8448692 0.8570716 0.8871565 0.9162343 0.8669590 0.8664763 0.8241675 0.8975137
 [37] 0.8976957 0.8711828 0.7991906 0.9013525 0.8300433 0.8906466 0.8795455 0.8903250 0.9099030 0.8292903 0.9018874 0.8299197
 [49] 0.7988099 0.8400952 0.7936245 0.8992983 0.7058323 0.9144870 0.8809515 0.9025240 0.8624284 0.8667916 0.8122569 0.8846566
 [61] 0.8819738 0.8167440 0.8772802 0.8389842 0.8956235 0.8446443 0.8538673 0.7551442 0.8883358 0.8347930 0.8768181 0.8254725
 [73] 0.8768813 0.9132234 0.9178764 0.9028657 0.8894039 0.8098855 0.9033976 0.8774702 0.8927081 0.8773395 0.7837585 0.9039925
 [85] 0.8823547 0.8631047 0.8569220 0.7992321 0.8665295 0.8903968 0.8764204 0.9005687 0.8394979 0.8992031 0.8028986 0.7738771
 [97] 0.9005006 0.8418667 0.8619669 0.8092483
> E12[nleft,]
  [1] 0.8873220 0.8588577 0.8624871 0.7745560 0.9170156 0.8805381 0.7930531 0.8785915 0.7995651 0.8507117 0.8812300 0.8706796
 [13] 0.8742274 0.8568132 0.8678366 0.9134689 0.8108972 0.8793855 0.8976339 0.7917492 0.7966581 0.8883297 0.8657686 0.8094408
 [25] 0.8813028 0.8315539 0.8814222 0.8726155 0.8478627 0.8616367 0.8899413 0.9186400 0.8695859 0.8693063 0.8266735 0.9000749
 [37] 0.8999789 0.8733327 0.8018736 0.9035929 0.8321758 0.8928952 0.8818897 0.8927949 0.9131292 0.8320647 0.9043463 0.8314754
 [49] 0.8016219 0.8426892 0.7955250 0.9026157 0.7073745 0.9182139 0.8830075 0.9046489 0.8646696 0.8687807 0.8148702 0.8873673
 [61] 0.8836487 0.8187077 0.8803094 0.8419256 0.8990012 0.8464772 0.8564467 0.7579171 0.8915850 0.8378808 0.8788905 0.8273065
 [73] 0.8789811 0.9159894 0.9214772 0.9052321 0.8916939 0.8131900 0.9053765 0.8792794 0.8947384 0.8801509 0.7856253 0.9066590
 [85] 0.8852069 0.8650108 0.8605291 0.8011897 0.8691807 0.8931248 0.8789071 0.9029260 0.8413532 0.9013180 0.8045381 0.7757168
 [97] 0.9028270 0.8448314 0.8640822 0.8112379
> E22[nleft,]
  [1] 0.8794604 0.8491674 0.8538584 0.7666258 0.9092398 0.8713850 0.7882024 0.8698792 0.7897335 0.8439524 0.8725125 0.8628211
 [13] 0.8650527 0.8477222 0.8583352 0.9062081 0.8009013 0.8703024 0.8897588 0.7799357 0.7846751 0.8809039 0.8582652 0.8004534
 [25] 0.8730186 0.8203713 0.8777910 0.8653243 0.8367369 0.8484955 0.8817273 0.9125006 0.8611434 0.8600832 0.8158020 0.8931484
 [37] 0.8936139 0.8662492 0.7912604 0.8970934 0.8232112 0.8855875 0.8755128 0.8845914 0.9053067 0.8203147 0.8977297 0.8224498
 [49] 0.7887782 0.8331366 0.7852596 0.8941419 0.6944872 0.9090983 0.8760567 0.8990985 0.8564921 0.8611199 0.8031697 0.8794949
 [61] 0.8770352 0.8087370 0.8710023 0.8307751 0.8898722 0.8396293 0.8462885 0.7437259 0.8837715 0.8279944 0.8715494 0.8181481
 [73] 0.8718252 0.9089373 0.9127833 0.8983137 0.8846923 0.8003910 0.9006722 0.8728392 0.8881958 0.8716479 0.7730284 0.8992083
 [85] 0.8759755 0.8585271 0.8496158 0.7900249 0.8617628 0.8849742 0.8710174 0.8963172 0.8326780 0.8960871 0.7951104 0.7626827
 [97] 0.8958169 0.8333153 0.8559119 0.8000155
> E21[nleft,]
  [1] 0.8809819 0.8508988 0.8555324 0.7680300 0.9110862 0.8731043 0.7891804 0.8717684 0.7908972 0.8456155 0.8743053 0.8642241
 [13] 0.8669936 0.8497489 0.8603033 0.9079437 0.8022039 0.8720729 0.8914604 0.7813789 0.7867352 0.8823681 0.8596599 0.8018565
 [25] 0.8746175 0.8224681 0.8789850 0.8665860 0.8386285 0.8511789 0.8834218 0.9139917 0.8628185 0.8618566 0.8175337 0.8947701
 [37] 0.8950687 0.8676513 0.7930499 0.8984991 0.8248320 0.8870669 0.8770699 0.8861857 0.9072503 0.8220554 0.8992957 0.8236649
 [49] 0.7907835 0.8348336 0.7867721 0.8960815 0.6958548 0.9112463 0.8773868 0.9004565 0.8580032 0.8624930 0.8048914 0.8811663
 [61] 0.8782209 0.8102080 0.8728515 0.8326906 0.8919141 0.8409688 0.8480923 0.7458414 0.8857537 0.8299705 0.8729048 0.8194878
 [73] 0.8731849 0.9106198 0.9148418 0.8998067 0.8861864 0.8026661 0.9019886 0.8740354 0.8895348 0.8733995 0.7743890 0.9008691
 [85] 0.8777958 0.8598551 0.8518490 0.7914930 0.8634293 0.8867019 0.8726195 0.8978072 0.8339790 0.8975666 0.7963517 0.7641580
 [97] 0.8973164 0.8353902 0.8573364 0.8015377
> E1.dif[nleft,]
  [1] 0.002400988 0.002635285 0.002566933 0.001783092 0.003099857 0.002799948 0.001147200 0.002968865 0.001460992 0.002347922
 [11] 0.002805668 0.002166479 0.003096248 0.003229819 0.003036115 0.002826775 0.001699533 0.002830299 0.002765959 0.001758715
 [21] 0.002984244 0.002273022 0.001980300 0.002016089 0.002420440 0.003178045 0.001727469 0.001873518 0.002993493 0.004565031
 [31] 0.002784777 0.002405654 0.002626898 0.002830059 0.002506025 0.002561254 0.002283235 0.002149962 0.002683009 0.002240380
 [41] 0.002132451 0.002248605 0.002344238 0.002469876 0.003226176 0.002774485 0.002458886 0.001555736 0.002812024 0.002593915
 [51] 0.001900516 0.003317471 0.001542192 0.003726863 0.002055990 0.002124853 0.002241143 0.001989145 0.002613229 0.002710698
 [61] 0.001674982 0.001963692 0.003029169 0.002941425 0.003377635 0.001832907 0.002579383 0.002772866 0.003249215 0.003087822
 [71] 0.002072358 0.001834033 0.002099845 0.002765962 0.003600820 0.002366346 0.002289953 0.003304502 0.001978864 0.001809204
 [81] 0.002030305 0.002811442 0.001866770 0.002666513 0.002852208 0.001906045 0.003607081 0.001957588 0.002651169 0.002728024
 [91] 0.002486776 0.002357311 0.001855326 0.002114968 0.001639460 0.001839682 0.002326407 0.002964670 0.002115349 0.001989560
> E2.dif[nleft,]
  [1] 0.0015215260 0.0017314263 0.0016740665 0.0014041960 0.0018463776 0.0017193581 0.0009779852 0.0018892006 0.0011637057
 [10] 0.0016631351 0.0017927335 0.0014030185 0.0019409081 0.0020267305 0.0019680672 0.0017356112 0.0013026689 0.0017704863
 [19] 0.0017015948 0.0014432185 0.0020601027 0.0014642192 0.0013946851 0.0014031217 0.0015988111 0.0020968075 0.0011940836
 [28] 0.0012616662 0.0018916157 0.0026834382 0.0016945519 0.0014911192 0.0016750515 0.0017734506 0.0017316812 0.0016216763
 [37] 0.0014548525 0.0014020627 0.0017894568 0.0014056853 0.0016208900 0.0014793272 0.0015570763 0.0015943152 0.0019435524
 [46] 0.0017406251 0.0015659633 0.0012150545 0.0020052662 0.0016970685 0.0015124785 0.0019396582 0.0013676085 0.0021480234
 [55] 0.0013301614 0.0013579734 0.0015110984 0.0013730770 0.0017216679 0.0016714373 0.0011856603 0.0014710074 0.0018491390
 [64] 0.0019154939 0.0020419335 0.0013394303 0.0018038331 0.0021155101 0.0019821487 0.0019761070 0.0013553774 0.0013397016
 [73] 0.0013596367 0.0016824242 0.0020585396 0.0014930438 0.0014941192 0.0022750681 0.0013163497 0.0011962376 0.0013390419
 [82] 0.0017516498 0.0013605055 0.0016607665 0.0018202716 0.0013279274 0.0022332295 0.0014680655 0.0016664733 0.0017276088
 [91] 0.0016021006 0.0014899654 0.0013010447 0.0014794885 0.0012413506 0.0014753245 0.0014995065 0.0020748952 0.0014245081
[100] 0.0015221164
> SUM.E1E2[nleft,]
  [1] 0.003922514 0.004366711 0.004240999 0.003187288 0.004946234 0.004519306 0.002125185 0.004858066 0.002624697 0.004011058
 [11] 0.004598402 0.003569498 0.005037156 0.005256549 0.005004182 0.004562386 0.003002202 0.004600785 0.004467553 0.003201934
 [21] 0.005044347 0.003737242 0.003374985 0.003419211 0.004019251 0.005274853 0.002921552 0.003135184 0.004885109 0.007248470
 [31] 0.004479329 0.003896773 0.004301949 0.004603509 0.004237706 0.004182931 0.003738087 0.003552025 0.004472465 0.003646065
 [41] 0.003753341 0.003727932 0.003901315 0.004064191 0.005169729 0.004515110 0.004024849 0.002770790 0.004817290 0.004290983
 [51] 0.003412995 0.005257129 0.002909800 0.005874886 0.003386151 0.003482826 0.003752241 0.003362222 0.004334897 0.004382135
 [61] 0.002860642 0.003434699 0.004878308 0.004856919 0.005419568 0.003172337 0.004383216 0.004888376 0.005231364 0.005063929
 [71] 0.003427736 0.003173735 0.003459481 0.004448386 0.005659359 0.003859390 0.003784072 0.005579570 0.003295213 0.003005442
 [81] 0.003369347 0.004563092 0.003227276 0.004327280 0.004672480 0.003233972 0.005840311 0.003425653 0.004317642 0.004455633
 [91] 0.004088876 0.003847277 0.003156371 0.003594457 0.002880810 0.003315006 0.003825913 0.005039566 0.003539857 0.003511676
> dim(M.COUNT)
[1]  46 100
> dim(E11)
[1]  46 100
> hit.iter <- apply(M.COUNT,1,mean)
> hit.iter
 [1] 0.49 0.71 0.67 0.71 0.65 0.74 0.65 0.70 0.70 0.73 0.67 0.71 0.73 0.72 0.72 0.75 0.73 0.74 0.75 0.73 0.71 0.72 0.73 0.75 0.76
[26] 0.79 0.77 0.74 0.76 0.78 0.79 0.77 0.77 0.81 0.76 0.80 0.77 0.81 0.81 0.85 0.82 0.79 0.83 0.84 0.83 0.85
> E11.iter <- apply(E11,1,mean)
> E12.iter <- apply(E12,1,mean)
> E22.iter <- apply(E22,1,mean)
> E21.iter <- apply(E21,1,mean)
> E1.dif.iter <- apply(E1.dif,1,mean)
> E2.dif.iter <- apply(E2.dif,1,mean)
> SUM.E1E2.iter <- apply(SUM.E1E2,1,mean)
> E11.iter
 [1] 0.9692469 0.9651785 0.9625978 0.9596167 0.9560969 0.9523626 0.9486093 0.9447352 0.9416241 0.9379963 0.9343685 0.9302124
[13] 0.9265506 0.9230339 0.9188009 0.9152670 0.9114115 0.9077177 0.9045658 0.9015598 0.8986229 0.8961828 0.8938441 0.8915053
[25] 0.8894612 0.8874410 0.8856987 0.8842342 0.8821260 0.8805759 0.8783153 0.8766485 0.8749134 0.8731614 0.8718043 0.8712972
[37] 0.8698831 0.8686623 0.8676499 0.8665716 0.8657443 0.8644983 0.8630299 0.8614793 0.8597049 0.8586209
> E12.iter
 [1] 0.9695220 0.9655915 0.9631008 0.9601750 0.9566936 0.9529762 0.9492417 0.9453924 0.9423220 0.9387294 0.9351488 0.9310255
[13] 0.9274194 0.9239545 0.9197718 0.9162762 0.9124658 0.9087976 0.9056911 0.9027233 0.8998397 0.8974394 0.8951508 0.8928651
[25] 0.8908730 0.8888939 0.8872023 0.8858123 0.8837677 0.8822734 0.8800646 0.8784473 0.8767885 0.8750880 0.8737987 0.8733489
[37] 0.8719737 0.8707904 0.8698186 0.8687924 0.8680148 0.8668052 0.8653807 0.8638745 0.8621363 0.8610884
> E22.iter
 [1] 0.9693692 0.9652154 0.9625833 0.9595099 0.9559046 0.9520801 0.9482101 0.9442012 0.9409560 0.9371873 0.9333953 0.9290552
[13] 0.9252135 0.9215184 0.9170737 0.9133222 0.9092720 0.9053897 0.9020635 0.8988523 0.8957215 0.8931398 0.8906399 0.8881145
[25] 0.8859362 0.8837459 0.8818572 0.8802409 0.8779683 0.8762609 0.8738464 0.8720565 0.8701637 0.8682408 0.8667419 0.8661558
[37] 0.8646190 0.8633018 0.8621855 0.8610086 0.8600808 0.8587179 0.8571495 0.8554814 0.8535907 0.8523964
> E21.iter
 [1] 0.9696304 0.9655583 0.9629680 0.9599267 0.9563457 0.9525370 0.9486852 0.9446983 0.9414812 0.9377402 0.9339809 0.9296662
[13] 0.9258618 0.9222013 0.9177918 0.9140693 0.9100496 0.9061871 0.9028904 0.8997056 0.8966087 0.8940526 0.8915841 0.8890942
[25] 0.8869467 0.8847848 0.8829259 0.8813508 0.8791156 0.8774429 0.8750587 0.8732976 0.8714471 0.8695551 0.8680958 0.8675394
[37] 0.8660255 0.8647308 0.8636398 0.8624922 0.8615924 0.8602526 0.8587107 0.8570696 0.8551981 0.8540248
> E1.dif.iter
 [1] 0.0002750809 0.0004130169 0.0005030358 0.0005583388 0.0005966417 0.0006135766 0.0006324118 0.0006572287 0.0006979421
[10] 0.0007331440 0.0007802100 0.0008131362 0.0008688005 0.0009205895 0.0009708644 0.0010092366 0.0010542325 0.0010799270
[19] 0.0011253030 0.0011635016 0.0012168464 0.0012565936 0.0013066842 0.0013597783 0.0014118125 0.0014529004 0.0015035668
[28] 0.0015780730 0.0016417088 0.0016975039 0.0017492742 0.0017988239 0.0018751331 0.0019265930 0.0019943226 0.0020516925
[37] 0.0020905666 0.0021281363 0.0021687136 0.0022207974 0.0022705595 0.0023068365 0.0023507759 0.0023952435 0.0024313868
[46] 0.0024674572
> E2.dif.iter
 [1] 0.0002612094 0.0003428148 0.0003847287 0.0004167766 0.0004410904 0.0004569553 0.0004750377 0.0004970676 0.0005251757
[10] 0.0005528710 0.0005855401 0.0006110536 0.0006482768 0.0006829670 0.0007181140 0.0007470861 0.0007776009 0.0007973769
[19] 0.0008268582 0.0008532888 0.0008871688 0.0009128582 0.0009441441 0.0009796920 0.0010105024 0.0010389315 0.0010687479
[28] 0.0011098827 0.0011472253 0.0011819610 0.0012123022 0.0012411055 0.0012834185 0.0013143099 0.0013539311 0.0013835570
[37] 0.0014065485 0.0014290165 0.0014543609 0.0014835752 0.0015115937 0.0015347059 0.0015611490 0.0015882816 0.0016074374
[46] 0.0016283308
> SUM.E1E2.iter
 [1] 0.0005362904 0.0007558317 0.0008877645 0.0009751154 0.0010377322 0.0010705319 0.0011074495 0.0011542962 0.0012231178
[10] 0.0012860151 0.0013657501 0.0014241898 0.0015170774 0.0016035565 0.0016889784 0.0017563227 0.0018318334 0.0018773039
[19] 0.0019521613 0.0020167904 0.0021040151 0.0021694519 0.0022508283 0.0023394703 0.0024223150 0.0024918319 0.0025723147
[28] 0.0026879557 0.0027889341 0.0028794649 0.0029615764 0.0030399294 0.0031585517 0.0032409029 0.0033482537 0.0034352495
[37] 0.0034971151 0.0035571528 0.0036230745 0.0037043726 0.0037821532 0.0038415424 0.0039119249 0.0039835251 0.0040388242
[46] 0.0040957880
> sel.iter <- c(1,2,3,4,5,6,16,26,36,nleft)
> hit.iter[sel.iter]
 [1] 0.49 0.71 0.67 0.71 0.65 0.74 0.75 0.79 0.80 0.85
> E11.iter[sel.iter]
 [1] 0.9692469 0.9651785 0.9625978 0.9596167 0.9560969 0.9523626 0.9152670 0.8874410 0.8712972 0.8586209
> E12.iter[sel.iter]
 [1] 0.9695220 0.9655915 0.9631008 0.9601750 0.9566936 0.9529762 0.9162762 0.8888939 0.8733489 0.8610884
> E22.iter[sel.iter]
 [1] 0.9693692 0.9652154 0.9625833 0.9595099 0.9559046 0.9520801 0.9133222 0.8837459 0.8661558 0.8523964
> E21.iter[sel.iter]
 [1] 0.9696304 0.9655583 0.9629680 0.9599267 0.9563457 0.9525370 0.9140693 0.8847848 0.8675394 0.8540248
> E1.dif.iter[sel.iter]
 [1] 0.0002750809 0.0004130169 0.0005030358 0.0005583388 0.0005966417 0.0006135766 0.0010092366 0.0014529004 0.0020516925
[10] 0.0024674572
> E2.dif.iter[sel.iter]
 [1] 0.0002612094 0.0003428148 0.0003847287 0.0004167766 0.0004410904 0.0004569553 0.0007470861 0.0010389315 0.0013835570
[10] 0.0016283308
> SUM.E1E2.iter[sel.iter]
 [1] 0.0005362904 0.0007558317 0.0008877645 0.0009751154 0.0010377322 0.0010705319 0.0017563227 0.0024918319 0.0034352495
[10] 0.0040957880
> round(E11.iter[sel.iter], digits = 4)
 [1] 0.9692 0.9652 0.9626 0.9596 0.9561 0.9524 0.9153 0.8874 0.8713 0.8586
> round(E12.iter[sel.iter], digits = 4)
 [1] 0.9695 0.9656 0.9631 0.9602 0.9567 0.9530 0.9163 0.8889 0.8733 0.8611
> round(E22.iter[sel.iter], digits = 4)
 [1] 0.9694 0.9652 0.9626 0.9595 0.9559 0.9521 0.9133 0.8837 0.8662 0.8524
> round(E21.iter[sel.iter], digits = 4)
 [1] 0.9696 0.9656 0.9630 0.9599 0.9563 0.9525 0.9141 0.8848 0.8675 0.8540
> round(E1.dif.iter[sel.iter], digits = 4)
 [1] 0.0003 0.0004 0.0005 0.0006 0.0006 0.0006 0.0010 0.0015 0.0021 0.0025
> round(E2.dif.iter[sel.iter], digits = 4)
 [1] 0.0003 0.0003 0.0004 0.0004 0.0004 0.0005 0.0007 0.0010 0.0014 0.0016
> round(SUM.E1E2.iter[sel.iter], digits = 4)
 [1] 0.0005 0.0008 0.0009 0.0010 0.0010 0.0011 0.0018 0.0025 0.0034 0.0041
> dim(THETA1.EST)
[1]  46 100
> dim(THETA2.EST)
[1]  46 100
>


dim(THETA1.EST)
[1]  46 100
> dim(THETA2.EST)
[1]  46 100
> THETA1.EST[,1:20]
           [,1]      [,2]      [,3]      [,4]      [,5]      [,6]      [,7]      [,8]      [,9]     [,10]     [,11]     [,12]
 [1,] 1.1406693 0.2169847 0.6064574 0.4919781 1.4615392 0.6042469 1.1126183 0.3403070 0.1000834 0.1213243 2.3282813 0.1619177
 [2,] 0.7630714 0.4073666 0.3780108 0.8458338 1.1456878 0.9717678 0.9729867 0.5493114 0.2468854 0.4691542 1.5177302 0.6667441
 [3,] 0.6494572 0.3470930 0.5272865 0.8216515 0.9192103 0.7617090 0.8074292 0.5649815 0.4340089 0.4657470 1.1356477 0.6587323
 [4,] 0.5997056 0.3671992 0.7269413 0.8216132 0.7963714 0.6769746 0.7468739 0.8559346 0.5092244 0.5657411 0.9299928 0.9112735
 [5,] 0.9166041 0.5644622 0.8861526 0.7694224 0.9565941 0.7981560 0.7263831 0.8061635 0.7246009 0.5049704 0.8064946 0.8267974
 [6,] 0.9026964 0.5220046 0.7937398 0.7233574 0.9092971 0.7200146 0.7613147 0.7699648 0.7087316 0.4702373 0.7227211 1.0047019
 [7,] 0.9157528 0.7741286 0.9034026 0.7618051 0.8355876 0.6600303 0.7935765 0.8305223 1.0100263 0.5132593 0.9287902 0.9502017
 [8,] 0.8412616 0.6880166 0.8940426 0.7307912 0.8312847 0.6756731 0.7431599 0.7780764 0.9904889 1.0556284 0.9658861 1.1302143
 [9,] 0.8579592 0.7354475 0.8767373 0.7849637 0.8302219 0.7180677 0.8332371 0.7635893 0.9209464 1.0257052 0.8846390 1.0160395
[10,] 0.8673326 0.6870669 0.8493023 0.7543854 0.8021307 0.7207443 0.8041527 0.7547403 0.8806360 0.9546359 0.8321478 0.9389200
[11,] 0.8138110 0.7216444 0.8470382 0.7517958 0.7772437 0.7225285 0.8367311 0.7278756 0.8293652 0.9792821 0.8050005 0.8821131
[12,] 0.8278012 0.6974665 0.8485614 0.7409618 0.7622461 0.6965219 0.8237939 0.7640459 0.7906896 0.9738585 0.7897612 0.8283172
[13,] 0.8500022 0.7360486 0.8210000 0.7177977 0.7941246 0.6738062 0.7990696 0.7372535 0.7594592 0.9179637 0.7759755 0.7990911
[14,] 0.8134835 0.7402156 0.7759410 0.7486923 0.7656477 0.7069669 0.9553990 0.7391056 0.7195979 0.9736241 0.7528156 0.7867823
[15,] 0.7883531 0.7200732 0.7516767 0.7889266 0.8074851 0.7334995 0.9328596 0.8671893 0.6870509 0.9336246 0.7581803 0.7898288
[16,] 0.7652878 0.7418954 0.7302633 0.7893966 0.9311883 0.7192279 0.8959487 0.9370556 0.6689468 0.9322789 0.7447498 0.7707155
[17,] 0.8019906 0.7509967 0.7200413 0.7618830 0.9363884 0.7368131 0.8696040 0.9114384 0.6549396 0.8990352 0.7308134 0.7611173
[18,] 0.7800773 0.7389502 0.7274675 0.7554995 0.9195154 0.7915056 0.8613953 0.8943223 0.6448104 0.8696232 0.7692981 0.7823583
[19,] 0.7633673 0.7393858 0.7078564 0.7396502 0.8856719 0.7706500 0.8371529 0.8732019 0.6544521 0.9017336 0.7533454 0.7870769
[20,] 0.7820549 0.8489950 0.7609756 0.7284830 0.8703450 0.7541257 0.8150724 0.8520050 0.6666031 0.8891529 0.7419473 0.8046630
[21,] 0.7674448 0.9283142 0.7421080 0.7159483 0.8765032 0.7506884 0.8154991 0.8380291 0.6953153 0.8747538 0.7501650 0.7947041
[22,] 0.7621708 0.9480380 0.7224287 0.7015878 0.8916196 0.7386391 0.8539727 0.8210519 0.6941260 0.8755019 0.7487546 0.7838630
[23,] 0.7473421 0.9013221 0.7042391 0.6947000 0.8699213 0.7377094 0.8336232 0.8255409 0.7034422 0.8555564 0.7450162 0.7616217
[24,] 0.7461620 0.8811598 0.6903011 0.7429515 0.8800478 0.7996545 0.8623580 0.8193512 0.6935334 0.8606083 0.7651849 0.7416130
[25,] 0.7587026 0.9032130 0.6783389 0.7510678 0.8637746 0.8221186 0.8515755 0.8042118 0.6864386 0.8679848 0.7661615 0.7243574
[26,] 0.7499195 0.8826975 0.6646592 0.7582842 0.8594318 0.8693340 0.8343582 0.7975051 0.6866165 0.8557040 0.7655684 0.7163856
[27,] 0.7345133 0.8668519 0.6684505 0.7474752 0.8413608 0.8489006 0.8165805 0.8238937 0.7148523 0.8489880 0.7511114 0.7187641
[28,] 0.7208832 0.8669562 0.6585398 0.7813604 0.8402373 0.8405832 0.8396445 0.8147630 0.7326204 0.8494967 0.7375730 0.7593191
[29,] 0.7332586 0.8482830 0.6806387 0.7626335 0.8947126 0.8355778 0.8280556 0.8025788 0.7233967 0.8381643 0.7288498 0.7633428
[30,] 0.7332161 0.8474614 0.6689238 0.7637131 0.8769156 0.8218137 0.8152318 0.8452049 0.7245048 0.8288296 0.7231325 0.7987049
[31,] 0.7224667 0.8359242 0.6693422 0.7632275 0.8614143 0.8346386 0.8088716 0.8303325 0.7634596 0.8316337 0.7157184 0.7874378
[32,] 0.7186767 0.8197524 0.6800399 0.7519165 0.8487415 0.8193218 0.8003796 0.8198563 0.7524225 0.8212138 0.7472900 0.8241948
[33,] 0.7103803 0.8142127 0.6903581 0.7476219 0.8376323 0.8413884 0.7879460 0.8164685 0.7585195 0.8173195 0.7662609 0.8348265
[34,] 0.7074091 0.8312198 0.6926965 0.7375494 0.8293591 0.8387078 0.8049015 0.8063176 0.7760051 0.8172518 0.7615985 0.8209535
[35,] 0.7118808 0.8408464 0.6913485 0.7321315 0.8253109 0.8252396 0.7951571 0.8004756 0.8100881 0.8075787 0.7714165 0.8113830
[36,] 0.7184978 0.8675645 0.6832274 0.7679016 0.8226752 0.8158402 0.7871761 0.7892407 0.8125299 0.7989755 0.7875030 0.8069665
[37,] 0.7123958 0.8721151 0.7092838 0.7666284 0.8110673 0.8320710 0.7852588 0.8419681 0.8061576 0.7937997 0.7796126 0.8076138
[38,] 0.7028524 0.8587043 0.7132265 0.7622175 0.8006708 0.8208771 0.7760397 0.8342872 0.8157091 0.7886784 0.8015422 0.8012652
[39,] 0.7059489 0.8620434 0.7075709 0.7590590 0.7907217 0.8138583 0.7745361 0.8540348 0.8219955 0.8030713 0.8360481 0.7947459
[40,] 0.7062166 0.8930763 0.7083798 0.7496622 0.7815885 0.8065350 0.7662123 0.8679260 0.8111883 0.8266738 0.8255274 0.7875420
[41,] 0.7008016 0.8847976 0.7034267 0.7380919 0.7765461 0.8111557 0.7919064 0.8577223 0.8020415 0.8164424 0.8157783 0.7820589
[42,] 0.7205245 0.8836600 0.7330225 0.7417409 0.7699944 0.8148842 0.7900305 0.8565043 0.7967706 0.8099255 0.8255352 0.7821490
[43,] 0.7267649 0.8896490 0.7451905 0.7920656 0.7623325 0.8166538 0.7992237 0.8460528 0.7902653 0.8096105 0.8156672 0.7784249
[44,] 0.7410954 0.8786221 0.7481534 0.7737335 0.7540488 0.8074188 0.7904584 0.8401332 0.7862138 0.8046088 0.8414798 0.7975357
[45,] 0.7327801 0.8686977 0.7431025 0.8182530 0.7482609 0.8059063 0.7901917 0.8316919 0.7788293 0.8141550 0.8447195 0.7956640
[46,] 0.7323489 0.8704518 0.7360430 0.8055600 0.7410459 0.7972110 0.7801763 0.8248286 0.7700917 0.8095926 0.8397967 0.7892620
          [,13]     [,14]     [,15]     [,16]     [,17]     [,18]     [,19]     [,20]
 [1,] 2.1283388 0.4771911 1.7479515 1.5501281 0.7915478 0.2878711 0.4242463 3.2319493
 [2,] 1.3862350 1.0811611 1.1629061 1.3045081 1.3924069 0.3351203 0.7681018 2.8210404
 [3,] 0.9236200 1.0488657 1.1257930 1.5122446 1.2045148 0.4741704 0.8938242 1.8915342
 [4,] 1.2250980 0.9326962 1.0535871 1.5800764 1.0132861 0.6285302 0.6954585 1.5071777
 [5,] 1.0830932 0.9334793 0.9472231 1.5327250 0.9597003 0.5921898 0.6108483 1.3156113
 [6,] 0.9991458 0.8572336 0.9701799 1.3645963 0.9291531 0.8153894 0.5955595 1.1488999
 [7,] 1.1080737 0.8001595 0.9102937 1.2930578 0.8728965 0.8828166 0.6623054 1.2218099
 [8,] 1.0502308 0.8107379 0.9200286 1.3808391 0.8036799 0.8431447 0.6386730 1.1185070
 [9,] 0.9630499 0.9325962 0.8787184 1.2425248 0.8064225 0.8247309 0.6558791 1.0692331
[10,] 0.9018789 0.8872124 0.8543830 1.1645214 0.7928824 0.7965818 0.6835641 1.0811612
[11,] 0.8783390 0.8462870 0.8672896 1.1332353 0.8137547 0.7673736 0.8415136 1.0910615
[12,] 0.8407614 0.9022619 0.8285261 1.0737550 0.9129677 0.7444239 0.8794886 1.0938432
[13,] 0.8530199 0.8918781 0.9489405 1.0907436 0.9248962 0.7329998 0.8408616 1.1388497
[14,] 0.8555657 0.8627788 0.9614264 1.0607440 0.8848621 0.7589817 0.8514143 1.0872305
[15,] 0.8395337 0.8629653 0.9413984 1.0395841 0.9238799 0.7487574 0.8299457 1.0417114
[16,] 0.8039244 0.8565118 0.9601829 1.0427828 0.9331099 0.7746817 0.8919892 1.0357306
[17,] 0.8877337 0.8537270 0.9373392 1.0115774 0.8940263 0.7821434 0.9052982 1.0347146
[18,] 1.0777087 0.8313470 0.9135836 0.9835348 0.8646714 0.7849380 0.8811976 0.9902339
[19,] 1.0469506 0.8825011 1.0456123 0.9666327 0.8452086 0.8071457 0.8981168 1.0222054
[20,] 1.0284370 0.8580783 0.9956862 0.9406279 0.8155695 0.7849049 0.8943948 1.0153835
[21,] 1.0238110 0.8495672 1.0054186 0.9517068 0.8100470 0.7751462 0.8725490 0.9987522
[22,] 0.9935237 0.8355202 0.9942131 0.9755128 0.7869507 0.7622781 0.8470540 0.9740670
[23,] 1.0150182 0.8128522 0.9738231 0.9528946 0.7708653 0.7569456 0.8385824 0.9934914
[24,] 1.0030590 0.7918028 0.9591754 0.9296085 0.7745909 0.7539216 0.8468096 0.9663260
[25,] 0.9777996 0.7857632 0.9428100 0.9159367 0.7949602 0.8046969 0.8250073 0.9452029
[26,] 0.9691169 0.7712481 0.9304312 0.9280299 0.7797903 0.8273075 0.8260712 0.9385429
[27,] 0.9486294 0.7676825 0.9187539 0.9114577 0.7746455 0.8345665 0.8207061 0.9276124
[28,] 0.9419999 0.7925093 0.9249895 0.8943692 0.8130160 0.8292871 0.8043783 0.9129888
[29,] 0.9239293 0.8216380 0.9080730 0.8803595 0.8934880 0.8251120 0.8239938 0.9025763
[30,] 0.9349439 0.8101186 0.9023557 0.8670573 0.9039287 0.8209207 0.8085024 0.8926812
[31,] 0.9200908 0.8057271 0.8853306 0.8671623 0.9042317 0.8135036 0.7927836 0.8858771
[32,] 0.9075816 0.7941352 0.8693657 0.8592728 0.9312836 0.8073380 0.8300693 0.9166371
[33,] 0.8939177 0.7822050 0.8559981 0.8639427 0.9414635 0.7958106 0.8177348 0.9174525
[34,] 0.8844283 0.8436754 0.8555344 0.8511779 0.9298158 0.7846216 0.8053343 0.9098738
[35,] 0.8717096 0.8546768 0.8474218 0.8385561 0.9630549 0.7736450 0.7921251 0.9000012
[36,] 0.8632024 0.8413472 0.8355867 0.8277931 0.9497940 0.7687391 0.8001374 0.9070154
[37,] 0.8615354 0.8278280 0.8293537 0.8286915 0.9377400 0.7639542 0.7876034 0.8904453
[38,] 0.8651344 0.8149352 0.8592166 0.8185843 0.9221986 0.7773515 0.7843699 0.8796080
[39,] 0.8838629 0.8062449 0.8637478 0.8106857 0.9122593 0.7676019 0.7829079 0.8735198
[40,] 0.8781683 0.8067724 0.8535741 0.8041757 0.9298682 0.7672093 0.7747933 0.8925346
[41,] 0.8714873 0.7970680 0.8593049 0.7993363 0.9173107 0.7676279 0.7909511 0.8851187
[42,] 0.8626626 0.7886694 0.8711312 0.7915435 0.9039427 0.7681511 0.7810515 0.8755448
[43,] 0.8810932 0.7835074 0.8618567 0.8070241 0.8956552 0.7607082 0.7778958 0.8693465
[44,] 0.8808350 0.7847296 0.8518095 0.8129743 0.8884591 0.7560575 0.7791452 0.8605085
[45,] 0.8778122 0.7752541 0.8477979 0.8308620 0.8884281 0.7482572 0.7723746 0.8527955
[46,] 0.8765638 0.7748285 0.8709513 0.8238812 0.8849792 0.7454938 0.7709257 0.8436877
> THETA1.EST[,21:40]
           [,1]      [,2]       [,3]      [,4]      [,5]      [,6]      [,7]      [,8]      [,9]     [,10]     [,11]     [,12]
 [1,] 0.4202946 1.3003273 54.2663846 0.9326615 0.3317868 0.1208032 0.4282773 0.8358220 0.3337603 0.7307641 0.9013970 0.2773480
 [2,] 0.3544016 1.0463686 54.2633383 1.1814238 0.6924704 0.2195999 0.8381235 0.6556923 0.6914101 0.5106414 0.5137616 0.4540658
 [3,] 0.4478329 0.8650320 54.3208607 0.9191476 0.7104564 0.5811063 0.8090626 0.6185906 0.6681031 0.7062382 0.7110750 0.4103055
 [4,] 0.4463884 1.1734300 54.4722929 1.2121068 0.6367341 0.9895939 0.7274963 0.5641838 0.6483838 0.6474872 0.9487929 0.6737508
 [5,] 0.4967545 1.0346662  1.1098212 1.1586144 0.6355134 0.8388619 0.6704647 0.9018998 0.6253329 0.5935273 0.9579727 0.7992723
 [6,] 0.5464996 0.9614055  1.0258108 1.1211533 0.6752885 0.7670955 0.8725919 0.8244017 0.7170826 0.8955604 0.8915525 0.7463405
 [7,] 0.5241005 1.0181067  0.9433542 1.0772311 0.6623287 0.7963800 0.8427994 0.8755631 0.8021048 0.9792313 0.8908012 0.7509714
 [8,] 0.4971472 0.9517667  0.9821463 1.0439118 0.7664488 0.7607528 0.8015176 0.8603004 0.7942862 1.1068790 0.8624230 0.7568661
 [9,] 0.4836752 0.9163927  0.9684314 1.1290319 0.7429893 0.7708135 1.0742258 0.8369777 0.7966545 1.0240594 0.8739557 0.9843978
[10,] 0.6216132 0.9186631  0.9130022 1.0949995 0.7515671 0.8581281 1.0285361 0.8035906 0.7600892 1.0086261 0.8918926 0.9932143
[11,] 0.6099459 0.8908765  0.9534864 1.0835108 0.7228095 0.9607007 1.0440748 0.7588557 0.7572274 0.9674562 0.9076446 1.0749192
[12,] 0.6061610 0.8549384  0.9182479 1.0453548 0.6990495 0.9424243 1.0612023 0.7657809 0.7866620 1.0379285 0.8711529 1.0201720
[13,] 0.6423109 0.8406963  0.9170122 1.0244228 0.7657432 0.9040757 1.0205227 0.7831805 0.8026776 0.9870991 0.8724158 1.0327340
[14,] 0.6491865 0.8831551  0.9451837 1.0591394 0.8066739 0.8828275 1.0317965 0.7528498 0.8097861 0.9585661 0.8466215 0.9992431
[15,] 0.6378899 0.8671469  0.9177439 1.0354500 0.7887884 0.9324025 1.0103119 0.7296521 0.8143358 1.0220641 0.8204659 0.9598501
[16,] 0.6174994 0.8345381  0.9666494 1.0055630 0.7641592 0.9145074 0.9706293 0.7222847 0.8347723 0.9862267 0.8041343 0.9285150
[17,] 0.6027709 0.8472595  0.9478428 0.9783493 0.7908805 0.8880440 1.0209272 0.7178999 0.8251089 0.9680960 0.8038276 0.9037384
[18,] 0.6548279 0.8248701  0.9263848 0.9536922 0.8154224 0.8813953 0.9903060 0.6995974 0.8240589 0.9460964 0.8142547 1.0123538
[19,] 0.6365287 0.8316756  0.9284979 0.9384663 0.8059099 0.8600203 0.9869985 0.6833305 0.8063790 0.9736595 0.8048410 0.9813142
[20,] 0.7231309 0.8166619  0.9027857 0.9305148 0.8058975 0.8305760 0.9795612 0.7472678 0.8459185 0.9729743 0.8022338 0.9683849
[21,] 0.7056825 0.8187726  0.8881443 0.9403982 0.9634685 0.8222242 1.0596252 0.7277017 0.8649174 0.9373335 0.7842952 0.9455944
[22,] 0.6932706 0.8463038  0.8833578 0.9400652 0.9645412 0.8066425 1.0263518 0.7315314 0.8465297 0.9504392 0.7791380 0.9230591
[23,] 0.7079009 0.8439452  0.8602451 0.9240417 0.9504913 0.7871473 0.9998460 0.7803013 0.8369963 1.0673826 0.7869726 0.9084492
[24,] 0.7160450 0.8304690  0.8500648 0.9235592 0.9311373 0.7816534 0.9805484 0.7882886 0.8226389 1.0456388 0.7702687 0.8902996
[25,] 0.7080123 0.8126539  0.8350848 0.9082535 0.9032106 0.7852464 0.9639277 0.7737163 0.9119165 1.0364761 0.7704450 0.8726456
[26,] 0.7232914 0.8551800  0.8502951 0.9878994 0.8931572 0.8025130 0.9637629 0.7578450 0.8958080 1.0310916 0.7588034 0.9069383
[27,] 0.7443231 0.8394132  0.8446435 0.9688452 0.8737603 0.8135952 0.9914881 0.7543465 0.8927926 1.0113369 0.7713515 0.9110900
[28,] 0.7340890 0.8373711  0.8421139 0.9552020 0.8637887 0.8039793 0.9769403 0.7421456 0.8775830 0.9904442 0.7646471 0.9170073
[29,] 0.7315772 0.8981437  0.8272315 0.9495862 0.8609964 0.7947506 1.0024696 0.8563847 0.8622105 0.9783043 0.7631115 0.9002301
[30,] 0.7231054 0.9131678  0.8131060 0.9471903 0.8443948 0.7896591 0.9838946 0.8411425 0.8607502 0.9610165 0.7621590 0.8968997
[31,] 0.7117875 0.9336705  0.8091730 0.9352950 0.8376199 0.7912622 0.9639110 0.8272834 0.8934968 0.9440215 0.7653440 0.8989470
[32,] 0.7326901 0.9188565  0.8145838 0.9205709 0.8317466 0.7794187 0.9521704 0.8204549 0.8879363 0.9309120 0.7615673 0.9096159
[33,] 0.7306793 0.9274576  0.8023241 0.9243449 0.8272192 0.7707449 0.9567896 0.8070857 0.8727102 0.9170424 0.8733589 0.9096193
[34,] 0.7524275 0.9287900  0.7938209 1.0078651 0.8149271 0.7937379 0.9791004 0.8090227 0.8688795 0.9150987 0.9163645 0.9060096
[35,] 0.7598689 0.9272396  0.8222100 0.9921948 0.8099984 0.8318298 0.9710397 0.7973123 0.8746883 0.9429681 0.9232543 0.8950047
[36,] 0.7494752 0.9136651  0.8387248 0.9893784 0.8355385 0.8178540 0.9576470 0.7932033 0.8676798 0.9486097 0.9103807 0.9350991
[37,] 0.7549117 0.9005807  0.8251726 0.9784600 0.8332858 0.8389389 0.9449289 0.7809923 0.8586175 1.0182716 0.8964720 0.9585364
[38,] 0.7521443 0.8897614  0.8176796 0.9793616 0.8214216 0.8342973 0.9342489 0.7790800 0.8481586 0.9961420 0.8935244 0.9465258
[39,] 0.7446419 0.8851005  0.8154076 0.9743816 0.8097072 0.8267340 0.9228569 0.8110770 0.8367013 0.9821528 0.8941782 0.9339719
[40,] 0.7429293 0.8771516  0.8056588 0.9616880 0.8029380 0.8197389 0.9124285 0.8073072 0.8401155 0.9862089 0.8842333 0.9283500
[41,] 0.7447130 0.8685854  0.7934210 0.9495674 0.7931265 0.8097916 0.9037357 0.8764252 0.8316255 0.9788022 0.8715356 0.9189823
[42,] 0.7380180 0.8581730  0.7818022 0.9450405 0.8061050 0.8166187 0.8969934 0.9007764 0.8414171 0.9710822 0.8736235 0.9181021
[43,] 0.7288325 0.8534817  0.7712474 0.9504192 0.7966438 0.8091682 0.8936205 0.9113816 0.8336439 0.9592691 0.8688830 0.9113108
[44,] 0.7202858 0.8444802  0.7724065 0.9430050 0.7880346 0.8142472 0.8830225 0.9190094 0.8316710 0.9532982 0.8636032 0.9083905
[45,] 0.7150156 0.8375797  0.7648936 0.9439215 0.8024944 0.8087006 0.8744066 0.9122089 0.8223628 0.9543307 0.8562139 0.8982933
[46,] 0.7159881 0.8349906  0.7554034 0.9304278 0.7935388 0.8288136 0.8727002 0.9340467 0.8158264 0.9435091 0.8474525 0.8968165
          [,13]     [,14]     [,15]     [,16]     [,17]     [,18]     [,19]     [,20]
 [1,] 0.2569598 0.4927947 0.2934033 4.7743818 0.4406742 0.6444288 0.2792678 2.2227514
 [2,] 0.5399238 0.8211266 0.4320227 7.7739396 0.5466722 0.5821355 0.2180280 1.5995773
 [3,] 0.4651661 0.7071812 0.9660442 3.3193429 0.4318315 0.5991848 0.2031916 1.1701678
 [4,] 0.6443593 0.6720598 0.8713025 2.0370846 0.4566822 0.6858937 0.2475659 1.1212267
 [5,] 0.6101607 0.8071749 0.7946748 1.6064206 1.0137013 0.7009187 0.2665620 0.9899367
 [6,] 0.6402241 0.8026354 0.7536103 1.2990845 0.9084486 0.6573459 0.5223128 0.9487090
 [7,] 0.6595463 0.7823813 0.7129174 1.1543793 0.9733667 0.6573891 0.5635502 0.9968554
 [8,] 0.6508883 0.7273380 0.6862962 1.0619903 0.8930214 0.8018514 0.5802544 1.1295046
 [9,] 0.6237840 0.7019547 0.6625084 1.0465023 0.8411733 0.7322648 0.5628942 1.0949179
[10,] 0.6067598 0.7363237 0.6646936 0.9905392 0.9109384 0.7135041 0.6646150 1.1095209
[11,] 0.6820242 0.7554591 0.6661306 0.9425250 0.8837837 0.7419328 0.6674896 1.1083453
[12,] 0.6758416 0.7504811 1.0307972 0.9050435 0.9226091 0.7019056 0.6408227 1.0499574
[13,] 0.7709992 0.7297370 0.9597011 0.9751377 0.8800940 0.6888503 0.6477110 1.0058319
[14,] 0.7540298 0.8507201 0.8695563 0.9258138 0.8659098 0.6880990 0.6225150 0.9837554
[15,] 0.7363964 0.8254861 0.8498371 0.9327519 0.8375296 0.6761619 0.6131717 0.9697772
[16,] 0.7441449 0.8258134 0.8109627 0.9000766 0.8850487 0.6580555 0.6320860 0.9834804
[17,] 0.7332574 0.8470451 0.8054161 0.8808567 0.8835396 0.6788571 0.6308758 0.9813272
[18,] 0.8260045 0.8348414 0.7906896 0.8565623 0.9007679 0.8347029 0.6266401 0.9622864
[19,] 0.8075980 0.8202618 0.7711686 0.8422409 0.8732246 0.8048821 0.6221159 0.9317261
[20,] 0.7996114 0.8070286 0.7749669 0.8203692 0.8475399 0.8019038 0.6258720 0.9210139
[21,] 0.8150104 0.7983621 0.7598479 0.8043921 0.9179957 0.7758179 0.6118442 0.9085729
[22,] 0.8220070 0.7853857 0.7530262 0.7884994 0.8907143 0.7525784 0.6539316 0.9145805
[23,] 0.8183466 0.7807787 0.7532659 0.7800856 0.8667152 0.7642411 0.6925218 0.8998480
[24,] 0.8398862 0.7925414 0.7385017 0.7627782 0.8893318 0.7851703 0.6880765 0.9032053
[25,] 0.8300542 0.7908619 0.7299191 0.7556155 0.8858245 0.8244079 0.6947408 0.8894291
[26,] 0.8151275 0.8245685 0.7691795 0.7440698 0.8667981 0.8058188 0.7266529 0.9387481
[27,] 0.8101439 0.8104414 0.7590985 0.7845676 0.8585201 0.8368268 0.7105228 0.9696606
[28,] 0.7967017 0.7955612 0.7469385 0.7691838 0.8406903 0.9100391 0.7121616 0.9509253
[29,] 0.7919793 0.7859519 0.7351623 0.7860372 0.8464305 0.9221503 0.7319869 0.9504883
[30,] 0.7921476 0.7884042 0.7498437 0.7926503 0.8490688 0.9604754 0.7176333 0.9344866
[31,] 0.7809496 0.7880920 0.7425385 0.7824324 0.8414523 0.9653255 0.7409365 0.9176626
[32,] 0.7763187 0.7789654 0.7357533 0.8248581 0.8311900 0.9486445 0.7293339 0.9018152
[33,] 0.7800483 0.7684011 0.7298043 0.8110517 0.8188260 0.9325306 0.7209139 0.8888012
[34,] 0.8004065 0.7868057 0.7907962 0.8170444 0.8611686 0.9928070 0.7892491 0.9592811
[35,] 0.7973593 0.7834655 0.7807348 0.8089022 0.8663274 0.9760799 0.7797187 0.9451959
[36,] 0.8019236 0.7859098 0.7724773 0.8114680 0.8716212 0.9631918 0.8474583 0.9428421
[37,] 0.7969171 0.7906109 0.7641031 0.8038753 0.8619212 0.9537552 0.8446938 0.9323685
[38,] 0.7866224 0.7824971 0.7631237 0.7952689 0.8549531 0.9424066 0.8334428 0.9219647
[39,] 0.7783775 0.7918559 0.7789006 0.7871895 0.8488621 0.9313329 0.8245121 0.9093041
[40,] 0.7730064 0.8191891 0.7748953 0.7844783 0.8390029 0.9558415 0.8131168 0.9049045
[41,] 0.7642809 0.8141133 0.7816195 0.7749762 0.8436381 0.9460779 0.8113149 0.8931318
[42,] 0.7613087 0.8398503 0.7749243 0.7816332 0.8344157 0.9417808 0.8125783 0.8838527
[43,] 0.7571107 0.8463401 0.7699702 0.7843100 0.8432038 0.9303137 0.8116082 0.8740306
[44,] 0.7661085 0.8409209 0.7652075 0.7987323 0.8339579 0.9200269 0.8054293 0.8879871
[45,] 0.7582231 0.8365487 0.7583437 0.7930512 0.8362147 0.9173003 0.9146512 0.9039696
[46,] 0.7511840 0.8284428 0.7523225 0.7986264 0.8281724 0.9120457 0.9205942 0.8951589
> THETA1.EST[,41:50]
           [,1]      [,2]      [,3]      [,4]      [,5]      [,6]      [,7]      [,8]      [,9]     [,10]
 [1,] 1.0028576 0.0427580 0.2068451 0.2789845 0.4090456 0.5650504 1.4317500 1.4873949 2.0543443 0.4448267
 [2,] 0.7687077 0.1421433 0.2555277 0.2980305 0.2978238 0.9905310 0.6240528 1.0165425 1.4409630 0.7080819
 [3,] 0.5834590 0.6144784 0.7394792 0.7690463 0.2405822 0.8365589 0.7867919 0.8910382 1.3739707 0.5712497
 [4,] 0.5068236 0.7182495 0.7925860 1.3008931 0.2851429 0.7817354 0.7726856 1.0200531 1.1271464 0.5111784
 [5,] 0.4588069 0.9426402 0.6819328 1.0487772 0.6456400 0.7184283 0.7554580 0.9212488 1.0909754 0.7016916
 [6,] 0.4176396 0.8390487 0.9755155 1.1105538 0.6198024 0.8624279 0.7610675 0.8460608 1.2074735 0.6412941
 [7,] 0.4123150 0.7817130 1.0254102 1.0343415 0.8729973 0.8040982 0.8400053 0.8267912 1.1093747 0.6514685
 [8,] 0.5871406 0.7914236 0.9275988 1.1885950 0.8249661 0.8613221 0.8062038 0.8393899 1.0209042 0.6204446
 [9,] 0.5605438 0.8747165 0.8875676 1.0821724 0.8857149 0.8527012 0.8171067 0.9328372 0.9413964 0.6252623
[10,] 0.5305808 0.8287862 0.8462262 1.0021954 0.8264574 0.8133677 0.8839510 0.9593903 1.1403331 0.8549008
[11,] 0.5048836 0.8885782 0.8218192 1.0126050 0.8369658 0.8372676 0.8653723 0.9075543 1.1294883 0.8027542
[12,] 0.5256774 0.8421347 0.7977180 0.9540609 0.8476503 0.8020156 0.8390763 0.8700732 1.1570715 0.8094874
[13,] 0.5429351 0.9050229 0.7781633 0.9069874 0.8869386 0.7868424 0.8499931 0.8737646 1.2350385 0.8158426
[14,] 0.5463938 0.8684621 0.7559572 0.9793122 0.8723978 0.7214562 0.8324122 0.8622184 1.1641550 0.8029987
[15,] 0.5626008 0.8851229 0.7484839 0.9333743 0.8951554 0.7439008 0.8162920 0.8534062 1.1356177 0.7847099
[16,] 0.7382517 0.8831299 0.7508159 0.9146622 1.2099575 0.7067950 0.8090450 0.9056818 1.0943802 0.8154281
[17,] 0.7330007 0.8554023 0.7258904 0.8842341 1.1312614 0.7177600 0.8037305 0.8791875 1.0926863 0.8003630
[18,] 0.7685546 0.8549637 0.7243183 0.8533526 1.1539708 0.7121559 0.8131821 0.8512471 1.0711828 0.8767799
[19,] 0.7481778 0.9134052 0.7226595 0.8288712 1.1278552 0.7214192 0.8120803 0.8374440 1.0466289 0.9408295
[20,] 0.7380362 0.9144593 0.7099447 0.8057154 1.1107209 0.7050586 0.8937364 0.8339768 1.0275887 0.9349032
[21,] 0.7587011 0.8938604 0.7094150 0.8184445 1.0752268 0.6978271 0.8879269 0.8245553 1.0415471 0.9522761
[22,] 0.7738295 0.8895819 0.7015292 0.8110509 1.0653332 0.6887121 0.8899113 0.8146192 1.0251193 0.9371500
[23,] 0.7618755 0.8994195 0.6870328 0.7970846 1.0368093 0.6988826 0.8893554 0.8291627 1.0114807 0.9439126
[24,] 0.7689704 0.8905221 0.6801035 0.7990484 1.0713787 0.6877307 0.8852897 0.8245261 1.0571865 0.9426887
[25,] 0.7539010 0.9064127 0.7137358 0.8008438 1.0825939 0.7856491 0.8952163 0.8371196 1.0582328 0.9446656
[26,] 0.7567426 0.8890343 0.7161905 0.8040115 1.0818518 0.7722301 0.8835155 0.8789154 1.0316252 0.9374690
[27,] 0.7425019 0.8781574 0.7080085 0.8069284 1.1421559 0.7847125 0.9181126 0.8621568 1.0105714 0.9837130
[28,] 0.7375007 0.8944413 0.7042637 0.8199629 1.1256053 0.7872520 0.9151823 0.8458164 0.9944570 0.9606252
[29,] 0.7314412 0.9044982 0.7024274 0.8186187 1.1277018 0.7749736 0.9126494 0.8339266 0.9812337 0.9514480
[30,] 0.7262706 0.9014930 0.7182513 0.8334245 1.1101422 0.7751450 0.9063287 0.8432480 0.9791341 0.9418957
[31,] 0.7183884 0.8908875 0.7692980 0.8205321 1.1098618 0.7733567 0.9588412 0.8341377 1.0183731 0.9476889
[32,] 0.7107655 0.8915687 0.7573063 0.8193758 1.1485715 0.7672793 0.9561518 0.8305762 1.0097833 0.9356309
[33,] 0.7239306 0.8783337 0.7749446 0.8153257 1.1392839 0.7546303 0.9711260 0.8325448 0.9981038 0.9215584
[34,] 0.7245840 0.8693352 0.7872241 0.8041680 1.1256393 0.7444166 0.9588432 0.8211795 0.9909763 0.9431269
[35,] 0.7179346 0.8738679 0.8140450 0.7981415 1.1088357 0.7626256 0.9563488 0.8716107 0.9773809 0.9402079
[36,] 0.7123138 0.8968766 0.8112968 0.7986911 1.0954032 0.7529106 0.9478523 0.8564157 0.9718915 0.9344589
[37,] 0.7089672 0.8901264 0.7995227 0.7885329 1.0821449 0.7902245 0.9454000 0.8465822 0.9745287 0.9389859
[38,] 0.7022479 0.8781218 0.7879646 0.7963604 1.0715131 0.7796326 0.9361066 0.8357409 0.9628161 0.9309064
[39,] 0.6951061 0.8784159 0.7796590 0.7902159 1.0578148 0.7809597 0.9575555 0.8269276 0.9755218 0.9235868
[40,] 0.6947176 0.9455408 0.7698009 0.7924690 1.0444735 0.7712212 0.9480400 0.8200823 0.9673101 0.9139483
[41,] 0.6908868 0.9340372 0.7639944 0.7972894 1.0312047 0.7880359 0.9384735 0.8115764 0.9662689 0.9096323
[42,] 0.6928193 0.9333187 0.7565968 0.7938469 1.0267267 0.7804712 0.9303972 0.8045229 0.9542736 0.9007362
[43,] 0.7132883 0.9467462 0.7478043 0.7866765 1.0176435 0.7804694 0.9250131 0.7979014 0.9561296 0.8929141
[44,] 0.7151550 0.9360044 0.7513100 0.7837987 1.0054875 0.7742259 0.9156150 0.8068538 0.9516607 0.8836505
[45,] 0.7123190 0.9273998 0.7517635 0.7833145 1.0008939 0.7918883 0.9131764 0.8093781 0.9518641 0.8841375
[46,] 0.7037540 0.9176696 0.7545458 0.7835669 0.9973131 0.7856397 0.9072749 0.8021302 0.9382492 0.8753076
> THETA2.EST[,1:20]
           [,1]      [,2]      [,3]      [,4]      [,5]      [,6]      [,7]      [,8]      [,9]     [,10]     [,11]     [,12]
 [1,] 1.3153057 0.2365699 0.7381558 0.5791496 1.6467006 0.7336270 1.2858456 0.3274196 0.2231302 0.2231302 2.5036930 0.2231302
 [2,] 0.9994047 0.5891022 0.5132737 1.0582061 1.2311286 1.0992517 1.0912551 0.7019027 0.2746312 0.4888248 1.6646559 0.9508668
 [3,] 0.9489592 0.5547117 0.7938187 0.9525616 0.9483954 0.9434999 0.8885690 0.8518325 0.6073575 0.5881891 1.2553907 0.9016123
 [4,] 0.8895672 0.5577430 1.0871523 0.9447277 0.8471031 0.9258020 0.8686575 0.9949694 0.8106775 0.8423515 1.0468340 1.2809210
 [5,] 1.1251910 0.6996793 1.1744800 0.9582472 1.1638230 0.9866023 0.8186971 0.9997838 0.9142449 0.7963420 0.9257766 1.1513436
 [6,] 1.0549100 0.6593635 1.0604540 0.9089864 1.1939870 0.9058157 0.8581668 1.0225986 0.9605596 0.7703263 0.8435371 1.2566505
 [7,] 1.0579097 0.9928148 1.1194091 0.9556932 1.1253787 0.8627056 0.8575573 1.0438542 1.1581956 0.7744456 1.1339415 1.2143610
 [8,] 1.0207677 0.9115509 1.1146911 0.9600635 1.1137152 0.8547349 0.8780513 1.0088122 1.0787925 1.1512821 1.0689212 1.3096592
 [9,] 1.1259963 0.9186460 1.1047283 0.9785177 1.1527992 0.9627274 0.9344803 0.9957475 1.0323657 1.1302832 1.0426865 1.2023010
[10,] 1.1250271 0.8725353 1.0697997 0.9697713 1.1322738 1.0084453 0.9057173 0.9853791 1.0274018 1.0626420 1.0103800 1.1359417
[11,] 1.0862703 0.9514876 1.0617756 0.9531283 1.1099113 1.0482330 0.9726765 0.9781443 0.9891790 1.0586613 0.9888858 1.0713606
[12,] 1.0837658 0.9554884 1.0498259 0.9604556 1.0893865 1.0285798 1.0045113 0.9959909 0.9590764 1.0389237 0.9779098 1.0291784
[13,] 1.0857818 0.9620673 1.0164949 0.9370741 1.0959780 1.0101019 1.0080368 0.9750803 0.9337921 1.0088446 0.9562099 1.0057662
[14,] 1.0590975 0.9952520 0.9776406 0.9497918 1.0629860 1.0171185 1.0894140 0.9704426 0.9099657 1.0906547 0.9416851 0.9968531
[15,] 1.0407297 0.9720331 0.9548945 0.9699840 1.0848540 1.0185203 1.0657625 1.0366211 0.8824252 1.0696485 0.9492233 0.9970462
[16,] 1.0246599 0.9800241 0.9359120 0.9807553 1.1521118 1.0049364 1.0365050 1.0956961 0.8664593 1.0612870 0.9277378 0.9811258
[17,] 1.0562551 0.9841179 0.9374168 0.9577627 1.1733765 1.0107903 1.0226521 1.0858038 0.8540899 1.0325718 0.9319469 0.9681615
[18,] 1.0380324 0.9751268 0.9389287 0.9530648 1.1490977 1.0421590 1.0166531 1.0643184 0.8446645 1.0063699 0.9961744 0.9776571
[19,] 1.0240437 0.9744677 0.9301431 0.9429010 1.1162857 1.0164974 1.0047270 1.0427127 0.8483998 1.0268911 0.9967729 0.9780143
[20,] 1.0424264 1.0480424 0.9811650 0.9351208 1.1127439 1.0029359 0.9896410 1.0262511 0.8775070 1.0408602 0.9842659 1.0051115
[21,] 1.0374376 1.1450249 0.9616826 0.9258301 1.1208483 1.0010271 0.9867626 1.0122567 0.9395763 1.0418517 0.9868105 1.0045833
[22,] 1.0472907 1.1126557 0.9440119 0.9158421 1.1185392 0.9838436 1.0059394 0.9982282 0.9264644 1.0377100 0.9769040 0.9821200
[23,] 1.0315505 1.0708401 0.9260412 0.9099300 1.1001610 0.9787147 0.9889084 1.0038360 0.9309162 1.0195397 0.9738517 0.9604239
[24,] 1.0366361 1.0641775 0.9133782 0.9337048 1.1290407 1.0034073 1.0236895 0.9928648 0.9208102 1.0203579 0.9826051 0.9393755
[25,] 1.0333967 1.0714020 0.9088394 0.9362546 1.1118434 1.0143256 1.0370940 0.9774609 0.9147400 1.0293253 0.9815666 0.9228143
[26,] 1.0209236 1.0583205 0.8989700 0.9444556 1.1007800 1.0842226 1.0209204 0.9727493 0.9140100 1.0237075 0.9921610 0.9255834
[27,] 1.0042660 1.0504205 0.9054245 0.9512091 1.0816746 1.0655028 1.0055378 0.9867715 0.9312242 1.0238263 0.9755303 0.9226022
[28,] 0.9914575 1.0732251 0.9087120 0.9720437 1.0862254 1.0520582 1.0168612 0.9933982 0.9404157 1.0365570 0.9617828 0.9849737
[29,] 0.9974931 1.0544122 0.9145308 0.9632615 1.1293299 1.0516985 1.0068792 0.9828672 0.9343573 1.0322778 0.9515762 1.0173601
[30,] 0.9961220 1.0518948 0.9059742 0.9635396 1.1123808 1.0356834 0.9963029 1.0096067 0.9317608 1.0225155 0.9463641 1.0339451
[31,] 0.9874006 1.0474212 0.9065762 0.9626383 1.0977976 1.0384576 0.9921035 0.9981018 0.9514397 1.0290559 0.9366738 1.0190380
[32,] 0.9837152 1.0291968 0.9246724 0.9546400 1.0883578 1.0245649 0.9827714 0.9920087 0.9404821 1.0176822 0.9886980 1.0535842
[33,] 0.9757031 1.0285676 0.9504009 0.9548562 1.0774082 1.0690578 0.9722041 0.9920370 0.9572893 1.0150668 1.0342486 1.0540065
[34,] 0.9705528 1.0454237 0.9682037 0.9503918 1.0696124 1.0566645 0.9767709 0.9824833 0.9730219 1.0156848 1.0222192 1.0456045
[35,] 0.9715999 1.0820068 0.9628999 0.9553456 1.0703005 1.0464534 0.9703079 0.9887507 0.9942659 1.0090502 1.0195437 1.0443642
[36,] 0.9753281 1.1052535 0.9570025 1.0081491 1.0636051 1.0370794 0.9661262 0.9784036 1.0220123 1.0010355 1.0389030 1.0535262
[37,] 0.9753271 1.0993110 0.9689442 0.9973548 1.0524889 1.0528367 0.9610213 1.0446756 1.0212229 0.9984562 1.0296379 1.0483925
[38,] 0.9666285 1.0890479 0.9634094 0.9876730 1.0430506 1.0430176 0.9533826 1.0337986 1.0250017 0.9948993 1.0463411 1.0501241
[39,] 0.9826057 1.0833910 0.9643253 0.9933480 1.0338020 1.0393118 0.9553785 1.0763975 1.0349079 1.0013348 1.1019016 1.0460739
[40,] 0.9770972 1.1327349 0.9623386 0.9872475 1.0252444 1.0303907 0.9462446 1.0726810 1.0260658 1.0385076 1.0963587 1.0412446
[41,] 0.9692315 1.1227751 0.9586094 0.9754040 1.0195148 1.0294697 0.9754408 1.0665397 1.0150848 1.0372961 1.0893519 1.0393376
[42,] 0.9805754 1.1170627 0.9707362 0.9742618 1.0120732 1.0434258 0.9919912 1.0584384 1.0147285 1.0380448 1.0927873 1.0379405
[43,] 0.9950733 1.1358676 0.9745142 1.0130430 1.0040486 1.0415791 0.9905806 1.0483062 1.0079191 1.0468864 1.0833996 1.0395694
[44,] 1.0054223 1.1242722 0.9843185 0.9939554 0.9959657 1.0334720 0.9808694 1.0501799 1.0084648 1.0498077 1.1003678 1.0504450
[45,] 0.9991784 1.1129927 0.9770948 1.0131572 0.9900596 1.0349964 0.9798341 1.0494108 1.0032399 1.0776247 1.1090028 1.0472520
[46,] 1.0047875 1.1173980 0.9721934 1.0017093 0.9838800 1.0277775 0.9709485 1.0429915 0.9948809 1.0692318 1.0999313 1.0399225
          [,13]     [,14]    [,15]    [,16]     [,17]     [,18]     [,19]    [,20]
 [1,] 2.3098962 0.5865807 1.935166 1.736586 0.9418248 0.3815440 0.5194946 3.358802
 [2,] 1.3466813 1.3590583 1.308725 1.466808 1.4852999 0.5146066 0.9367899 2.853633
 [3,] 0.9679844 1.1689652 1.271210 1.785984 1.2229289 0.5938455 0.9590806 2.044052
 [4,] 1.3210274 1.1183020 1.290341 1.758933 1.0827769 0.7793705 0.8470783 1.685609
 [5,] 1.2711717 1.0696452 1.227957 1.787130 1.0982866 0.6523041 0.8262706 1.480770
 [6,] 1.2451706 1.0062670 1.233500 1.603451 1.1198578 1.0439744 0.8081438 1.307571
 [7,] 1.3039788 0.9600325 1.186052 1.544671 1.0769888 1.2232083 0.9167338 1.390247
 [8,] 1.2343214 0.9913678 1.186746 1.602285 1.0251368 1.1765124 0.9391648 1.290389
 [9,] 1.1587965 1.0681931 1.148501 1.476761 1.0191324 1.1600765 0.9396999 1.267232
[10,] 1.1164205 1.0727205 1.110754 1.388987 1.0057885 1.1324151 0.9558237 1.347104
[11,] 1.0984750 1.0620649 1.115897 1.363323 1.0147383 1.1064053 1.0345452 1.385898
[12,] 1.0670858 1.0946139 1.087338 1.303119 1.0703178 1.0676791 1.1072779 1.384476
[13,] 1.0698086 1.1037439 1.155293 1.310071 1.0977044 1.0512614 1.0925850 1.410905
[14,] 1.0686370 1.0760162 1.162427 1.291835 1.0663671 1.0524058 1.0936876 1.353535
[15,] 1.0549427 1.0745733 1.180031 1.270454 1.0966038 1.0431403 1.0776233 1.309132
[16,] 1.0249415 1.0653599 1.167961 1.290556 1.0812931 1.0495448 1.1286187 1.308093
[17,] 1.0621757 1.0566910 1.155789 1.258684 1.0442256 1.0501186 1.1219817 1.298780
[18,] 1.2627914 1.0412852 1.130950 1.238141 1.0246693 1.0413887 1.0936391 1.257785
[19,] 1.2272776 1.0699595 1.242507 1.212509 1.0317072 1.0526157 1.0961737 1.271565
[20,] 1.1989405 1.0479254 1.177289 1.191680 1.0087440 1.0294964 1.1111395 1.258617
[21,] 1.1960721 1.0484404 1.176206 1.192121 0.9918554 1.0185974 1.1036715 1.235615
[22,] 1.1702669 1.0320419 1.175427 1.208665 0.9692558 1.0089249 1.0812103 1.210019
[23,] 1.2196295 1.0145471 1.171992 1.190173 0.9571577 1.0052598 1.0749580 1.266282
[24,] 1.1982126 0.9963356 1.166200 1.166742 0.9582531 1.0055098 1.0902231 1.241139
[25,] 1.1746893 0.9980140 1.149227 1.151318 0.9833223 1.0304601 1.0693273 1.227521
[26,] 1.1839070 0.9869463 1.138182 1.160144 0.9818487 1.0456868 1.0613331 1.222041
[27,] 1.1692291 0.9945443 1.130393 1.144091 0.9744239 1.0821535 1.0439443 1.212455
[28,] 1.1572512 1.0400961 1.132962 1.127778 1.0377722 1.0699437 1.0275837 1.200188
[29,] 1.1400808 1.0416590 1.121586 1.116823 1.0855575 1.0641659 1.0555685 1.189554
[30,] 1.1671168 1.0374220 1.121861 1.102462 1.1295870 1.0606285 1.0432900 1.181393
[31,] 1.1647155 1.0464105 1.107676 1.103672 1.1281209 1.0576160 1.0272132 1.176009
[32,] 1.1508142 1.0429793 1.091507 1.095566 1.1451163 1.0498771 1.0762960 1.193283
[33,] 1.1378901 1.0377661 1.084528 1.094361 1.1503216 1.0403759 1.0699234 1.189821
[34,] 1.1310321 1.0689668 1.075101 1.081423 1.1419064 1.0311656 1.0565839 1.180858
[35,] 1.1197549 1.0728918 1.077405 1.069556 1.1651984 1.0206477 1.0440768 1.173433
[36,] 1.1142091 1.0593514 1.067840 1.058776 1.1548504 1.0158049 1.0623333 1.176366
[37,] 1.1204433 1.0459451 1.060202 1.060766 1.1434446 1.0187495 1.0511544 1.160362
[38,] 1.1293658 1.0333271 1.107373 1.057041 1.1294848 1.0270582 1.0456145 1.154505
[39,] 1.1607529 1.0290446 1.098266 1.048454 1.1226668 1.0173488 1.0431282 1.149070
[40,] 1.1636998 1.0246978 1.087625 1.043572 1.1599728 1.0186365 1.0389847 1.159626
[41,] 1.1564129 1.0166617 1.100963 1.039769 1.1515329 1.0243100 1.0402816 1.154169
[42,] 1.1506799 1.0116561 1.101684 1.035990 1.1391796 1.0247404 1.0309307 1.146455
[43,] 1.1591092 1.0041071 1.098939 1.052196 1.1329528 1.0171016 1.0280628 1.140767
[44,] 1.1642426 1.0101561 1.090975 1.048112 1.1271577 1.0174634 1.0308412 1.133918
[45,] 1.1668223 1.0014862 1.090045 1.070715 1.1238424 1.0094832 1.0273602 1.127958
[46,] 1.1647039 0.9981228 1.115338 1.061417 1.1217667 1.0123696 1.0259863 1.120623
> THETA2.EST[,21:40]
           [,1]     [,2]      [,3]     [,4]      [,5]      [,6]      [,7]      [,8]      [,9]     [,10]     [,11]     [,12]
 [1,] 0.4848812 1.481423 79.309320 1.094687 0.3863789 0.2231302 0.5083395 0.9901799 0.4157345 0.8750077 1.0609963 0.3578205
 [2,] 0.4562152 1.068415 79.309320 1.277512 0.8429613 0.2462944 1.0350132 0.8339794 0.8722050 0.6710383 0.5642954 0.6432771
 [3,] 0.6901729 0.806377 79.309320 1.007199 0.7677096 0.7706641 0.9405332 0.7557583 0.7999552 0.8673989 0.9241958 0.5674963
 [4,] 0.6530249 1.392786 79.309320 1.455601 0.7871939 1.1349003 0.8648884 0.7192883 0.8326259 0.8015703 1.0515061 0.9030091
 [5,] 0.7355165 1.258457  1.165741 1.396816 0.7582429 1.0666945 0.8213213 1.1518498 0.7867809 0.7528161 1.1894725 1.1345865
 [6,] 0.7603338 1.200889  1.217804 1.409653 0.8901881 0.9948718 1.0950588 1.0827995 0.9357164 1.1295110 1.1265471 1.1059409
 [7,] 0.7700244 1.247349  1.200766 1.365406 0.9297340 1.0065743 1.1220627 1.1067687 1.1125308 1.2977851 1.1157515 1.0933866
 [8,] 0.7575379 1.209506  1.229848 1.338375 1.0929033 0.9814022 1.0905783 1.0908529 1.0946816 1.3165421 1.0941131 1.0784724
 [9,] 0.7411141 1.217349  1.225262 1.380797 1.0684893 0.9851449 1.2298882 1.0770703 1.0512922 1.2341217 1.0896262 1.2219626
[10,] 0.8001737 1.200002  1.199246 1.354031 1.0770963 1.0389063 1.2018667 1.0544256 1.0220755 1.2173089 1.1591668 1.2452605
[11,] 0.7864567 1.192837  1.187049 1.330339 1.0542960 1.0898583 1.2471866 1.0176613 0.9963556 1.1814080 1.2140306 1.3603073
[12,] 0.7826165 1.172892  1.161492 1.294360 1.0363298 1.0909929 1.2261301 1.0139736 0.9986970 1.2205972 1.1842681 1.3222620
[13,] 0.8562423 1.162510  1.180897 1.287769 1.0695226 1.0374663 1.2079281 1.0200793 1.0036539 1.1762766 1.1606075 1.3628305
[14,] 0.8362638 1.184907  1.196979 1.305684 1.1533016 1.0186142 1.1969187 0.9947713 1.0045831 1.1522249 1.1373987 1.3328156
[15,] 0.8416143 1.170241  1.176521 1.279397 1.1241955 1.1215290 1.1712243 0.9667628 1.0066530 1.1816709 1.1064529 1.2950044
[16,] 0.8331499 1.137366  1.266209 1.251932 1.1022227 1.0853758 1.1407948 0.9593013 1.0158700 1.1524314 1.0872383 1.2725140
[17,] 0.8331044 1.138701  1.259706 1.226591 1.1098805 1.0631921 1.1630388 0.9627599 1.0118986 1.1423335 1.0729445 1.2543621
[18,] 0.8543022 1.118870  1.237804 1.206038 1.1232312 1.0787844 1.1383437 0.9613642 1.0386470 1.1212497 1.0766659 1.2872919
[19,] 0.8352833 1.114451  1.256820 1.189360 1.1208625 1.0807821 1.1501971 0.9562687 1.0326745 1.1596634 1.0757563 1.2642993
[20,] 0.9581524 1.101150  1.228401 1.178249 1.1247980 1.0589651 1.1621103 0.9847231 1.0555551 1.1386281 1.0641344 1.2705162
[21,] 0.9527456 1.095772  1.207902 1.194840 1.2173019 1.0530222 1.2023276 0.9767799 1.0667782 1.1075898 1.0507226 1.2402174
[22,] 0.9440746 1.108212  1.187425 1.209730 1.2349458 1.0460041 1.1823769 0.9661211 1.0538785 1.1125511 1.0512826 1.2235337
[23,] 0.9518345 1.123362  1.164559 1.196331 1.2363856 1.0320707 1.1613790 0.9803728 1.0479331 1.2456558 1.0567075 1.2097025
[24,] 0.9529268 1.099985  1.153854 1.195169 1.2047659 1.0258245 1.1464652 0.9854137 1.0369885 1.2467736 1.0426482 1.1975617
[25,] 0.9534575 1.087826  1.138567 1.183042 1.1850359 1.0256531 1.1310245 0.9716646 1.0990672 1.2313421 1.0412673 1.1767238
[26,] 0.9553910 1.132632  1.150585 1.221876 1.1746813 1.0383900 1.1302056 0.9590943 1.0824671 1.2329534 1.0337110 1.1983493
[27,] 0.9938264 1.112982  1.144818 1.207145 1.1530249 1.0399457 1.1560081 0.9503684 1.0892694 1.2152384 1.0545262 1.1990108
[28,] 0.9805506 1.122114  1.139676 1.194778 1.1419546 1.0308197 1.1563294 0.9381020 1.0734453 1.1989540 1.0580439 1.2174854
[29,] 0.9779280 1.162370  1.124701 1.190136 1.1371418 1.0349505 1.1580419 1.1151559 1.0623611 1.1831218 1.0640628 1.1982020
[30,] 0.9722210 1.170487  1.113173 1.182990 1.1225062 1.0426705 1.1394421 1.1069997 1.0718839 1.1665620 1.0617915 1.1882983
[31,] 0.9634038 1.193755  1.107424 1.173643 1.1174096 1.0555558 1.1247944 1.0940910 1.0879235 1.1515961 1.0607142 1.1839052
[32,] 0.9764390 1.181132  1.108445 1.160748 1.1068822 1.0442668 1.1133278 1.0820360 1.0781156 1.1404728 1.0570898 1.1834749
[33,] 0.9697641 1.183597  1.096656 1.171312 1.1070229 1.0378209 1.1206526 1.0703952 1.0667503 1.1292285 1.1163328 1.1872784
[34,] 1.0022446 1.181932  1.086169 1.237096 1.0968918 1.0474827 1.1603001 1.0851332 1.0615390 1.1278920 1.1377575 1.1965930
[35,] 0.9935050 1.177161  1.100532 1.223280 1.0926824 1.0937705 1.1475896 1.0728831 1.0888081 1.1513501 1.1400019 1.1828396
[36,] 0.9914335 1.163405  1.114028 1.228245 1.1041244 1.0823530 1.1370858 1.0634095 1.0962573 1.1483527 1.1281846 1.2231375
[37,] 0.9930451 1.149880  1.102766 1.225087 1.0991980 1.0864330 1.1265461 1.0538125 1.0852919 1.1847165 1.1153441 1.2306632
[38,] 0.9907040 1.142240  1.089529 1.238352 1.0884575 1.0933463 1.1183347 1.0518877 1.0802719 1.1647954 1.1086688 1.2213420
[39,] 0.9847447 1.134650  1.087373 1.231685 1.0766927 1.0808486 1.1090390 1.0732122 1.0710844 1.1533573 1.1091756 1.2082413
[40,] 0.9825308 1.129533  1.076142 1.218582 1.0723071 1.0829496 1.1004427 1.0700608 1.0731477 1.1496903 1.1016574 1.2075313
[41,] 0.9820810 1.123108  1.062957 1.210465 1.0632998 1.0779862 1.0951162 1.1097336 1.0647845 1.1476930 1.0890827 1.2051577
[42,] 0.9772470 1.113125  1.049746 1.206555 1.0695593 1.0907481 1.0943211 1.1501735 1.0847923 1.1388784 1.0949989 1.1971152
[43,] 0.9675064 1.111823  1.039190 1.208562 1.0620884 1.0891451 1.0988947 1.1825947 1.0766326 1.1279417 1.0976491 1.1881851
[44,] 0.9590258 1.106182  1.036722 1.202721 1.0529595 1.0911091 1.0916476 1.1815390 1.0704839 1.1238519 1.1044835 1.1931769
[45,] 0.9580172 1.101261  1.034780 1.198873 1.0777962 1.0864683 1.0894270 1.1837297 1.0616487 1.1362861 1.0947408 1.1834197
[46,] 0.9540609 1.101628  1.024389 1.187896 1.0708764 1.0980078 1.0954787 1.1940894 1.0601584 1.1275302 1.0862693 1.1813552
          [,13]     [,14]     [,15]     [,16]     [,17]     [,18]     [,19]    [,20]
 [1,] 0.4010088 0.6189115 0.3281967 4.7647639 0.5692080 0.7777846 0.3616577 2.401654
 [2,] 0.5513059 1.1876771 0.6133085 6.7657039 0.6195431 0.6612081 0.2625174 1.752690
 [3,] 0.5421056 1.0323364 1.1698854 3.1195259 0.5515541 0.8403175 0.3523645 1.296706
 [4,] 0.8187335 0.9419962 1.1516658 1.9622942 0.5912665 1.0130219 0.3463897 1.221729
 [5,] 0.8764582 1.0472961 1.0893246 1.6017400 1.2033146 1.0114886 0.4119040 1.098456
 [6,] 0.8716153 0.9498020 1.0528384 1.3320144 1.1273868 0.9626980 0.7268560 1.059945
 [7,] 0.9570638 0.9103072 1.0190354 1.2115826 1.1591620 0.9082401 0.8807052 1.195305
 [8,] 0.9299515 0.8898893 0.9985778 1.1405068 1.0926713 0.9805701 0.8795051 1.402815
 [9,] 0.9052440 0.8522135 0.9750865 1.1187019 1.0488230 0.9266332 0.8451653 1.330767
[10,] 0.8920659 0.9278204 0.9806126 1.0868064 1.1788647 0.9003801 0.8856468 1.335398
[11,] 0.9262444 0.9315430 0.9873924 1.0724169 1.1331658 0.9749867 0.8863939 1.333048
[12,] 0.9419464 0.9577491 1.2931788 1.0291387 1.1499928 0.9445321 0.8653825 1.284457
[13,] 0.9817881 0.9295456 1.1954695 1.1175437 1.1157463 0.9322418 0.8656341 1.247895
[14,] 0.9603875 1.0329197 1.1222866 1.0737216 1.1193607 0.9257096 0.8464787 1.231049
[15,] 0.9587437 1.0257105 1.0984282 1.0627454 1.0898228 0.9166196 0.8387924 1.213992
[16,] 0.9918091 1.0160968 1.0593367 1.0332462 1.1267923 0.9014449 0.8390258 1.218247
[17,] 1.0046530 1.0632527 1.0487264 1.0099399 1.1117066 0.9099242 0.8363663 1.213290
[18,] 1.1368461 1.0692264 1.0358660 0.9941891 1.1162314 0.9973125 0.8316055 1.185758
[19,] 1.1161422 1.0540786 1.0175547 0.9786419 1.0852890 0.9810827 0.8275284 1.160567
[20,] 1.1072997 1.0434140 1.0134071 0.9586673 1.0669955 0.9925716 0.8287858 1.158538
[21,] 1.1080307 1.0353793 1.0084626 0.9408959 1.1034697 0.9663041 0.8183109 1.159211
[22,] 1.1103301 1.0236721 1.0013607 0.9478997 1.0792703 0.9431909 0.8370312 1.156669
[23,] 1.1000293 1.0181773 1.0155491 0.9349524 1.0582416 0.9716677 0.8489389 1.153196
[24,] 1.1068435 1.0212552 1.0001838 0.9199782 1.0922732 0.9950673 0.8426394 1.174494
[25,] 1.1038185 1.0189865 0.9971217 0.9277234 1.0646128 1.0850643 0.8687532 1.164053
[26,] 1.0935223 1.0370575 1.0141930 0.9165268 1.0564763 1.0797808 0.9137242 1.189063
[27,] 1.0799736 1.0255369 1.0079571 0.9892777 1.0474049 1.0887765 0.9047778 1.205193
[28,] 1.0658291 1.0141366 0.9976437 0.9752460 1.0330999 1.1764241 0.9122599 1.187726
[29,] 1.0566116 1.0072489 0.9867312 1.0114916 1.0524505 1.1759841 0.9579151 1.179731
[30,] 1.0492362 1.0212726 1.0046899 1.0259041 1.0461224 1.1922159 0.9473506 1.164655
[31,] 1.0369920 1.0345641 0.9951128 1.0217111 1.0440174 1.1893310 0.9580398 1.148603
[32,] 1.0334026 1.0264737 0.9929793 1.0469349 1.0347328 1.1790301 0.9491110 1.132395
[33,] 1.0324213 1.0179930 0.9882879 1.0329610 1.0264294 1.1630301 0.9380352 1.118086
[34,] 1.0429798 1.0433413 1.0212411 1.0336494 1.0773767 1.2255320 1.0521328 1.224587
[35,] 1.0448136 1.0528609 1.0129292 1.0248367 1.1006015 1.2102833 1.0381002 1.220853
[36,] 1.0534345 1.0465607 1.0079106 1.0254132 1.1003195 1.1966893 1.0812925 1.227453
[37,] 1.0588065 1.0607658 0.9991147 1.0154440 1.0953106 1.1907872 1.0965364 1.213475
[38,] 1.0504772 1.0544716 0.9973825 1.0067892 1.0886967 1.1863085 1.0847287 1.210895
[39,] 1.0443030 1.0698708 1.0164998 1.0007639 1.0830578 1.1795902 1.0799669 1.199691
[40,] 1.0461440 1.0787730 1.0094465 1.0040095 1.0753245 1.1914793 1.0709434 1.192680
[41,] 1.0373665 1.0693361 1.0117296 0.9989552 1.0801337 1.1835219 1.0682152 1.180847
[42,] 1.0306817 1.0997735 1.0069480 1.0002661 1.0757002 1.1892674 1.0641729 1.174217
[43,] 1.0282843 1.0994106 1.0049591 1.0000246 1.0886532 1.1782514 1.0706237 1.164610
[44,] 1.0323897 1.0942514 1.0009733 1.0207633 1.0829050 1.1696188 1.0590787 1.170016
[45,] 1.0244365 1.0878531 0.9965710 1.0192260 1.0853998 1.1673620 1.1214347 1.185376
[46,] 1.0182316 1.0793649 0.9945725 1.0191501 1.0760476 1.1638480 1.1384557 1.180563
> THETA2.EST[,41:50]
           [,1]      [,2]      [,3]      [,4]      [,5]      [,6]      [,7]     [,8]     [,9]     [,10]
 [1,] 1.1696604 0.2231302 0.2303234 0.3444431 0.5118843 0.6875578 1.6163314 1.673000 2.237657 0.5491512
 [2,] 0.8086794 0.2231302 0.3960857 0.4991963 0.4623548 1.1164591 0.6729615 1.079482 1.770935 1.0816587
 [3,] 0.6045201 0.8860057 0.9768175 0.8589287 0.3968629 1.0493848 0.9396690 1.008781 1.682365 0.8664217
 [4,] 0.5757155 0.9411669 0.9034038 1.5957846 0.4137098 1.0649375 0.8980080 1.131170 1.429945 0.7822597
 [5,] 0.6043571 1.3082327 0.8064075 1.3218843 0.9409553 1.0029978 0.8627958 1.138716 1.328082 0.8897361
 [6,] 0.5811198 1.2307686 1.1528390 1.3306956 0.9616011 1.0651148 0.8614754 1.076256 1.388435 0.8096987
 [7,] 0.5701053 1.1766112 1.1004795 1.2566055 1.0576507 1.0310518 1.0426731 1.043650 1.321790 0.8101201
 [8,] 0.7618012 1.1688993 1.0175098 1.3505898 1.0376405 1.0534579 1.0031149 1.039010 1.252820 0.7755009
 [9,] 0.7149825 1.2096508 0.9914139 1.2669803 1.0629697 1.0878851 1.0002345 1.096458 1.172976 0.7716861
[10,] 0.6923626 1.1501692 0.9671950 1.1954536 1.0136741 1.0669291 1.0369794 1.126447 1.445105 1.0349588
[11,] 0.6766320 1.1500835 0.9528903 1.1877518 1.0724396 1.0846515 1.0282064 1.089872 1.414794 0.9920553
[12,] 0.7095768 1.0954479 0.9288298 1.1411062 1.1204945 1.0587864 1.0029433 1.052751 1.480253 0.9862319
[13,] 0.7836608 1.1578146 0.9173343 1.1038762 1.1127100 1.0438801 1.0210052 1.052193 1.485348 0.9934164
[14,] 0.7637322 1.1115610 0.8970077 1.1675748 1.0865556 0.9935538 1.0095154 1.049034 1.418959 1.0031792
[15,] 0.7698649 1.1533736 0.8960179 1.1293513 1.1222149 0.9957283 0.9971218 1.071957 1.387623 0.9842973
[16,] 0.9789657 1.1329906 0.8909843 1.1002663 1.3472307 0.9629069 0.9915231 1.154396 1.349223 0.9973030
[17,] 0.9498966 1.1051118 0.8654835 1.0713459 1.3080775 0.9638904 0.9818856 1.143450 1.346991 0.9857749
[18,] 0.9649512 1.1030080 0.8741932 1.0451864 1.3042713 0.9480283 0.9921199 1.118101 1.320530 1.0663637
[19,] 0.9517499 1.1813114 0.8999907 1.0196018 1.2972321 0.9477046 1.0073371 1.105635 1.306912 1.0895781
[20,] 0.9382676 1.2091691 0.8873210 0.9972199 1.2749587 0.9335870 1.0609821 1.099938 1.292890 1.1175000
[21,] 0.9780131 1.2016448 0.8857867 0.9982819 1.2461893 0.9295418 1.0834781 1.102028 1.300570 1.1102887
[22,] 0.9688520 1.1839389 0.8805661 1.0061241 1.2418174 0.9233010 1.0742214 1.093051 1.291643 1.0961777
[23,] 0.9549318 1.1790902 0.8682401 0.9920403 1.2189946 0.9259967 1.0823909 1.098484 1.282016 1.1078908
[24,] 0.9735933 1.1635252 0.8681296 0.9998448 1.2489872 0.9172251 1.0914744 1.093109 1.306452 1.1220350
[25,] 0.9762864 1.1739792 0.8841109 0.9947163 1.2392235 0.9934524 1.0912204 1.110990 1.304847 1.1127312
[26,] 0.9697129 1.1603349 0.8884837 0.9896269 1.2378277 0.9814134 1.0877531 1.127736 1.276427 1.1135299
[27,] 0.9588047 1.1469722 0.8872726 1.0151152 1.3184168 0.9838673 1.1070197 1.118680 1.261219 1.1485653
[28,] 0.9613482 1.1923599 0.9030302 1.0431769 1.3265618 0.9832570 1.1034405 1.099967 1.251122 1.1295969
[29,] 0.9632737 1.1865890 0.8961738 1.0302041 1.3494688 0.9796970 1.1027537 1.092656 1.244166 1.1199323
[30,] 0.9652558 1.1829677 0.9090592 1.0633417 1.3307500 0.9732668 1.0958345 1.097749 1.238338 1.1107832
[31,] 0.9659048 1.1749220 1.0140402 1.0521921 1.3268024 0.9701825 1.1754643 1.094234 1.263976 1.1134798
[32,] 0.9597104 1.1740723 1.0108488 1.0600961 1.3392304 0.9751373 1.1634940 1.098273 1.261303 1.1033303
[33,] 0.9645909 1.1629831 1.0139057 1.0562784 1.3429236 0.9646143 1.1572444 1.110616 1.261100 1.0896392
[34,] 0.9649037 1.1555375 1.0187863 1.0456034 1.3283628 0.9554822 1.1466814 1.103376 1.252872 1.1236391
[35,] 0.9596317 1.1557474 1.0296833 1.0379661 1.3163307 0.9917656 1.1372252 1.124965 1.241267 1.1146090
[36,] 0.9544224 1.1653140 1.0241505 1.0459848 1.3038700 0.9833413 1.1318883 1.109747 1.233297 1.1073849
[37,] 0.9512982 1.1629983 1.0138827 1.0419057 1.2924362 1.0224149 1.1348216 1.104271 1.234307 1.1277563
[38,] 0.9483884 1.1494507 1.0032424 1.0461258 1.2838541 1.0152266 1.1295956 1.091208 1.223837 1.1194432
[39,] 0.9430017 1.1523179 0.9977468 1.0437977 1.2721958 1.0107989 1.1623949 1.085349 1.236499 1.1151787
[40,] 0.9388234 1.2192419 0.9888095 1.0446314 1.2612844 1.0016200 1.1582926 1.079657 1.229178 1.1081504
[41,] 0.9348176 1.2100766 0.9832425 1.0421243 1.2501526 1.0240918 1.1483802 1.074771 1.228601 1.1034666
[42,] 0.9353150 1.2052438 0.9806052 1.0364321 1.2461374 1.0194136 1.1434730 1.069716 1.218788 1.0945777
[43,] 0.9423060 1.2065885 0.9730787 1.0318137 1.2416988 1.0219788 1.1447902 1.065113 1.219639 1.0922245
[44,] 0.9392107 1.1977989 0.9776787 1.0298278 1.2310238 1.0202117 1.1360216 1.068650 1.216796 1.0833804
[45,] 0.9407942 1.1872513 0.9752027 1.0323776 1.2293142 1.0510645 1.1346233 1.070344 1.209069 1.0917997
[46,] 0.9314751 1.1799438 0.9796177 1.0287155 1.2249764 1.0432593 1.1316118 1.064883 1.194080 1.0837496
> mean(THETA1.EST[nleft,])
[1] 0.8298796
> mean(THETA2.EST[nleft,])
[1] 1.077079
> min(THETA1.EST)
[1] 0.042758
> min(THETA2.EST)
[1] 0.2231302
> max(THETA1.EST)
[1] 54.47229
> max(THETA2.EST)
[1] 79.30932
> max(THETA1.EST,THETA2.EST)
[1] 79.30932
> dim(MIN.EIG.K1H)
[1]  46 100
> dim(MIN.EIG.K2H)
[1]  46 100
> min(MIN.EIG.K1H)
[1] 1
> min(MIN.EIG.K2H)
[1] 1
> max(MIN.EIG.K1H)
[1] 3720.813
> max(MIN.EIG.K2H)
[1] 5236.933
> #---------------#---------------
> av.sd.iter <- apply(M.COUNT,1,function(x) sqrt((NRUN-1)/NRUN*var(x)))
> av.sd.iter
 [1] 0.4999000 0.4537621 0.4702127 0.4537621 0.4769696 0.4386342 0.4769696 0.4582576 0.4582576 0.4439595 0.4702127 0.4537621
[13] 0.4439595 0.4489989 0.4489989 0.4330127 0.4439595 0.4386342 0.4330127 0.4439595 0.4537621 0.4489989 0.4439595 0.4330127
[25] 0.4270831 0.4073082 0.4208325 0.4386342 0.4270831 0.4142463 0.4073082 0.4208325 0.4208325 0.3923009 0.4270831 0.4000000
[37] 0.4208325 0.3923009 0.3923009 0.3570714 0.3841875 0.4073082 0.3756328 0.3666061 0.3756328 0.3570714
> count2 <- c(1,2,3,4,5,6,16,26,36,46)
> av.sd.iter[count2]
 [1] 0.4999000 0.4537621 0.4702127 0.4537621 0.4769696 0.4386342 0.4330127 0.4073082 0.4000000 0.3570714
> round(av.sd.iter[count2],digits = 4)
 [1] 0.4999 0.4538 0.4702 0.4538 0.4770 0.4386 0.4330 0.4073 0.4000 0.3571
> hit.iter[count2]
 [1] 0.49 0.71 0.67 0.71 0.65 0.74 0.75 0.79 0.80 0.85
 