nrow(xstart)
[1] 200
> nrow(xstart)-n1 
[1] 196
> nleft
[1] 196
> M.COUNT[nleft,]
  [1] 0 0 0 0 0 0 0 0 0 0 0 1 0 0 0 0 0 0 0 0 1 0 0 0 0 0 0 0 0 0 0 0 0 0 0 0 0 0 0 0 0 0 0 0 0 1 0 1 1 0 0 0 0 0 0 0 0 0 0 0 0 0
 [63] 0 0 0 1 0 0 1 0 0 0 0 0 0 0 1 0 0 0 0 0 0 0 0 0 0 0 0 0 0 0 0 1 0 0 0 0 1 0
> M.COUNT <- M.COUNT[1:(nrow(xstart)-n1),]
> dim(M.COUNT)
[1] 196 100
> M.COUNT[nrow(xstart)-n1,]
  [1] 0 0 0 0 0 0 0 0 0 0 0 1 0 0 0 0 0 0 0 0 1 0 0 0 0 0 0 0 0 0 0 0 0 0 0 0 0 0 0 0 0 0 0 0 0 1 0 1 1 0 0 0 0 0 0 0 0 0 0 0 0 0
 [63] 0 0 0 1 0 0 1 0 0 0 0 0 0 0 1 0 0 0 0 0 0 0 0 0 0 0 0 0 0 0 0 1 0 0 0 0 1 0
> M.COUNT.N <- 1-M.COUNT
> M.COUNT.N[nrow(xstart)-n1,]
  [1] 1 1 1 1 1 1 1 1 1 1 1 0 1 1 1 1 1 1 1 1 0 1 1 1 1 1 1 1 1 1 1 1 1 1 1 1 1 1 1 1 1 1 1 1 1 0 1 0 0 1 1 1 1 1 1 1 1 1 1 1 1 1
 [63] 1 1 1 0 1 1 0 1 1 1 1 1 1 1 0 1 1 1 1 1 1 1 1 1 1 1 1 1 1 1 1 0 1 1 1 1 0 1
> av.hit.iter <- apply(M.COUNT.N,1,mean)
> av.hit.run <- apply(M.COUNT.N,2,mean)
> av.hit.iter
  [1] 0.54 0.53 0.53 0.56 0.58 0.53 0.50 0.57 0.46 0.47 0.47 0.57 0.63 0.46 0.59 0.55 0.47 0.65 0.47 0.53 0.50 0.46 0.51 0.62 0.59
 [26] 0.52 0.59 0.62 0.61 0.55 0.60 0.50 0.58 0.47 0.53 0.51 0.55 0.57 0.48 0.51 0.59 0.56 0.65 0.62 0.58 0.56 0.64 0.65 0.56 0.66
 [51] 0.69 0.65 0.61 0.70 0.71 0.74 0.73 0.69 0.70 0.70 0.65 0.64 0.69 0.63 0.72 0.69 0.75 0.70 0.72 0.73 0.68 0.69 0.74 0.62 0.73
 [76] 0.80 0.63 0.69 0.76 0.68 0.72 0.73 0.74 0.70 0.78 0.80 0.77 0.79 0.81 0.79 0.81 0.68 0.69 0.78 0.71 0.73 0.72 0.69 0.82 0.78
[101] 0.75 0.71 0.74 0.75 0.74 0.82 0.72 0.88 0.74 0.83 0.86 0.83 0.82 0.90 0.83 0.79 0.82 0.84 0.81 0.87 0.85 0.87 0.79 0.86 0.89
[126] 0.84 0.82 0.84 0.82 0.79 0.89 0.83 0.81 0.88 0.87 0.88 0.89 0.79 0.88 0.85 0.86 0.86 0.91 0.91 0.89 0.86 0.87 0.80 0.88 0.92
[151] 0.85 0.86 0.80 0.90 0.87 0.90 0.83 0.92 0.88 0.86 0.91 0.92 0.87 0.92 0.86 0.90 0.88 0.95 0.86 0.89 0.87 0.89 0.88 0.87 0.93
[176] 0.90 0.92 0.92 0.94 0.94 0.89 0.94 0.89 0.91 0.89 0.90 0.94 0.91 0.92 0.91 0.97 0.94 0.96 0.92 0.95 0.90
> av.hit.run
  [1] 0.7908163 0.7448980 0.7602041 0.7602041 0.6836735 0.8112245 0.7755102 0.7653061 0.7500000 0.7397959 0.7959184 0.7397959
 [13] 0.6938776 0.7959184 0.7704082 0.7500000 0.7397959 0.7755102 0.7397959 0.6581633 0.7295918 0.6836735 0.7908163 0.7755102
 [25] 0.8061224 0.7908163 0.7755102 0.7193878 0.7602041 0.7704082 0.7091837 0.7397959 0.7500000 0.7295918 0.7346939 0.7346939
 [37] 0.7602041 0.7806122 0.7244898 0.7500000 0.7908163 0.7806122 0.7653061 0.7500000 0.7653061 0.7653061 0.7551020 0.7755102
 [49] 0.7551020 0.6887755 0.7908163 0.7448980 0.7142857 0.7857143 0.7142857 0.7295918 0.7500000 0.7295918 0.7346939 0.8061224
 [61] 0.7244898 0.7346939 0.7091837 0.7959184 0.7244898 0.6887755 0.7551020 0.6989796 0.7295918 0.7755102 0.7397959 0.6938776
 [73] 0.7193878 0.7448980 0.7346939 0.7704082 0.7704082 0.7295918 0.7857143 0.6683673 0.7193878 0.7755102 0.7040816 0.7244898
 [85] 0.7857143 0.7397959 0.7755102 0.7602041 0.7551020 0.7857143 0.7704082 0.7500000 0.7244898 0.7653061 0.7448980 0.7193878
 [97] 0.7244898 0.7448980 0.7602041 0.7653061
> dim(M.COUNT.N)
[1] 196 100
> nrow(M.COUNT.N)
[1] 196
> length(av.hit.iter)
[1] 196
> int.hit.n <- c(1,2,3,4,5,6,16,36,76,116,156,length(av.hit.iter))
> int.hit.n
 [1]   1   2   3   4   5   6  16  36  76 116 156 196
> av.hit.iter[int.hit.n]
 [1] 0.54 0.53 0.53 0.56 0.58 0.53 0.55 0.51 0.80 0.79 0.90 0.90
> int.hit.1 <- c(1:16,36,76,116,156,length(av.hit.iter))
> int.hit.1
 [1]   1   2   3   4   5   6   7   8   9  10  11  12  13  14  15  16  36  76 116 156 196
> av.hit.iter[int.hit.1]
 [1] 0.54 0.53 0.53 0.56 0.58 0.53 0.50 0.57 0.46 0.47 0.47 0.57 0.63 0.46 0.59 0.55 0.51 0.80 0.79 0.90 0.90
> length(CRIT.vec)
[1] 200
> CRIT.vec <- CRIT.vec[1:nrow(xstart)]
> length(CRIT.vec)
[1] 200
> CRIT.vec
  [1] 1.173839e-12 1.173839e-12 1.173839e-12 1.173839e-12 1.534365e-03 2.093280e-03 2.194059e-03 2.235294e-03 2.234916e-03
 [10] 2.245327e-03 2.838060e-03 2.297316e-03 2.815149e-03 2.798033e-03 2.730370e-03 2.529616e-03 2.470808e-03 2.465612e-03
 [19] 2.925559e-03 2.890607e-03 2.290081e-03 2.889004e-03 2.822106e-03 2.830169e-03 2.900926e-03 2.830569e-03 2.930625e-03
 [28] 2.935001e-03 2.874502e-03 3.405449e-03 2.819798e-03 3.061409e-03 2.763962e-03 2.072953e-03 1.595933e-02 2.609675e-02
 [37] 2.637007e-02 2.215337e-02 1.098033e-02 1.381115e-02 1.579385e-02 1.151721e-02 1.124265e-02 1.873041e-02 2.478252e-02
 [46] 2.256293e-02 1.386233e-02 3.279154e-02 2.717595e-02 1.975245e-02 2.114105e-02 1.626609e-02 2.879907e-02 1.273124e-02
 [55] 1.210021e-02 2.482276e-02 1.250564e-02 1.493333e-02 1.668449e-02 1.211855e-02 1.703055e-02 1.262037e-02 1.610832e-02
 [64] 1.691558e-02 1.649821e-02 1.185204e-02 1.181549e-02 1.641501e-02 1.602390e-02 1.431767e-02 1.630148e-02 1.710775e-02
 [73] 1.190543e-02 1.181094e-02 1.877023e-02 1.166787e-02 1.366298e-02 1.629285e-02 1.381372e-02 1.376654e-02 1.381373e-02
 [82] 1.574680e-02 1.494970e-02 1.312768e-02 1.662328e-02 1.562136e-02 1.595839e-02 1.469777e-02 1.326193e-02 1.227131e-02
 [91] 1.514878e-02 1.357884e-02 2.512794e-02 1.659632e-02 1.668724e-02 3.365834e-02 1.571756e-02 1.790352e-02 1.348642e-02
[100] 1.310522e-02 1.568509e-02 1.515776e-02 2.007340e-02 2.001363e-02 1.712221e-02 1.405821e-02 1.399560e-02 1.384931e-02
[109] 1.766028e-02 1.376103e-02 1.304086e-02 1.604902e-02 2.540654e-02 2.963465e-02 1.730916e-02 1.272959e-02 1.494757e-02
[118] 1.767207e-02 1.312059e-02 1.245041e-02 1.291922e-02 1.251351e-02 1.210122e-02 1.179403e-02 1.411224e-02 1.158694e-02
[127] 1.144784e-02 1.130574e-02 1.214801e-02 1.295506e-02 1.808519e-02 1.971183e-02 1.548810e-02 1.755983e-02 1.297992e-02
[136] 1.283252e-02 1.313503e-02 1.357361e-02 1.178857e-02 1.627418e-02 1.724042e-02 1.305728e-02 1.163501e-02 1.115872e-02
[145] 2.235070e-02 1.733930e-02 1.092960e-02 1.276836e-02 1.429116e-02 1.141186e-02 1.103484e-02 1.266864e-02 1.085727e-02
[154] 1.380535e-02 1.692247e-02 1.065771e-02 1.749391e-02 1.142406e-02 2.730750e-02 3.158684e-02 2.370112e-02 2.399754e-02
[163] 1.928344e-02 1.756923e-02 2.658314e-02 1.517973e-02 1.443009e-02 1.483142e-02 1.955493e-02 1.814697e-02 1.411635e-02
[172] 2.390404e-02 1.258270e-02 1.632457e-02 1.404558e-02 1.251335e-02 2.268383e-02 1.152578e-02 2.626548e-02 2.787783e-02
[181] 1.159851e-02 1.408470e-02 1.157231e-02 1.064685e-02 1.432885e-02 1.197772e-02 1.061365e-02 1.054358e-02 1.049524e-02
[190] 1.049718e-02 1.203566e-02 1.170775e-02 1.079568e-02 1.076554e-02 1.215198e-02 1.067379e-02 1.025110e-02 1.244262e-02
[199] 1.019935e-02 1.009483e-02
> xstart
          Var1       Var2
1    0.0000000  0.0000000
25  10.0000000  0.0000000
601  0.0000000 10.0000000
625 10.0000000 10.0000000
71   8.3333333  0.8333333
150 10.0000000  2.0833333
196  8.3333333  2.9166667
117  6.6666667  1.6666667
242  6.6666667  3.7500000
275 10.0000000  4.1666667
321  8.3333333  5.0000000
400 10.0000000  6.2500000
498  9.1666667  7.9166667
419  7.5000000  6.6666667
340  5.8333333  5.4166667
188  5.0000000  2.9166667
286  4.1666667  4.5833333
544  7.5000000  8.7500000
465  5.8333333  7.5000000
411  4.1666667  6.6666667
590  5.8333333  9.5833333
536  4.1666667  8.7500000
556  2.0833333  9.1666667
431  2.0833333  7.0833333
477  0.4166667  7.9166667
306  2.0833333  5.0000000
183  2.9166667  2.9166667
104  1.2500000  1.6666667
352  0.4166667  5.8333333
227  0.4166667  3.7500000
86   4.1666667  1.2500000
7    2.5000000  0.0000000
15   5.8333333  0.0000000
518  7.0833333  8.3333333
570  7.9166667  9.1666667
596  8.3333333  9.5833333
622  8.7500000 10.0000000
492  6.6666667  7.9166667
439  5.4166667  7.0833333
413  5.0000000  6.6666667
363  5.0000000  5.8333333
337  4.5833333  5.4166667
435  3.7500000  7.0833333
459  3.3333333  7.5000000
483  2.9166667  7.9166667
507  2.5000000  8.3333333
386  4.1666667  6.2500000
360  3.7500000  5.8333333
334  3.3333333  5.4166667
308  2.9166667  5.0000000
258  2.9166667  4.1666667
437  4.5833333  7.0833333
487  4.5833333  7.9166667
514  5.4166667  8.3333333
389  5.4166667  6.2500000
391  6.2500000  6.2500000
316  6.2500000  5.0000000
292  6.6666667  4.5833333
294  7.5000000  4.5833333
384  3.3333333  6.2500000
382  2.5000000  6.2500000
280  1.6666667  4.5833333
254  1.2500000  4.1666667
356  2.0833333  5.8333333
354  1.2500000  5.8333333
480  1.6666667  7.9166667
367  6.6666667  5.8333333
442  6.6666667  7.0833333
343  7.0833333  5.4166667
270  7.9166667  4.1666667
246  8.3333333  3.7500000
248  9.1666667  3.7500000
370  7.9166667  5.8333333
580  1.6666667  9.5833333
604  1.2500000 10.0000000
216  6.2500000  3.3333333
190  5.8333333  2.9166667
140  5.8333333  2.0833333
244  7.5000000  3.7500000
114  5.4166667  1.6666667
88   5.0000000  1.2500000
38   5.0000000  0.4166667
12   4.5833333  0.0000000
194  7.5000000  2.9166667
172  8.7500000  2.5000000
148  9.1666667  2.0833333
98   9.1666667  1.2500000
168  7.0833333  2.5000000
67   6.6666667  0.8333333
212  4.5833333  3.3333333
236  4.1666667  3.7500000
163  5.0000000  2.5000000
137  4.5833333  2.0833333
135  3.7500000  2.0833333
214  5.4166667  3.3333333
264  5.4166667  4.1666667
60   3.7500000  0.8333333
34   3.3333333  0.4166667
313  5.0000000  5.0000000
235  3.7500000  3.7500000
186  4.1666667  2.9166667
109  3.3333333  1.6666667
83   2.9166667  1.2500000
57   2.5000000  0.8333333
55   1.6666667  0.8333333
29   1.2500000  0.4166667
9    3.3333333  0.0000000
232  2.5000000  3.7500000
205  1.6666667  3.3333333
3    0.8333333  0.0000000
179  1.2500000  2.9166667
153  0.8333333  2.5000000
127  0.4166667  2.0833333
101  0.0000000  1.6666667
51   0.0000000  0.8333333
166  6.2500000  2.5000000
144  7.5000000  2.0833333
120  7.9166667  1.6666667
21   8.3333333  0.0000000
106  2.0833333  1.6666667
132  2.5000000  2.0833333
201  0.0000000  3.3333333
74   9.5833333  0.8333333
209  3.3333333  3.3333333
262  4.5833333  4.1666667
558  2.9166667  9.1666667
290  5.8333333  4.5833333
259  3.3333333  4.1666667
282  2.5000000  4.5833333
256  2.0833333  4.1666667
304  1.2500000  5.0000000
302  0.4166667  5.0000000
276  0.0000000  4.5833333
376  0.0000000  6.2500000
426  0.0000000  7.0833333
181  2.0833333  2.9166667
155  1.6666667  2.5000000
78   0.8333333  1.2500000
380  1.6666667  6.2500000
404  1.2500000  6.6666667
428  0.8333333  7.0833333
501  0.0000000  8.3333333
285  3.7500000  4.5833333
584  3.3333333  9.5833333
610  3.7500000 10.0000000
612  4.5833333 10.0000000
551  0.0000000  9.1666667
503  0.8333333  8.3333333
529  1.2500000  8.7500000
606  2.0833333 10.0000000
534  3.3333333  8.7500000
562  4.5833333  9.1666667
90   5.8333333  1.2500000
43   7.0833333  0.4166667
19   7.5000000  0.0000000
347  8.7500000  5.4166667
373  9.1666667  5.8333333
398  9.1666667  6.2500000
422  8.7500000  6.6666667
349  9.5833333  5.4166667
446  8.3333333  7.0833333
470  7.9166667  7.5000000
325 10.0000000  5.0000000
424  9.5833333  6.6666667
450 10.0000000  7.0833333
500 10.0000000  7.9166667
323  9.1666667  5.0000000
298  9.1666667  4.5833333
224  9.5833333  3.3333333
200 10.0000000  2.9166667
494  7.5000000  7.9166667
542  6.6666667  8.7500000
448  9.1666667  7.0833333
522  8.7500000  8.3333333
550 10.0000000  8.7500000
566  6.2500000  9.1666667
614  5.4166667 10.0000000
546  8.3333333  8.7500000
594  7.5000000  9.5833333
618  7.0833333 10.0000000
616  6.2500000 10.0000000
564  5.4166667  9.1666667
396  8.3333333  6.2500000
100 10.0000000  1.2500000
48   9.1666667  0.4166667
23   9.1666667  0.0000000
159  3.3333333  2.5000000
151  0.0000000  2.5000000
332  2.5000000  5.4166667
408  2.9166667  6.6666667
358  2.9166667  5.8333333
485  3.7500000  7.9166667
330  1.6666667  5.4166667
433  2.9166667  7.0833333
457  2.5000000  7.5000000
608  2.9166667 10.0000000
10   3.7500000  0.0000000
5    1.6666667  0.0000000
375 10.0000000  5.8333333
203  0.8333333  3.3333333
> 