as.numeric(row.names(xstart))
  [1]    1   51 2551 2601  195  508   93  557  153  193  610   49  296  608  101  143  507  244  560  246  102  609  100  556  142   50  152
 [28]  245  558  144  607  204  660  295  194  151  659  559  243  506   48  192  658  203  346  661   99  294  297  611  202  347  150  345
 [55]  710  606  711  702  141  701  242  753  650  505  293  754  752  191  651  649  709  700  712  703  804  662  201   91  652  254  599
 [82]   92  751  600  140  598  555   90  253  657   98  648  149  761  241  699  803  456  196  762  708  597  247  760  548  255  190  252
[109]  344  200  549  547  601  763  145  713  704  304  653  509  612  148  656  292  197  755  199  561  805  457  146  705  139  251  654
[136]   97  663  602  147  707  198  240  605  655   94  343  248  706  510   96  756  291  395   95  458   47  604  189  603  250  759  757
[163]  249  342  394  758  303  396  459  406  497  305  806  407  446  355  550   43  445   45   46  356  447   44  405   42  496  498  408
[190]  393   41  354  807  809  357  397  810  808  444  455
> setdiff(1:N,as.numeric(row.names(xstart)))
   [1]    2    3    4    5    6    7    8    9   10   11   12   13   14   15   16   17   18   19   20   21   22   23   24   25   26   27
  [27]   28   29   30   31   32   33   34   35   36   37   38   39   40   52   53   54   55   56   57   58   59   60   61   62   63   64
  [53]   65   66   67   68   69   70   71   72   73   74   75   76   77   78   79   80   81   82   83   84   85   86   87   88   89  103
  [79]  104  105  106  107  108  109  110  111  112  113  114  115  116  117  118  119  120  121  122  123  124  125  126  127  128  129
 [105]  130  131  132  133  134  135  136  137  138  154  155  156  157  158  159  160  161  162  163  164  165  166  167  168  169  170
 [131]  171  172  173  174  175  176  177  178  179  180  181  182  183  184  185  186  187  188  205  206  207  208  209  210  211  212
 [157]  213  214  215  216  217  218  219  220  221  222  223  224  225  226  227  228  229  230  231  232  233  234  235  236  237  238
 [183]  239  256  257  258  259  260  261  262  263  264  265  266  267  268  269  270  271  272  273  274  275  276  277  278  279  280
 [209]  281  282  283  284  285  286  287  288  289  290  298  299  300  301  302  306  307  308  309  310  311  312  313  314  315  316
 [235]  317  318  319  320  321  322  323  324  325  326  327  328  329  330  331  332  333  334  335  336  337  338  339  340  341  348
 [261]  349  350  351  352  353  358  359  360  361  362  363  364  365  366  367  368  369  370  371  372  373  374  375  376  377  378
 [287]  379  380  381  382  383  384  385  386  387  388  389  390  391  392  398  399  400  401  402  403  404  409  410  411  412  413
 [313]  414  415  416  417  418  419  420  421  422  423  424  425  426  427  428  429  430  431  432  433  434  435  436  437  438  439
 [339]  440  441  442  443  448  449  450  451  452  453  454  460  461  462  463  464  465  466  467  468  469  470  471  472  473  474
 [365]  475  476  477  478  479  480  481  482  483  484  485  486  487  488  489  490  491  492  493  494  495  499  500  501  502  503
 [391]  504  511  512  513  514  515  516  517  518  519  520  521  522  523  524  525  526  527  528  529  530  531  532  533  534  535
 [417]  536  537  538  539  540  541  542  543  544  545  546  551  552  553  554  562  563  564  565  566  567  568  569  570  571  572
 [443]  573  574  575  576  577  578  579  580  581  582  583  584  585  586  587  588  589  590  591  592  593  594  595  596  613  614
 [469]  615  616  617  618  619  620  621  622  623  624  625  626  627  628  629  630  631  632  633  634  635  636  637  638  639  640
 [495]  641  642  643  644  645  646  647  664  665  666  667  668  669  670  671  672  673  674  675  676  677  678  679  680  681  682
 [521]  683  684  685  686  687  688  689  690  691  692  693  694  695  696  697  698  714  715  716  717  718  719  720  721  722  723
 [547]  724  725  726  727  728  729  730  731  732  733  734  735  736  737  738  739  740  741  742  743  744  745  746  747  748  749
 [573]  750  764  765  766  767  768  769  770  771  772  773  774  775  776  777  778  779  780  781  782  783  784  785  786  787  788
 [599]  789  790  791  792  793  794  795  796  797  798  799  800  801  802  811  812  813  814  815  816  817  818  819  820  821  822
 [625]  823  824  825  826  827  828  829  830  831  832  833  834  835  836  837  838  839  840  841  842  843  844  845  846  847  848
 [651]  849  850  851  852  853  854  855  856  857  858  859  860  861  862  863  864  865  866  867  868  869  870  871  872  873  874
 [677]  875  876  877  878  879  880  881  882  883  884  885  886  887  888  889  890  891  892  893  894  895  896  897  898  899  900
 [703]  901  902  903  904  905  906  907  908  909  910  911  912  913  914  915  916  917  918  919  920  921  922  923  924  925  926
 [729]  927  928  929  930  931  932  933  934  935  936  937  938  939  940  941  942  943  944  945  946  947  948  949  950  951  952
 [755]  953  954  955  956  957  958  959  960  961  962  963  964  965  966  967  968  969  970  971  972  973  974  975  976  977  978
 [781]  979  980  981  982  983  984  985  986  987  988  989  990  991  992  993  994  995  996  997  998  999 1000 1001 1002 1003 1004
 [807] 1005 1006 1007 1008 1009 1010 1011 1012 1013 1014 1015 1016 1017 1018 1019 1020 1021 1022 1023 1024 1025 1026 1027 1028 1029 1030
 [833] 1031 1032 1033 1034 1035 1036 1037 1038 1039 1040 1041 1042 1043 1044 1045 1046 1047 1048 1049 1050 1051 1052 1053 1054 1055 1056
 [859] 1057 1058 1059 1060 1061 1062 1063 1064 1065 1066 1067 1068 1069 1070 1071 1072 1073 1074 1075 1076 1077 1078 1079 1080 1081 1082
 [885] 1083 1084 1085 1086 1087 1088 1089 1090 1091 1092 1093 1094 1095 1096 1097 1098 1099 1100 1101 1102 1103 1104 1105 1106 1107 1108
 [911] 1109 1110 1111 1112 1113 1114 1115 1116 1117 1118 1119 1120 1121 1122 1123 1124 1125 1126 1127 1128 1129 1130 1131 1132 1133 1134
 [937] 1135 1136 1137 1138 1139 1140 1141 1142 1143 1144 1145 1146 1147 1148 1149 1150 1151 1152 1153 1154 1155 1156 1157 1158 1159 1160
 [963] 1161 1162 1163 1164 1165 1166 1167 1168 1169 1170 1171 1172 1173 1174 1175 1176 1177 1178 1179 1180 1181 1182 1183 1184 1185 1186
 [989] 1187 1188 1189 1190 1191 1192 1193 1194 1195 1196 1197 1198
 [ reached getOption("max.print") -- omitted 1401 entries ]
> s.all <- sort(c(as.numeric(row.names(xstart)),setdiff(1:N,as.numeric(row.names(xstart)))))
> s.all2 <- sort(c(as.numeric(row.names(xstart)),as.numeric(row.names(xcan))))
> all.equal(1:N,s.all)
[1] TRUE
> all.equal(1:N,s.all2)
[1] TRUE
> nrow(xstart)
[1] 200
> nrow(xstart)-n1 
[1] 196
> nleft
[1] 196
> E11 <- E11[1:(nrow(xstart)-n1)]
> E12 <- E12[1:(nrow(xstart)-n1)]
> E22 <- E22[1:(nrow(xstart)-n1)]
> E21 <- E21[1:(nrow(xstart)-n1)]
> E1.dif <- E1.dif[1:(nrow(xstart)-n1)]
> E2.dif <- E2.dif[1:(nrow(xstart)-n1)]
> SUM.E1E2 <- SUM.E1E2[1:(nrow(xstart)-n1)]
> int.hit.n <- c(1,2,3,4,5,6,16,36,76,116,nrow(xstart)-n1)
> int.hit.n
 [1]   1   2   3   4   5   6  16  36  76 116 196
> E11[int.hit.n]
 [1] 0.9557168 0.9417962 0.9398363 0.9338956 0.9325361 0.9269769 0.9179741 0.9135634 0.8833532 0.8833102 0.9026655
> E12[int.hit.n]
 [1] 0.9559204 0.9420257 0.9402434 0.9344808 0.9331495 0.9278336 0.9222947 0.9254757 0.8988905 0.8996642 0.9176574
> E22[int.hit.n]
 [1] 0.9560652 0.9415740 0.9390402 0.9323286 0.9307954 0.9242061 0.9121586 0.9053610 0.8727557 0.8735686 0.8944000
> E21[int.hit.n]
 [1] 0.9562684 0.9418032 0.9394213 0.9328661 0.9313558 0.9249703 0.9142750 0.9091308 0.8774423 0.8781958 0.8987238
> E1.dif[int.hit.n]
 [1] 0.0002035939 0.0002295242 0.0004071312 0.0005852050 0.0006134014 0.0008566990 0.0043205983 0.0119123361 0.0155373721 0.0163540374
[11] 0.0149918428
> E2.dif[int.hit.n]
 [1] 0.0002032815 0.0002292655 0.0003810596 0.0005374633 0.0005604049 0.0007641192 0.0021164740 0.0037698248 0.0046866624 0.0046271932
[11] 0.0043237691
> SUM.E1E2[int.hit.n]
 [1] 0.0004068753 0.0004587897 0.0007881907 0.0011226683 0.0011738063 0.0016208183 0.0064370723 0.0156821609 0.0202240345 0.0209812306
[11] 0.0193156119
> round(E11[int.hit.n],digits=5)
 [1] 0.95572 0.94180 0.93984 0.93390 0.93254 0.92698 0.91797 0.91356 0.88335 0.88331 0.90267
> round(E12[int.hit.n],digits=5)
 [1] 0.95592 0.94203 0.94024 0.93448 0.93315 0.92783 0.92229 0.92548 0.89889 0.89966 0.91766
> round(E22[int.hit.n],digits=5)
 [1] 0.95607 0.94157 0.93904 0.93233 0.93080 0.92421 0.91216 0.90536 0.87276 0.87357 0.89440
> round(E21[int.hit.n],digits=5)
 [1] 0.95627 0.94180 0.93942 0.93287 0.93136 0.92497 0.91428 0.90913 0.87744 0.87820 0.89872
> round(E1.dif[int.hit.n],digits=5)
 [1] 0.00020 0.00023 0.00041 0.00059 0.00061 0.00086 0.00432 0.01191 0.01554 0.01635 0.01499
> round(E2.dif[int.hit.n],digits=5)
 [1] 0.00020 0.00023 0.00038 0.00054 0.00056 0.00076 0.00212 0.00377 0.00469 0.00463 0.00432
> round(SUM.E1E2[int.hit.n],digits=5)
 [1] 0.00041 0.00046 0.00079 0.00112 0.00117 0.00162 0.00644 0.01568 0.02022 0.02098 0.01932
> ##########################################################
> sel.iter <- c(1,2,3,4,5,6,16,26,36,46)
> E11[sel.iter]
 [1] 0.9557168 0.9417962 0.9398363 0.9338956 0.9325361 0.9269769 0.9179741 0.9170437 0.9135634 0.9116133
> E12[sel.iter]
 [1] 0.9559204 0.9420257 0.9402434 0.9344808 0.9331495 0.9278336 0.9222947 0.9259374 0.9254757 0.9239623
> E22[sel.iter]
 [1] 0.9560652 0.9415740 0.9390402 0.9323286 0.9307954 0.9242061 0.9121586 0.9095173 0.9053610 0.9034770
> E21[sel.iter]
 [1] 0.9562684 0.9418032 0.9394213 0.9328661 0.9313558 0.9249703 0.9142750 0.9128570 0.9091308 0.9072441
> E1.dif[sel.iter]
 [1] 0.0002035939 0.0002295242 0.0004071312 0.0005852050 0.0006134014 0.0008566990 0.0043205983 0.0088936624 0.0119123361 0.0123490679
> E2.dif[sel.iter]
 [1] 0.0002032815 0.0002292655 0.0003810596 0.0005374633 0.0005604049 0.0007641192 0.0021164740 0.0033396168 0.0037698248 0.0037670743
> SUM.E1E2[sel.iter]
 [1] 0.0004068753 0.0004587897 0.0007881907 0.0011226683 0.0011738063 0.0016208183 0.0064370723 0.0122332792 0.0156821609 0.0161161422
> round(E11[sel.iter],digits=5)
 [1] 0.95572 0.94180 0.93984 0.93390 0.93254 0.92698 0.91797 0.91704 0.91356 0.91161
> round(E12[sel.iter],digits=5)
 [1] 0.95592 0.94203 0.94024 0.93448 0.93315 0.92783 0.92229 0.92594 0.92548 0.92396
> round(E22[sel.iter],digits=5)
 [1] 0.95607 0.94157 0.93904 0.93233 0.93080 0.92421 0.91216 0.90952 0.90536 0.90348
> round(E21[sel.iter],digits=5)
 [1] 0.95627 0.94180 0.93942 0.93287 0.93136 0.92497 0.91428 0.91286 0.90913 0.90724
> round(E1.dif[sel.iter],digits=5)
 [1] 0.00020 0.00023 0.00041 0.00059 0.00061 0.00086 0.00432 0.00889 0.01191 0.01235
> round(E2.dif[sel.iter],digits=5)
 [1] 0.00020 0.00023 0.00038 0.00054 0.00056 0.00076 0.00212 0.00334 0.00377 0.00377
> round(SUM.E1E2[sel.iter],digits=5)
 [1] 0.00041 0.00046 0.00079 0.00112 0.00117 0.00162 0.00644 0.01223 0.01568 0.01612
> length(CRIT.vec)
[1] 200
> CRIT.vec <- CRIT.vec[1:nrow(xstart)]
> length(CRIT.vec)
[1] 200
> CRIT.vec
  [1] 4.335966e-06 4.335966e-06 4.335966e-06 4.335966e-06 5.557073e-02 1.661023e-01 3.191426e-01 5.267437e-01 7.775303e-01 1.078713e+00
 [11] 1.423989e+00 1.816441e+00 2.251482e+00 2.733969e+00 3.262418e+00 3.834347e+00 4.459713e+00 5.125559e+00 5.839657e+00 6.603181e+00
 [21] 7.417139e+00 8.272047e+00 9.170723e+00 1.010582e+01 1.109495e+01 1.213565e+01 1.321678e+01 1.434861e+01 1.552578e+01 1.674437e+01
 [31] 1.801076e+01 1.932876e+01 2.069121e+01 2.209842e+01 2.354342e+01 2.503558e+01 2.657732e+01 2.816342e+01 2.979000e+01 3.146892e+01
 [41] 3.317735e+01 3.493483e+01 3.671342e+01 3.854452e+01 4.041925e+01 4.233580e+01 4.430247e+01 4.630935e+01 4.835470e+01 5.042378e+01
 [51] 5.252806e+01 5.468276e+01 5.685980e+01 5.907560e+01 6.133881e+01 6.362750e+01 6.594499e+01 6.831097e+01 7.070834e+01 7.313809e+01
 [61] 7.559728e+01 7.809896e+01 8.064364e+01 8.321184e+01 8.581975e+01 8.848078e+01 9.116611e+01 9.389540e+01 9.667710e+01 9.949699e+01
 [71] 1.023512e+02 1.052464e+02 1.081598e+02 1.111262e+02 1.141288e+02 1.171591e+02 1.202355e+02 1.233327e+02 1.264648e+02 1.296321e+02
 [81] 1.328347e+02 1.360757e+02 1.393321e+02 1.426189e+02 1.459604e+02 1.493265e+02 1.527325e+02 1.561801e+02 1.596686e+02 1.631988e+02
 [91] 1.667556e+02 1.703314e+02 1.739367e+02 1.775726e+02 1.812242e+02 1.849183e+02 1.886507e+02 1.924101e+02 1.961995e+02 2.000254e+02
[101] 2.038653e+02 2.077537e+02 2.116927e+02 2.156555e+02 2.196721e+02 2.237007e+02 2.277513e+02 2.318350e+02 2.359436e+02 2.400908e+02
[111] 2.442661e+02 2.484714e+02 2.527123e+02 2.569989e+02 2.613247e+02 2.656818e+02 2.700689e+02 2.744983e+02 2.789436e+02 2.834289e+02
[121] 2.879554e+02 2.925132e+02 2.970975e+02 3.017240e+02 3.063699e+02 3.110629e+02 3.157974e+02 3.205635e+02 3.253630e+02 3.302080e+02
[131] 3.350889e+02 3.400101e+02 3.449619e+02 3.499541e+02 3.549917e+02 3.600724e+02 3.651954e+02 3.703649e+02 3.755754e+02 3.808180e+02
[141] 3.861053e+02 3.914322e+02 3.968100e+02 4.022172e+02 4.076676e+02 4.131637e+02 4.186840e+02 4.242474e+02 4.298383e+02 4.354716e+02
[151] 4.411395e+02 4.468421e+02 4.525767e+02 4.583629e+02 4.641880e+02 4.700487e+02 4.759415e+02 4.818749e+02 4.878397e+02 4.938316e+02
[161] 4.998678e+02 5.059476e+02 5.120512e+02 5.182037e+02 5.243852e+02 5.306207e+02 5.368530e+02 5.431077e+02 5.494035e+02 5.557312e+02
[171] 5.621075e+02 5.685135e+02 5.749583e+02 5.814448e+02 5.879738e+02 5.945271e+02 6.011256e+02 6.077633e+02 6.144459e+02 6.211756e+02
[181] 6.279212e+02 6.347059e+02 6.415370e+02 6.484219e+02 6.553461e+02 6.623218e+02 6.693447e+02 6.764047e+02 6.834977e+02 6.906027e+02
[191] 6.977604e+02 7.049627e+02 7.121757e+02 7.194125e+02 7.266983e+02 7.340241e+02 7.413823e+02 7.487844e+02 7.562182e+02 7.636936e+02
> xstart
     Var1 Var2
1     0.0  0.0
51   10.0  0.0
2551  0.0 10.0
2601 10.0 10.0
195   8.2  0.6
508   9.6  1.8
93    8.2  0.2
557   9.2  2.0
153  10.0  0.4
193   7.8  0.6
610   9.6  2.2
49    9.6  0.0
296   8.0  1.0
608   9.2  2.2
101   9.8  0.2
143   8.0  0.4
507   9.4  1.8
244   7.8  0.8
560   9.8  2.0
246   8.2  0.8
102  10.0  0.2
609   9.4  2.2
100   9.6  0.2
556   9.0  2.0
142   7.8  0.4
50    9.8  0.0
152   9.8  0.4
245   8.0  0.8
558   9.4  2.0
144   8.2  0.4
607   9.0  2.2
204  10.0  0.6
660   9.4  2.4
295   7.8  1.0
194   8.0  0.6
151   9.6  0.4
659   9.2  2.4
559   9.6  2.0
243   7.6  0.8
506   9.2  1.8
48    9.4  0.0
192   7.6  0.6
658   9.0  2.4
203   9.8  0.6
346   7.8  1.2
661   9.6  2.4
99    9.4  0.2
294   7.6  1.0
297   8.2  1.0
611   9.8  2.2
202   9.6  0.6
347   8.0  1.2
150   9.4  0.4
345   7.6  1.2
710   9.2  2.6
606   8.8  2.2
711   9.4  2.6
702   7.6  2.6
141   7.6  0.4
701   7.4  2.6
242   7.4  0.8
753   7.6  2.8
650   7.4  2.4
505   9.0  1.8
293   7.4  1.0
754   7.8  2.8
752   7.4  2.8
191   7.4  0.6
651   7.6  2.4
649   7.2  2.4
709   9.0  2.6
700   7.2  2.6
712   9.6  2.6
703   7.8  2.6
804   7.6  3.0
662   9.8  2.4
201   9.4  0.6
91    7.8  0.2
652   7.8  2.4
254   9.8  0.8
599   7.4  2.2
92    8.0  0.2
751   7.2  2.8
600   7.6  2.2
140   7.4  0.4
598   7.2  2.2
555   8.8  2.0
90    7.6  0.2
253   9.6  0.8
657   8.8  2.4
98    9.2  0.2
648   7.0  2.4
149   9.2  0.4
761   9.2  2.8
241   7.2  0.8
699   7.0  2.6
803   7.4  3.0
456   9.4  1.6
196   8.4  0.6
762   9.4  2.8
708   8.8  2.6
597   7.0  2.2
247   8.4  0.8
760   9.0  2.8
548   7.4  2.0
255  10.0  0.8
190   7.2  0.6
252   9.4  0.8
344   7.4  1.2
200   9.2  0.6
549   7.6  2.0
547   7.2  2.0
601   7.8  2.2
763   9.6  2.8
145   8.4  0.4
713   9.8  2.6
704   8.0  2.6
304   9.6  1.0
653   8.0  2.4
509   9.8  1.8
612  10.0  2.2
148   9.0  0.4
656   8.6  2.4
292   7.2  1.0
197   8.6  0.6
755   8.0  2.8
199   9.0  0.6
561  10.0  2.0
805   7.8  3.0
457   9.6  1.6
146   8.6  0.4
705   8.2  2.6
139   7.2  0.4
251   9.2  0.8
654   8.2  2.4
97    9.0  0.2
663  10.0  2.4
602   8.0  2.2
147   8.8  0.4
707   8.6  2.6
198   8.8  0.6
240   7.0  0.8
605   8.6  2.2
655   8.4  2.4
94    8.4  0.2
343   7.2  1.2
248   8.6  0.8
706   8.4  2.6
510  10.0  1.8
96    8.8  0.2
756   8.2  2.8
291   7.0  1.0
395   7.4  1.4
95    8.6  0.2
458   9.8  1.6
47    9.2  0.0
604   8.4  2.2
189   7.0  0.6
603   8.2  2.2
250   9.0  0.8
759   8.8  2.8
757   8.4  2.8
249   8.8  0.8
342   7.0  1.2
394   7.2  1.4
758   8.6  2.8
303   9.4  1.0
396   7.6  1.4
459  10.0  1.6
406   9.6  1.4
497   7.4  1.8
305   9.8  1.0
806   8.0  3.0
407   9.8  1.4
446   7.4  1.6
355   9.6  1.2
550   7.8  2.0
43    8.4  0.0
445   7.2  1.6
45    8.8  0.0
46    9.0  0.0
356   9.8  1.2
447   7.6  1.6
44    8.6  0.0
405   9.4  1.4
42    8.2  0.0
496   7.2  1.8
498   7.6  1.8
408  10.0  1.4
393   7.0  1.4
41    8.0  0.0
354   9.4  1.2
807   8.2  3.0
809   8.6  3.0
357  10.0  1.2
397   7.8  1.4
810   8.8  3.0
808   8.4  3.0
444   7.0  1.6
455   9.2  1.6