design.opt <- cbind(design1.uniq,opt.weight)
> design.opt
                 opt.weight
      10.0 0.0 0.0323010323
       9.2 2.0 0.0003330003
       8.0 0.8 0.1002331002
x.hat  9.6 1.8 0.0009990010
x.hat  8.2 0.4 0.1068931069
x.hat  9.4 2.2 0.1048951049
x.hat 10.0 0.4 0.1378621379
x.hat  9.6 0.0 0.0059940060
x.hat  7.8 0.4 0.0989010989
x.hat  9.2 1.8 0.0029970030
x.hat  9.0 2.2 0.0279720280
x.hat  7.8 0.8 0.0379620380
x.hat  9.6 0.2 0.0459540460
x.hat  8.0 0.4 0.0009990010
x.hat  9.0 2.0 0.1108891109
x.hat  9.6 2.0 0.0089910090
x.hat  9.4 1.8 0.0849150849
x.hat  9.8 0.0 0.0909090909