design.opt
                 opt.weight
      10.0 0.0 0.0271020771
       9.2 2.0 0.0001110741
       8.0 0.8 0.1010774186
x.hat  9.6 1.8 0.0003332223
x.hat  8.2 0.4 0.1079640120
x.hat  9.4 2.2 0.1062979007
x.hat 10.0 0.4 0.1389536821
x.hat  9.6 0.0 0.0019993336
x.hat  7.8 0.4 0.0996334555
x.hat  9.2 1.8 0.0009996668
x.hat  9.0 2.2 0.0279906698
x.hat  7.8 0.8 0.0373208930
x.hat  9.6 0.2 0.0453182273
x.hat  8.0 0.4 0.0003332223
x.hat  9.0 2.0 0.1119626791
x.hat  9.6 2.0 0.0069976674
x.hat  9.4 1.8 0.0873042319
x.hat  9.8 0.0 0.0983005665
> poi
    Var1 Var2
50   9.8  0.0
51  10.0  0.0
100  9.6  0.2
144  8.2  0.4
153 10.0  0.4
556  9.0  2.0
559  9.6  2.0
607  9.0  2.2
609  9.4  2.2

Phi.opt1
[1] 0.000582577
> 