nrow(xstart)
[1] 200
> nrow(xstart)-n1 
[1] 196
> nleft
[1] 196
> M.COUNT[nleft,]
  [1] 1 1 1 1 1 1 1 1 1 1 1 1 1 1 1 1 1 1 1 1 1 1 1 1 1 1 1 1 1 1 1 1 1 1 1 1 1 1 1 1 1 1 1 1 1 1 1 1 1 1 1 1 1 1 1 1 1 1 1 1 1 1
 [63] 1 1 1 1 1 1 1 1 1 1 1 1 1 1 1 1 1 1 1 1 1 1 1 1 1 1 1 1 1 1 1 1 1 1 1 1 1 1
> M.COUNT <- M.COUNT[1:(nrow(xstart)-n1),]
> 
> dim(M.COUNT)
[1] 196 100
> M.COUNT[nrow(xstart)-n1,]
  [1] 1 1 1 1 1 1 1 1 1 1 1 1 1 1 1 1 1 1 1 1 1 1 1 1 1 1 1 1 1 1 1 1 1 1 1 1 1 1 1 1 1 1 1 1 1 1 1 1 1 1 1 1 1 1 1 1 1 1 1 1 1 1
 [63] 1 1 1 1 1 1 1 1 1 1 1 1 1 1 1 1 1 1 1 1 1 1 1 1 1 1 1 1 1 1 1 1 1 1 1 1 1 1
> 
> 
> av.hit.iter <- apply(M.COUNT,1,mean)
> av.hit.run <- apply(M.COUNT,2,mean)
> 
> av.hit.iter
  [1] 0.69 0.71 0.72 0.77 0.79 0.81 0.78 0.83 0.78 0.81 0.81 0.86 0.87 0.84 0.86 0.88 0.81 0.92 0.86 0.81 0.85 0.84 0.92 0.96 0.88
 [26] 0.87 0.90 0.93 0.93 0.91 0.94 0.94 0.95 0.93 0.90 0.93 0.89 0.96 0.96 0.99 0.92 0.94 0.93 0.92 0.97 0.95 0.90 0.95 0.91 0.97
 [51] 0.97 0.97 0.99 0.97 0.97 0.98 0.99 0.96 0.99 0.99 0.98 0.97 0.97 1.00 1.00 1.00 1.00 0.99 0.98 0.98 0.99 0.97 0.99 0.99 0.99
 [76] 0.99 1.00 0.99 1.00 0.98 1.00 0.99 0.98 0.98 1.00 0.99 0.99 0.99 0.99 1.00 1.00 1.00 0.99 1.00 0.99 1.00 1.00 1.00 1.00 1.00
[101] 0.99 1.00 0.99 1.00 1.00 0.99 1.00 1.00 1.00 1.00 1.00 1.00 1.00 1.00 1.00 1.00 1.00 1.00 1.00 1.00 1.00 1.00 1.00 1.00 1.00
[126] 1.00 1.00 1.00 1.00 1.00 1.00 1.00 1.00 1.00 1.00 1.00 1.00 1.00 1.00 1.00 1.00 1.00 1.00 1.00 0.99 1.00 1.00 1.00 1.00 1.00
[151] 1.00 1.00 1.00 1.00 1.00 1.00 1.00 1.00 1.00 1.00 1.00 1.00 1.00 1.00 1.00 1.00 1.00 1.00 1.00 1.00 1.00 1.00 1.00 1.00 1.00
[176] 1.00 1.00 1.00 1.00 1.00 1.00 1.00 1.00 1.00 1.00 1.00 1.00 1.00 1.00 1.00 1.00 1.00 1.00 1.00 1.00 1.00
> av.hit.run
  [1] 0.9642857 0.9489796 0.9642857 0.9540816 0.9642857 0.9744898 0.9642857 0.9744898 0.9795918 0.9744898 0.9642857 0.9642857
 [13] 0.9489796 0.9591837 0.9744898 0.9744898 0.9693878 0.9540816 0.9846939 0.9642857 0.9744898 0.9744898 0.9540816 0.9744898
 [25] 0.9693878 0.9591837 0.9591837 0.9693878 0.9693878 0.9795918 0.9642857 0.9540816 0.9591837 0.9387755 0.9540816 0.9591837
 [37] 0.9489796 0.9540816 0.9897959 0.9693878 0.9591837 0.9693878 0.9642857 0.9846939 0.9489796 0.9693878 0.9591837 0.9744898
 [49] 0.9693878 0.9744898 0.9744898 0.9489796 0.9591837 0.9693878 0.9642857 0.9693878 0.9591837 0.9846939 0.9693878 0.9438776
 [61] 0.9591837 0.9693878 0.9693878 0.9489796 0.9642857 0.9897959 0.9642857 0.9591837 0.9693878 0.9693878 0.9336735 0.9693878
 [73] 0.9591837 0.9642857 0.9846939 0.9795918 0.9795918 0.9540816 0.9693878 0.9744898 0.9642857 0.9489796 0.9591837 0.9591837
 [85] 0.9540816 0.9744898 0.9795918 0.9642857 0.9744898 0.9744898 0.9744898 0.9693878 0.9846939 0.9744898 0.9438776 0.9591837
 [97] 0.9744898 0.9948980 0.9591837 0.9693878
> 
> dim(M.COUNT)
[1] 196 100
> nrow(M.COUNT)
[1] 196
> length(av.hit.iter)
[1] 196
> 
> E11
  [1] 0.9364227 0.9360398 0.9317886 0.9275298 0.9232553 0.9189652 0.9146595 0.9103385 0.9060026 0.9016523 0.8972877 0.8929090
 [13] 0.8885172 0.8841152 0.8797120 0.8753344 0.8710570 0.8670687 0.8637844 0.8619055 0.8620164 0.8604859 0.8591986 0.8594369
 [25] 0.8592366 0.8597714 0.8588558 0.8579275 0.8569976 0.8560674 0.8551348 0.8541965 0.8532497 0.8522941 0.8513306 0.8503609
 [37] 0.8493864 0.8484078 0.8474256 0.8464401 0.8454515 0.8444612 0.8434729 0.8424995 0.8415806 0.8408258 0.8405013 0.8410060
 [49] 0.8409914 0.8415590 0.8426947 0.8432598 0.8434789 0.8433851 0.8431316 0.8428367 0.8425279 0.8422148 0.8418998 0.8415834
 [61] 0.8412655 0.8409462 0.8406255 0.8403034 0.8399801 0.8396556 0.8393299 0.8390030 0.8386750 0.8383463 0.8380181 0.8376952
 [73] 0.8373962 0.8371785 0.8372188 0.8378436 0.8381769 0.8382021 0.8380832 0.8379304 0.8377671 0.8376009 0.8374336 0.8372655
 [85] 0.8370968 0.8369273 0.8367573 0.8365865 0.8364151 0.8362431 0.8360704 0.8358971 0.8357231 0.8355487 0.8353747 0.8352043
 [97] 0.8350513 0.8349630 0.8351015 0.8358008 0.8362433 0.8364283 0.8365094 0.8365729 0.8366319 0.8366904 0.8367489 0.8368076
[109] 0.8368666 0.8369257 0.8369851 0.8370447 0.8371045 0.8371646 0.8372249 0.8372855 0.8373463 0.8374075 0.8374695 0.8375342
[121] 0.8376115 0.8377386 0.8380605 0.8389095 0.8396392 0.8402177 0.8407710 0.8413237 0.8418781 0.8424346 0.8429935 0.8435546
[133] 0.8441180 0.8446837 0.8452518 0.8458222 0.8463949 0.8469701 0.8475476 0.8481275 0.8487098 0.8492946 0.8498821 0.8504729
[145] 0.8510715 0.8516976 0.8524478 0.8536027 0.8549245 0.8562751 0.8576330 0.8589969 0.8603666 0.8617422 0.8631237 0.8645112
[157] 0.8659046 0.8673040 0.8687095 0.8701211 0.8715388 0.8729628 0.8743929 0.8758293 0.8772720 0.8787210 0.8801764 0.8816384
[169] 0.8831076 0.8845878 0.8861049 0.8877782 0.8858076 0.8855913 0.8853263 0.8850886 0.8848605 0.8846486 0.8844512 0.8842599
[181] 0.8840620 0.8838477 0.8836142 0.8833649 0.8831054 0.8828399 0.8825712 0.8823004 0.8820282 0.8817547 0.8814804 0.8812071
[193] 0.8809403 0.8807017 0.8805572 0.8807179
> E12
  [1] 0.9370316 0.9372729 0.9332162 0.9290155 0.9247733 0.9205075 0.9162255 0.9119283 0.9076165 0.9032903 0.8989500 0.8945957
 [13] 0.8902279 0.8858492 0.8814674 0.8771068 0.8728346 0.8688178 0.8654246 0.8633353 0.8632934 0.8617685 0.8603082 0.8603750
 [25] 0.8605284 0.8610675 0.8602230 0.8593426 0.8584566 0.8575694 0.8566799 0.8557848 0.8548817 0.8539702 0.8530516 0.8521274
 [37] 0.8511989 0.8502668 0.8493314 0.8483928 0.8474513 0.8465079 0.8455659 0.8446348 0.8437416 0.8429587 0.8425118 0.8428502
 [49] 0.8430706 0.8436557 0.8448611 0.8453239 0.8459070 0.8459674 0.8458352 0.8456303 0.8454135 0.8451916 0.8449685 0.8447444
 [61] 0.8445191 0.8442926 0.8440650 0.8438362 0.8436065 0.8433758 0.8431443 0.8429120 0.8426789 0.8424454 0.8422122 0.8419829
 [73] 0.8417663 0.8415915 0.8415843 0.8420577 0.8426877 0.8428272 0.8428033 0.8427163 0.8426203 0.8425204 0.8424198 0.8423187
 [85] 0.8422172 0.8421154 0.8420131 0.8419105 0.8418075 0.8417041 0.8416003 0.8414961 0.8413915 0.8412868 0.8411823 0.8410804
 [97] 0.8409871 0.8409286 0.8410140 0.8415664 0.8422052 0.8424390 0.8425487 0.8426207 0.8426885 0.8427548 0.8428212 0.8428878
[109] 0.8429547 0.8430219 0.8430894 0.8431571 0.8432251 0.8432934 0.8433620 0.8434308 0.8434999 0.8435694 0.8436395 0.8437118
[121] 0.8437910 0.8439004 0.8441444 0.8448506 0.8456630 0.8462206 0.8467472 0.8472639 0.8477814 0.8483005 0.8488216 0.8493449
[133] 0.8498703 0.8503978 0.8509276 0.8514595 0.8519936 0.8525300 0.8530686 0.8536094 0.8541525 0.8546978 0.8552456 0.8557964
[145] 0.8563524 0.8569273 0.8575962 0.8586382 0.8599326 0.8612593 0.8625898 0.8639244 0.8652643 0.8666099 0.8679612 0.8693183
[157] 0.8706812 0.8720501 0.8734249 0.8748056 0.8761924 0.8775852 0.8789840 0.8803890 0.8818002 0.8832176 0.8846412 0.8860712
[169] 0.8875079 0.8889543 0.8904333 0.8920673 0.8902814 0.8901559 0.8899738 0.8897581 0.8895422 0.8893368 0.8891448 0.8889595
[181] 0.8887691 0.8885634 0.8883388 0.8880989 0.8878493 0.8875943 0.8873364 0.8870768 0.8868158 0.8865537 0.8862908 0.8860283
[193] 0.8857713 0.8855330 0.8853612 0.8854161
> E22
  [1] 0.9357867 0.9346325 0.9303398 0.9260885 0.9218266 0.9175518 0.9132628 0.9089596 0.9046423 0.9003107 0.8959649 0.8916050
 [13] 0.8872310 0.8828440 0.8784486 0.8740636 0.8697558 0.8657318 0.8625040 0.8609250 0.8614139 0.8591982 0.8580060 0.8585667
 [25] 0.8579971 0.8586790 0.8574827 0.8562820 0.8550798 0.8538754 0.8526671 0.8514529 0.8502319 0.8490042 0.8477706 0.8465320
 [37] 0.8452889 0.8440413 0.8427895 0.8415333 0.8402731 0.8390094 0.8377460 0.8364973 0.8353182 0.8343747 0.8340534 0.8347535
 [49] 0.8345338 0.8352253 0.8363716 0.8372009 0.8370235 0.8366801 0.8362081 0.8357252 0.8352348 0.8347426 0.8342485 0.8337525
 [61] 0.8332542 0.8327539 0.8322514 0.8317470 0.8312406 0.8307325 0.8302225 0.8297106 0.8291969 0.8286817 0.8281662 0.8276562
 [73] 0.8271792 0.8268266 0.8268723 0.8276612 0.8277471 0.8276446 0.8274207 0.8271877 0.8269488 0.8267088 0.8264677 0.8262258
 [85] 0.8259828 0.8257389 0.8254939 0.8252480 0.8250012 0.8247535 0.8245048 0.8242551 0.8240045 0.8237532 0.8235016 0.8232535
 [97] 0.8230277 0.8228936 0.8230884 0.8239538 0.8242332 0.8243689 0.8244220 0.8244738 0.8245234 0.8245733 0.8246233 0.8246735
[109] 0.8247238 0.8247744 0.8248251 0.8248761 0.8249272 0.8249785 0.8250301 0.8250818 0.8251338 0.8251860 0.8252388 0.8252943
[121] 0.8253654 0.8255045 0.8259171 0.8269374 0.8276511 0.8283044 0.8289460 0.8295929 0.8302423 0.8308945 0.8315493 0.8322068
[133] 0.8328670 0.8335299 0.8341956 0.8348639 0.8355351 0.8362090 0.8368857 0.8375652 0.8382476 0.8389328 0.8396210 0.8403130
[145] 0.8410144 0.8417522 0.8426574 0.8439943 0.8454383 0.8469178 0.8484084 0.8499062 0.8514104 0.8529211 0.8544384 0.8559621
[157] 0.8574924 0.8590293 0.8605728 0.8621231 0.8636801 0.8652439 0.8668145 0.8683920 0.8699764 0.8715677 0.8731661 0.8747717
[169] 0.8763852 0.8780116 0.8796825 0.8814917 0.8792827 0.8789329 0.8786074 0.8783403 0.8780817 0.8778350 0.8775984 0.8773651
[181] 0.8771251 0.8768718 0.8766052 0.8763291 0.8760478 0.8757635 0.8754774 0.8751898 0.8749009 0.8746106 0.8743192 0.8740279
[193] 0.8737416 0.8734858 0.8733489 0.8736262
> E21
  [1] 0.9363349 0.9355272 0.9313031 0.9270774 0.9228372 0.9185832 0.9143154 0.9100338 0.9057383 0.9014288 0.8971052 0.8927674
 [13] 0.8884153 0.8840494 0.8796735 0.8753045 0.8710049 0.8669704 0.8636884 0.8619966 0.8624002 0.8602513 0.8589634 0.8594292
 [25] 0.8590546 0.8597085 0.8585548 0.8573906 0.8562243 0.8550557 0.8538833 0.8527054 0.8515209 0.8503302 0.8491343 0.8479341
 [37] 0.8467298 0.8455216 0.8443093 0.8430929 0.8418725 0.8406488 0.8394248 0.8382138 0.8370641 0.8361238 0.8357515 0.8363714
 [49] 0.8362793 0.8369629 0.8381404 0.8389125 0.8389255 0.8386719 0.8382716 0.8378492 0.8374204 0.8369901 0.8365585 0.8361251
 [61] 0.8356899 0.8352526 0.8348134 0.8343724 0.8339297 0.8334853 0.8330393 0.8325917 0.8321425 0.8316919 0.8312411 0.8307953
 [73] 0.8303775 0.8300671 0.8301029 0.8308308 0.8310464 0.8309937 0.8308077 0.8306031 0.8303934 0.8301826 0.8299710 0.8297587
 [85] 0.8295455 0.8293314 0.8291165 0.8289008 0.8286842 0.8284668 0.8282486 0.8280296 0.8278098 0.8275892 0.8273684 0.8271505
 [97] 0.8269514 0.8268323 0.8270017 0.8278070 0.8281692 0.8283193 0.8283754 0.8284236 0.8284701 0.8285167 0.8285636 0.8286106
[109] 0.8286577 0.8287051 0.8287526 0.8288004 0.8288483 0.8288964 0.8289446 0.8289931 0.8290418 0.8290907 0.8291401 0.8291920
[121] 0.8292572 0.8293839 0.8297568 0.8307167 0.8314595 0.8320954 0.8327144 0.8333360 0.8339600 0.8345866 0.8352158 0.8358475
[133] 0.8364819 0.8371188 0.8377583 0.8384005 0.8390454 0.8396929 0.8403431 0.8409960 0.8416516 0.8423100 0.8429712 0.8436360
[145] 0.8443093 0.8450165 0.8458775 0.8471643 0.8485913 0.8500553 0.8515285 0.8530083 0.8544944 0.8559869 0.8574858 0.8589912
[157] 0.8605030 0.8620214 0.8635463 0.8650779 0.8666161 0.8681610 0.8697127 0.8712711 0.8728364 0.8744086 0.8759877 0.8775738
[169] 0.8791678 0.8807743 0.8824237 0.8842150 0.8820895 0.8817870 0.8814924 0.8812328 0.8809787 0.8807347 0.8805003 0.8802692
[181] 0.8800320 0.8797822 0.8795197 0.8792484 0.8789724 0.8786941 0.8784144 0.8781335 0.8778513 0.8775679 0.8772834 0.8769985
[193] 0.8767182 0.8764649 0.8763203 0.8765515
> E1.dif
  [1] 0.0006088779 0.0012331350 0.0014276096 0.0014856963 0.0015179701 0.0015423429 0.0015660253 0.0015897880 0.0016138188
 [10] 0.0016380416 0.0016623644 0.0016866627 0.0017107050 0.0017339949 0.0017554491 0.0017724717 0.0017776297 0.0017490591
 [19] 0.0016402238 0.0014298288 0.0012770371 0.0012825864 0.0011095549 0.0009381296 0.0012918294 0.0012961175 0.0013671736
 [28] 0.0014150271 0.0014589580 0.0015019943 0.0015450643 0.0015883533 0.0016319930 0.0016761487 0.0017209683 0.0017664688
 [37] 0.0018125343 0.0018590066 0.0019057578 0.0019527018 0.0019997583 0.0020467623 0.0020929789 0.0021352958 0.0021610383
 [46] 0.0021329075 0.0020105263 0.0018441468 0.0020791411 0.0020966201 0.0021664542 0.0020640093 0.0024281100 0.0025822123
 [55] 0.0027036122 0.0027935962 0.0028856413 0.0029768155 0.0030687123 0.0031609845 0.0032535908 0.0033464345 0.0034394883
 [64] 0.0035327776 0.0036263466 0.0037202291 0.0038144427 0.0039089957 0.0040038828 0.0040990844 0.0041941973 0.0042877182
 [73] 0.0043700962 0.0044129981 0.0043655350 0.0042141677 0.0045107635 0.0046250475 0.0047200503 0.0047859091 0.0048532559
 [82] 0.0049195177 0.0049862004 0.0050531518 0.0051204353 0.0051880250 0.0052558912 0.0053240133 0.0053923857 0.0054610105
 [91] 0.0055298911 0.0055990299 0.0056684182 0.0057380401 0.0058075584 0.0058761071 0.0059358216 0.0059656274 0.0059124789
[100] 0.0057656528 0.0059619007 0.0060107324 0.0060393085 0.0060478387 0.0060565822 0.0060644173 0.0060723066 0.0060802149
[109] 0.0060881896 0.0060962275 0.0061043178 0.0061124491 0.0061206152 0.0061288137 0.0061370442 0.0061453064 0.0061535946
[118] 0.0061619009 0.0061700316 0.0061775921 0.0061794203 0.0061617698 0.0060839001 0.0059411384 0.0060237483 0.0060029487
[127] 0.0059762702 0.0059402319 0.0059033416 0.0058658418 0.0058281401 0.0057902724 0.0057522588 0.0057141002 0.0056757927
[136] 0.0056373313 0.0055987127 0.0055599346 0.0055209956 0.0054818945 0.0054426283 0.0054031941 0.0053635205 0.0053235112
[145] 0.0052809548 0.0052297555 0.0051483279 0.0050355244 0.0050081544 0.0049842188 0.0049567504 0.0049275013 0.0048976884
[154] 0.0048676427 0.0048374452 0.0048071148 0.0047766560 0.0047460690 0.0047153520 0.0046845032 0.0046535208 0.0046224035
[163] 0.0045911505 0.0045597606 0.0045282329 0.0044965659 0.0044647493 0.0044327756 0.0044003136 0.0043665096 0.0043283650
[172] 0.0042891175 0.0044738491 0.0045646366 0.0046474528 0.0046695494 0.0046817030 0.0046882111 0.0046936402 0.0046996702
[181] 0.0047071181 0.0047156499 0.0047246540 0.0047340105 0.0047438928 0.0047543444 0.0047652321 0.0047763868 0.0047876865
[190] 0.0047990451 0.0048103896 0.0048212851 0.0048309547 0.0048312848 0.0048039091 0.0046982347
> E2.dif
  [1] 0.0005481328 0.0008947034 0.0009632915 0.0009888857 0.0010105731 0.0010313656 0.0010525496 0.0010741180 0.0010959965
 [10] 0.0011180733 0.0011402457 0.0011623892 0.0011842765 0.0012054315 0.0012249024 0.0012408428 0.0012491281 0.0012386289
 [19] 0.0011843853 0.0010715829 0.0009863269 0.0010530998 0.0009573816 0.0008624747 0.0010574950 0.0010294800 0.0010720220
 [28] 0.0011086639 0.0011444510 0.0011802936 0.0012162569 0.0012524323 0.0012889561 0.0013260027 0.0013637039 0.0014020672
 [37] 0.0014409794 0.0014802860 0.0015198578 0.0015596069 0.0015994626 0.0016393160 0.0016787964 0.0017164349 0.0017459005
 [46] 0.0017491128 0.0016981084 0.0016179173 0.0017454967 0.0017375531 0.0017687406 0.0017115502 0.0019019657 0.0019917700
 [55] 0.0020634440 0.0021239677 0.0021855984 0.0022475419 0.0023099652 0.0023726862 0.0024356383 0.0024987608 0.0025620256
 [64] 0.0026254398 0.0026890296 0.0027528209 0.0028168307 0.0028810685 0.0029455355 0.0030102188 0.0030749467 0.0031390439
 [73] 0.0031983076 0.0032405151 0.0032305637 0.0031696564 0.0032992723 0.0033490922 0.0033870054 0.0034154072 0.0034446136
 [82] 0.0034738426 0.0035032903 0.0035328853 0.0035626364 0.0035925364 0.0036225711 0.0036527275 0.0036829988 0.0037133832
 [91] 0.0037438810 0.0037744921 0.0038052108 0.0038360155 0.0038667632 0.0038970278 0.0039237655 0.0039387801 0.0039132905
[100] 0.0038532455 0.0039359828 0.0039504165 0.0039533664 0.0039498185 0.0039467018 0.0039434823 0.0039402884 0.0039370883
[109] 0.0039338889 0.0039306894 0.0039274864 0.0039242758 0.0039210547 0.0039178216 0.0039145757 0.0039113162 0.0039080392
[118] 0.0039047326 0.0039013213 0.0038976154 0.0038918748 0.0038794597 0.0038396030 0.0037793247 0.0038084443 0.0037910498
[127] 0.0037683359 0.0037430717 0.0037176856 0.0036921314 0.0036664700 0.0036407029 0.0036148328 0.0035888594 0.0035627814
[136] 0.0035365970 0.0035103049 0.0034839042 0.0034573939 0.0034307732 0.0034040401 0.0033771900 0.0033501958 0.0033230066
[145] 0.0032949406 0.0032642670 0.0032200824 0.0031699316 0.0031529283 0.0031374343 0.0031200804 0.0031021274 0.0030840016
[154] 0.0030657795 0.0030474759 0.0030290933 0.0030106320 0.0029920916 0.0029734715 0.0029547710 0.0029359894 0.0029171259
[163] 0.0028981801 0.0028791514 0.0028600390 0.0028408420 0.0028215562 0.0028021772 0.0027826190 0.0027627890 0.0027412627
[172] 0.0027233522 0.0028067207 0.0028540732 0.0028849666 0.0028925428 0.0028970065 0.0028997251 0.0029018388 0.0029040603
[181] 0.0029069034 0.0029104293 0.0029145284 0.0029192297 0.0029246069 0.0029305950 0.0029370125 0.0029436779 0.0029504672
[190] 0.0029573015 0.0029641050 0.0029706754 0.0029766087 0.0029790567 0.0029714168 0.0029252316
> SUM.E1E2
  [1] 0.001157011 0.002127838 0.002390901 0.002474582 0.002528543 0.002573709 0.002618575 0.002663906 0.002709815 0.002756115
 [11] 0.002802610 0.002849052 0.002894982 0.002939426 0.002980351 0.003013315 0.003026758 0.002987688 0.002824609 0.002501412
 [21] 0.002263364 0.002335686 0.002066937 0.001800604 0.002349324 0.002325598 0.002439196 0.002523691 0.002603409 0.002682288
 [31] 0.002761321 0.002840786 0.002920949 0.003002151 0.003084672 0.003168536 0.003253514 0.003339293 0.003425616 0.003512309
 [41] 0.003599221 0.003686078 0.003771775 0.003851731 0.003906939 0.003882020 0.003708635 0.003462064 0.003824638 0.003834173
 [51] 0.003935195 0.003775560 0.004330076 0.004573982 0.004767056 0.004917564 0.005071240 0.005224357 0.005378677 0.005533671
 [61] 0.005689229 0.005845195 0.006001514 0.006158217 0.006315376 0.006473050 0.006631273 0.006790064 0.006949418 0.007109303
 [71] 0.007269144 0.007426762 0.007568404 0.007653513 0.007596099 0.007383824 0.007810036 0.007974140 0.008107056 0.008201316
 [81] 0.008297869 0.008393360 0.008489491 0.008586037 0.008683072 0.008780561 0.008878462 0.008976741 0.009075385 0.009174394
 [91] 0.009273772 0.009373522 0.009473629 0.009574056 0.009674322 0.009773135 0.009859587 0.009904408 0.009825769 0.009618898
[101] 0.009897884 0.009961149 0.009992675 0.009997657 0.010003284 0.010007900 0.010012595 0.010017303 0.010022078 0.010026917
[111] 0.010031804 0.010036725 0.010041670 0.010046635 0.010051620 0.010056623 0.010061634 0.010066634 0.010071353 0.010075208
[121] 0.010071295 0.010041229 0.009923503 0.009720463 0.009832193 0.009793998 0.009744606 0.009683304 0.009621027 0.009557973
[131] 0.009494610 0.009430975 0.009367092 0.009302960 0.009238574 0.009173928 0.009109018 0.009043839 0.008978390 0.008912668
[141] 0.008846668 0.008780384 0.008713716 0.008646518 0.008575895 0.008494022 0.008368410 0.008205456 0.008161083 0.008121653
[151] 0.008076831 0.008029629 0.007981690 0.007933422 0.007884921 0.007836208 0.007787288 0.007738161 0.007688824 0.007639274
[161] 0.007589510 0.007539529 0.007489331 0.007438912 0.007388272 0.007337408 0.007286306 0.007234953 0.007182933 0.007129299
[171] 0.007069628 0.007012470 0.007280570 0.007418710 0.007532419 0.007562092 0.007578709 0.007587936 0.007595479 0.007603730
[181] 0.007614021 0.007626079 0.007639182 0.007653240 0.007668500 0.007684939 0.007702245 0.007720065 0.007738154 0.007756347
[191] 0.007774495 0.007791961 0.007807563 0.007810342 0.007775326 0.007623466
> 
> 
> int.hit.n <- c(1,2,3,4,5,6,16,36,76,116,156,length(av.hit.iter))
> int.hit.n
 [1]   1   2   3   4   5   6  16  36  76 116 156 196
> av.hit.iter[int.hit.n]
 [1] 0.69 0.71 0.72 0.77 0.79 0.81 0.88 0.93 0.99 1.00 1.00 1.00
> 
> E11[int.hit.n]
 [1] 0.9364227 0.9360398 0.9317886 0.9275298 0.9232553 0.9189652 0.8753344 0.8503609 0.8378436 0.8372855 0.8645112 0.8807179
> E12[int.hit.n]
 [1] 0.9370316 0.9372729 0.9332162 0.9290155 0.9247733 0.9205075 0.8771068 0.8521274 0.8420577 0.8434308 0.8693183 0.8854161
> E22[int.hit.n]
 [1] 0.9357867 0.9346325 0.9303398 0.9260885 0.9218266 0.9175518 0.8740636 0.8465320 0.8276612 0.8250818 0.8559621 0.8736262
> E21[int.hit.n]
 [1] 0.9363349 0.9355272 0.9313031 0.9270774 0.9228372 0.9185832 0.8753045 0.8479341 0.8308308 0.8289931 0.8589912 0.8765515
> E1.dif[int.hit.n]
 [1] 0.0006088779 0.0012331350 0.0014276096 0.0014856963 0.0015179701 0.0015423429 0.0017724717 0.0017664688 0.0042141677
[10] 0.0061453064 0.0048071148 0.0046982347
> E2.dif[int.hit.n]
 [1] 0.0005481328 0.0008947034 0.0009632915 0.0009888857 0.0010105731 0.0010313656 0.0012408428 0.0014020672 0.0031696564
[10] 0.0039113162 0.0030290933 0.0029252316
> SUM.E1E2[int.hit.n]
 [1] 0.001157011 0.002127838 0.002390901 0.002474582 0.002528543 0.002573709 0.003013315 0.003168536 0.007383824 0.010056623
[11] 0.007836208 0.007623466
> 
> round(E11[int.hit.n],digits=5)
 [1] 0.93642 0.93604 0.93179 0.92753 0.92326 0.91897 0.87533 0.85036 0.83784 0.83729 0.86451 0.88072
> round(E12[int.hit.n],digits=5)
 [1] 0.93703 0.93727 0.93322 0.92902 0.92477 0.92051 0.87711 0.85213 0.84206 0.84343 0.86932 0.88542
> round(E22[int.hit.n],digits=5)
 [1] 0.93579 0.93463 0.93034 0.92609 0.92183 0.91755 0.87406 0.84653 0.82766 0.82508 0.85596 0.87363
> round(E21[int.hit.n],digits=5)
 [1] 0.93633 0.93553 0.93130 0.92708 0.92284 0.91858 0.87530 0.84793 0.83083 0.82899 0.85899 0.87655
> round(E1.dif[int.hit.n],digits=5)
 [1] 0.00061 0.00123 0.00143 0.00149 0.00152 0.00154 0.00177 0.00177 0.00421 0.00615 0.00481 0.00470
> round(E2.dif[int.hit.n],digits=5)
 [1] 0.00055 0.00089 0.00096 0.00099 0.00101 0.00103 0.00124 0.00140 0.00317 0.00391 0.00303 0.00293
> round(SUM.E1E2[int.hit.n],digits=5)
 [1] 0.00116 0.00213 0.00239 0.00247 0.00253 0.00257 0.00301 0.00317 0.00738 0.01006 0.00784 0.00762

> sel.iter <- c(1,2,3,4,5,6,16,26,36,46)
> 
> av.hit.iter[sel.iter]
 [1] 0.69 0.71 0.72 0.77 0.79 0.81 0.88 0.87 0.93 0.95
> E11[sel.iter]
 [1] 0.9364227 0.9360398 0.9317886 0.9275298 0.9232553 0.9189652 0.8753344 0.8597714 0.8503609 0.8408258
> E12[sel.iter]
 [1] 0.9370316 0.9372729 0.9332162 0.9290155 0.9247733 0.9205075 0.8771068 0.8610675 0.8521274 0.8429587
> E22[sel.iter]
 [1] 0.9357867 0.9346325 0.9303398 0.9260885 0.9218266 0.9175518 0.8740636 0.8586790 0.8465320 0.8343747
> E21[sel.iter]
 [1] 0.9363349 0.9355272 0.9313031 0.9270774 0.9228372 0.9185832 0.8753045 0.8597085 0.8479341 0.8361238
> E1.dif[sel.iter]
 [1] 0.0006088779 0.0012331350 0.0014276096 0.0014856963 0.0015179701 0.0015423429 0.0017724717 0.0012961175 0.0017664688
[10] 0.0021329075
> E2.dif[sel.iter]
 [1] 0.0005481328 0.0008947034 0.0009632915 0.0009888857 0.0010105731 0.0010313656 0.0012408428 0.0010294800 0.0014020672
[10] 0.0017491128
> SUM.E1E2[sel.iter]
 [1] 0.001157011 0.002127838 0.002390901 0.002474582 0.002528543 0.002573709 0.003013315 0.002325598 0.003168536 0.003882020
> 
> round(av.hit.iter[sel.iter],digits=5)
 [1] 0.69 0.71 0.72 0.77 0.79 0.81 0.88 0.87 0.93 0.95
> round(E11[sel.iter],digits=5)
 [1] 0.93642 0.93604 0.93179 0.92753 0.92326 0.91897 0.87533 0.85977 0.85036 0.84083
> round(E12[sel.iter],digits=5)
 [1] 0.93703 0.93727 0.93322 0.92902 0.92477 0.92051 0.87711 0.86107 0.85213 0.84296
> round(E22[sel.iter],digits=5)
 [1] 0.93579 0.93463 0.93034 0.92609 0.92183 0.91755 0.87406 0.85868 0.84653 0.83437
> round(E21[sel.iter],digits=5)
 [1] 0.93633 0.93553 0.93130 0.92708 0.92284 0.91858 0.87530 0.85971 0.84793 0.83612
> round(E1.dif[sel.iter],digits=5)
 [1] 0.00061 0.00123 0.00143 0.00149 0.00152 0.00154 0.00177 0.00130 0.00177 0.00213
> round(E2.dif[sel.iter],digits=5)
 [1] 0.00055 0.00089 0.00096 0.00099 0.00101 0.00103 0.00124 0.00103 0.00140 0.00175
> round(SUM.E1E2[sel.iter],digits=5)
 [1] 0.00116 0.00213 0.00239 0.00247 0.00253 0.00257 0.00301 0.00233 0.00317 0.00388
> length(CRIT.vec)
[1] 200
> CRIT.vec <- CRIT.vec[1:nrow(xstart)]
> length(CRIT.vec)
[1] 200
> CRIT.vec
  [1] 3.230776e-05 3.230776e-05 3.230776e-05 3.230776e-05 2.511697e-02 1.412257e-01 1.918294e-01 2.124989e-01 2.172619e-01
 [10] 2.182456e-01 2.184373e-01 2.184720e-01 2.184777e-01 2.184784e-01 2.184784e-01 2.184784e-01 2.184784e-01 2.184784e-01
 [19] 2.184784e-01 2.184784e-01 2.184784e-01 2.184784e-01 2.184784e-01 2.184784e-01 2.184784e-01 1.720264e-01 2.153551e-01
 [28] 2.184930e-01 1.106041e-01 2.707596e-01 3.016959e-01 3.134894e-01 3.159830e-01 3.165022e-01 3.166087e-01 3.166296e-01
 [37] 3.166310e-01 3.166270e-01 3.166219e-01 3.166177e-01 3.166152e-01 3.166140e-01 3.166135e-01 3.166133e-01 3.166132e-01
 [46] 3.166131e-01 3.166122e-01 3.166096e-01 3.165976e-01 3.165896e-01 3.170043e-01 3.349148e-01 1.096318e-01 2.296063e-01
 [55] 3.672271e-01 2.181796e-01 2.128006e-01 3.265930e-01 3.648461e-01 3.749943e-01 3.771977e-01 3.776606e-01 3.777543e-01
 [64] 3.777732e-01 3.777774e-01 3.777789e-01 3.777798e-01 3.777803e-01 3.777805e-01 3.777806e-01 3.777806e-01 3.777806e-01
 [73] 3.777806e-01 3.777805e-01 3.777794e-01 3.777755e-01 3.777468e-01 3.775685e-01 3.770354e-01 4.137468e-01 2.577318e-01
 [82] 3.626514e-01 3.990330e-01 4.089278e-01 4.110685e-01 4.115218e-01 4.116139e-01 4.116324e-01 4.116359e-01 4.116365e-01
 [91] 4.116367e-01 4.116367e-01 4.116367e-01 4.116368e-01 4.116368e-01 4.116368e-01 4.116367e-01 4.116365e-01 4.116352e-01
[100] 4.116290e-01 4.116080e-01 4.114512e-01 4.124829e-01 4.446152e-01 2.736158e-01 3.758553e-01 4.118050e-01 4.216320e-01
[109] 4.237614e-01 4.242147e-01 4.243070e-01 4.243257e-01 4.243294e-01 4.243301e-01 4.243302e-01 4.243302e-01 4.243302e-01
[118] 4.243302e-01 4.243302e-01 4.243302e-01 4.243301e-01 4.243300e-01 4.243287e-01 4.243232e-01 4.243093e-01 4.241719e-01
[127] 4.253644e-01 4.524348e-01 2.785987e-01 3.807223e-01 4.153553e-01 4.252170e-01 4.273443e-01 4.278012e-01 4.278940e-01
[136] 4.279129e-01 4.279167e-01 4.279174e-01 4.279175e-01 4.279176e-01 4.279176e-01 4.279176e-01 4.279176e-01 4.279176e-01
[145] 4.279175e-01 4.279174e-01 4.279161e-01 4.279109e-01 4.278964e-01 4.277523e-01 4.288211e-01 4.540743e-01 2.966927e-01
[154] 3.794144e-01 4.161514e-01 4.260563e-01 4.282506e-01 4.287131e-01 4.288074e-01 4.288265e-01 4.288303e-01 4.288311e-01
[163] 4.288313e-01 4.288313e-01 4.288313e-01 4.288313e-01 4.288313e-01 4.288313e-01 4.288312e-01 4.288311e-01 4.288298e-01
[172] 4.288246e-01 4.288094e-01 4.286601e-01 4.296531e-01 4.544047e-01 2.024381e-01 2.969436e-01 3.796452e-01 4.163841e-01
[181] 4.262972e-01 4.285021e-01 4.289727e-01 4.290677e-01 4.290810e-01 4.290777e-01 4.290718e-01 4.290651e-01 4.290590e-01
[190] 4.290550e-01 4.290529e-01 4.290521e-01 4.290518e-01 4.290517e-01 4.290515e-01 4.290502e-01 4.290451e-01 4.290294e-01
[199] 4.288776e-01 4.298422e-01
> xstart
         Var1       Var2
495  7.916667  7.9166667
624  9.583333 10.0000000
569  7.500000  9.1666667
411  4.166667  6.6666667
520  7.916667  8.3333333
545  7.916667  8.7500000
470  7.916667  7.5000000
445  7.916667  7.0833333
420  7.916667  6.6666667
395  7.916667  6.2500000
370  7.916667  5.8333333
345  7.916667  5.4166667
320  7.916667  5.0000000
295  7.916667  4.5833333
270  7.916667  4.1666667
245  7.916667  3.7500000
220  7.916667  3.3333333
195  7.916667  2.9166667
170  7.916667  2.5000000
145  7.916667  2.0833333
120  7.916667  1.6666667
95   7.916667  1.2500000
70   7.916667  0.8333333
45   7.916667  0.4166667
20   7.916667  0.0000000
570  7.916667  9.1666667
595  7.916667  9.5833333
620  7.916667 10.0000000
594  7.500000  9.5833333
619  7.500000 10.0000000
544  7.500000  8.7500000
519  7.500000  8.3333333
494  7.500000  7.9166667
469  7.500000  7.5000000
444  7.500000  7.0833333
419  7.500000  6.6666667
394  7.500000  6.2500000
369  7.500000  5.8333333
344  7.500000  5.4166667
319  7.500000  5.0000000
294  7.500000  4.5833333
269  7.500000  4.1666667
244  7.500000  3.7500000
219  7.500000  3.3333333
194  7.500000  2.9166667
169  7.500000  2.5000000
144  7.500000  2.0833333
119  7.500000  1.6666667
94   7.500000  1.2500000
69   7.500000  0.8333333
44   7.500000  0.4166667
19   7.500000  0.0000000
621  8.333333 10.0000000
622  8.750000 10.0000000
623  9.166667 10.0000000
625 10.000000 10.0000000
596  8.333333  9.5833333
571  8.333333  9.1666667
546  8.333333  8.7500000
521  8.333333  8.3333333
496  8.333333  7.9166667
471  8.333333  7.5000000
446  8.333333  7.0833333
421  8.333333  6.6666667
396  8.333333  6.2500000
371  8.333333  5.8333333
346  8.333333  5.4166667
321  8.333333  5.0000000
296  8.333333  4.5833333
271  8.333333  4.1666667
246  8.333333  3.7500000
221  8.333333  3.3333333
196  8.333333  2.9166667
171  8.333333  2.5000000
146  8.333333  2.0833333
121  8.333333  1.6666667
96   8.333333  1.2500000
71   8.333333  0.8333333
46   8.333333  0.4166667
21   8.333333  0.0000000
597  8.750000  9.5833333
572  8.750000  9.1666667
547  8.750000  8.7500000
522  8.750000  8.3333333
497  8.750000  7.9166667
472  8.750000  7.5000000
447  8.750000  7.0833333
422  8.750000  6.6666667
397  8.750000  6.2500000
372  8.750000  5.8333333
347  8.750000  5.4166667
322  8.750000  5.0000000
297  8.750000  4.5833333
272  8.750000  4.1666667
247  8.750000  3.7500000
222  8.750000  3.3333333
197  8.750000  2.9166667
172  8.750000  2.5000000
147  8.750000  2.0833333
122  8.750000  1.6666667
97   8.750000  1.2500000
72   8.750000  0.8333333
47   8.750000  0.4166667
22   8.750000  0.0000000
598  9.166667  9.5833333
573  9.166667  9.1666667
548  9.166667  8.7500000
523  9.166667  8.3333333
498  9.166667  7.9166667
473  9.166667  7.5000000
448  9.166667  7.0833333
423  9.166667  6.6666667
398  9.166667  6.2500000
373  9.166667  5.8333333
348  9.166667  5.4166667
323  9.166667  5.0000000
298  9.166667  4.5833333
273  9.166667  4.1666667
248  9.166667  3.7500000
223  9.166667  3.3333333
198  9.166667  2.9166667
173  9.166667  2.5000000
148  9.166667  2.0833333
123  9.166667  1.6666667
98   9.166667  1.2500000
73   9.166667  0.8333333
48   9.166667  0.4166667
23   9.166667  0.0000000
599  9.583333  9.5833333
574  9.583333  9.1666667
549  9.583333  8.7500000
524  9.583333  8.3333333
499  9.583333  7.9166667
474  9.583333  7.5000000
449  9.583333  7.0833333
424  9.583333  6.6666667
399  9.583333  6.2500000
374  9.583333  5.8333333
349  9.583333  5.4166667
324  9.583333  5.0000000
299  9.583333  4.5833333
274  9.583333  4.1666667
249  9.583333  3.7500000
224  9.583333  3.3333333
199  9.583333  2.9166667
174  9.583333  2.5000000
149  9.583333  2.0833333
124  9.583333  1.6666667
99   9.583333  1.2500000
74   9.583333  0.8333333
49   9.583333  0.4166667
24   9.583333  0.0000000
600 10.000000  9.5833333
575 10.000000  9.1666667
550 10.000000  8.7500000
525 10.000000  8.3333333
500 10.000000  7.9166667
475 10.000000  7.5000000
450 10.000000  7.0833333
425 10.000000  6.6666667
400 10.000000  6.2500000
375 10.000000  5.8333333
350 10.000000  5.4166667
325 10.000000  5.0000000
300 10.000000  4.5833333
275 10.000000  4.1666667
250 10.000000  3.7500000
225 10.000000  3.3333333
200 10.000000  2.9166667
175 10.000000  2.5000000
150 10.000000  2.0833333
125 10.000000  1.6666667
100 10.000000  1.2500000
75  10.000000  0.8333333
50  10.000000  0.4166667
25  10.000000  0.0000000
618  7.083333 10.0000000
593  7.083333  9.5833333
568  7.083333  9.1666667
543  7.083333  8.7500000
518  7.083333  8.3333333
493  7.083333  7.9166667
468  7.083333  7.5000000
443  7.083333  7.0833333
418  7.083333  6.6666667
393  7.083333  6.2500000
368  7.083333  5.8333333
343  7.083333  5.4166667
318  7.083333  5.0000000
293  7.083333  4.5833333
268  7.083333  4.1666667
243  7.083333  3.7500000
218  7.083333  3.3333333
193  7.083333  2.9166667
168  7.083333  2.5000000
143  7.083333  2.0833333
118  7.083333  1.6666667
93   7.083333  1.2500000
68   7.083333  0.8333333
43   7.083333  0.4166667
> 