indx
 [1]  93 105 107 133 232 241 284 303 421 466 159 179 196 286 287 393 184 298 320 160 244
> length(indx)
[1] 21
> design.opt[indx,]
                 opt.weight
x.hat 9.56 0.58 0.003996004
x.hat 8.92 2.30 0.003996004
x.hat 9.36 0.50 0.003996004
x.hat 7.92 0.90 0.003996004
x.hat 9.02 2.14 0.003996004
x.hat 8.96 2.46 0.003996004
x.hat 9.60 0.08 0.003996004
x.hat 7.88 0.82 0.003996004
x.hat 9.20 2.04 0.003996004
x.hat 9.42 0.04 0.003996004
x.hat 7.94 1.06 0.003996004
x.hat 9.28 0.08 0.004995005
x.hat 7.76 0.70 0.004995005
x.hat 7.90 1.20 0.004995005
x.hat 9.30 0.42 0.004995005
x.hat 9.06 2.52 0.004995005
x.hat 7.52 1.30 0.004995005
x.hat 9.42 2.04 0.004995005
x.hat 9.52 0.58 0.004995005
x.hat 9.84 0.38 0.004995005
x.hat 9.60 0.60 0.005994006