user   system  elapsed 
12427.41     2.12 12435.89 
> 12427.41/60
[1] 207.1235
> #-----------------------------------------------------------------------------------------------
> as.numeric(row.names(xstart))
  [1]  12  11  10  13  14  15  16  17  18  19  20  44  43  42  41  40  39  38  37  36  35  59   9  34  60  61  62  63  64  65  66  67  68
 [34]  69  45  70  96  94  93  92  91  90  89  88  87  95  86  85  84  71  46  21 122  72  47  22  97 121 120 119 118 117 116 115 114 113
 [67] 112 111 110 109 148  98  73  48  23 123 147 146 145 144 143 142 141 140 139 138 137 136 135 134 174 124  99  74 149  49  24 173 172
[100] 171 170 169 168 167 166 165 164 163 162 161 160 159 200 150 125 100  75 175  50  25 199 198 197 196 195 194 193 192 191 190 189 188
[133] 187 186 185 184 208 158 133 108  83  58 183  33   8 209 210 211 212 213 214 215 216 217 218 219 220 221 222 223 224 225 232 182 157
[166] 132 107  82  57 207  32   7 233 234 235 236 237 238 239 240 241 242 243 244 245 246 247 248 249 250 256 206 181 156 131 106  81  56
[199] 231  31
> setdiff(1:N,as.numeric(row.names(xstart)))
  [1]   1   2   3   4   5   6  26  27  28  29  30  51  52  53  54  55  76  77  78  79  80 101 102 103 104 105 126 127 128 129 130 151 152
 [34] 153 154 155 176 177 178 179 180 201 202 203 204 205 226 227 228 229 230 251 252 253 254 255 257 258 259 260 261 262 263 264 265 266
 [67] 267 268 269 270 271 272 273 274 275 276 277 278 279 280 281 282 283 284 285 286 287 288 289 290 291 292 293 294 295 296 297 298 299
[100] 300 301 302 303 304 305 306 307 308 309 310 311 312 313 314 315 316 317 318 319 320 321 322 323 324 325 326 327 328 329 330 331 332
[133] 333 334 335 336 337 338 339 340 341 342 343 344 345 346 347 348 349 350 351 352 353 354 355 356 357 358 359 360 361 362 363 364 365
[166] 366 367 368 369 370 371 372 373 374 375 376 377 378 379 380 381 382 383 384 385 386 387 388 389 390 391 392 393 394 395 396 397 398
[199] 399 400 401 402 403 404 405 406 407 408 409 410 411 412 413 414 415 416 417 418 419 420 421 422 423 424 425 426 427 428 429 430 431
[232] 432 433 434 435 436 437 438 439 440 441 442 443 444 445 446 447 448 449 450 451 452 453 454 455 456 457 458 459 460 461 462 463 464
[265] 465 466 467 468 469 470 471 472 473 474 475 476 477 478 479 480 481 482 483 484 485 486 487 488 489 490 491 492 493 494 495 496 497
[298] 498 499 500 501 502 503 504 505 506 507 508 509 510 511 512 513 514 515 516 517 518 519 520 521 522 523 524 525 526 527 528 529 530
[331] 531 532 533 534 535 536 537 538 539 540 541 542 543 544 545 546 547 548 549 550 551 552 553 554 555 556 557 558 559 560 561 562 563
[364] 564 565 566 567 568 569 570 571 572 573 574 575 576 577 578 579 580 581 582 583 584 585 586 587 588 589 590 591 592 593 594 595 596
[397] 597 598 599 600 601 602 603 604 605 606 607 608 609 610 611 612 613 614 615 616 617 618 619 620 621 622 623 624 625
> s.all <- sort(c(as.numeric(row.names(xstart)),setdiff(1:N,as.numeric(row.names(xstart)))))
> s.all2 <- sort(c(as.numeric(row.names(xstart)),as.numeric(row.names(xcan))))
> all.equal(1:N,s.all)
[1] TRUE
> all.equal(1:N,s.all2)
[1] TRUE
> nrow(xstart)
[1] 200
> nrow(xstart)-n1 
[1] 196
> nleft
[1] 196
> M.COUNT[nleft,]
  [1] 1 1 1 1 1 1 1 1 1 1 1 1 1 1 1 1 1 1 1 1 1 1 1 1 1 1 1 1 1 1 1 1 1 1 1 1 1 1 1 1 1 1 1 1 1 1 1 1 1 1 1 1 1 1 1 1 1 1 1 1 1 1 1 1 1 1 1
 [68] 1 1 1 1 1 1 1 1 1 1 1 1 1 1 1 1 1 1 1 1 1 1 1 1 1 1 1 1 1 1 1 1 1
> M.COUNT <- M.COUNT[1:(nrow(xstart)-n1),]
> dim(M.COUNT)
[1] 196 100
> M.COUNT[nrow(xstart)-n1,]
  [1] 1 1 1 1 1 1 1 1 1 1 1 1 1 1 1 1 1 1 1 1 1 1 1 1 1 1 1 1 1 1 1 1 1 1 1 1 1 1 1 1 1 1 1 1 1 1 1 1 1 1 1 1 1 1 1 1 1 1 1 1 1 1 1 1 1 1 1
 [68] 1 1 1 1 1 1 1 1 1 1 1 1 1 1 1 1 1 1 1 1 1 1 1 1 1 1 1 1 1 1 1 1 1
> av.hit.iter <- apply(M.COUNT,1,mean)
> av.hit.run <- apply(M.COUNT,2,mean)
> av.hit.iter
  [1] 0.71 0.71 0.72 0.74 0.74 0.75 0.77 0.83 0.72 0.84 0.86 0.82 0.87 0.88 0.85 0.85 0.83 0.87 0.86 0.88 0.87 0.84 0.88 0.92 0.93 0.88 0.94
 [28] 0.90 0.96 0.93 0.97 0.93 0.95 0.95 0.94 0.92 0.92 0.92 0.96 0.99 0.96 0.93 0.96 0.95 0.97 0.95 0.94 0.99 0.94 0.97 0.99 0.98 0.97 0.98
 [55] 0.99 0.95 0.98 0.99 1.00 0.99 0.98 0.96 1.00 0.99 1.00 0.99 0.99 1.00 0.99 0.97 1.00 1.00 0.99 1.00 0.99 0.99 1.00 1.00 1.00 0.99 0.99
 [82] 0.99 0.99 0.99 1.00 1.00 1.00 0.99 1.00 1.00 1.00 0.99 1.00 1.00 1.00 1.00 0.99 1.00 1.00 1.00 1.00 1.00 0.99 1.00 1.00 1.00 0.99 1.00
[109] 1.00 1.00 0.99 1.00 1.00 1.00 1.00 1.00 1.00 0.99 1.00 1.00 1.00 1.00 1.00 1.00 1.00 1.00 1.00 1.00 1.00 1.00 1.00 1.00 1.00 1.00 1.00
[136] 1.00 1.00 1.00 1.00 1.00 1.00 1.00 1.00 1.00 1.00 0.99 1.00 1.00 1.00 1.00 1.00 1.00 1.00 1.00 1.00 1.00 1.00 1.00 1.00 1.00 1.00 1.00
[163] 1.00 1.00 1.00 1.00 1.00 1.00 1.00 1.00 1.00 1.00 1.00 1.00 1.00 1.00 1.00 1.00 1.00 1.00 1.00 1.00 1.00 1.00 1.00 1.00 1.00 1.00 1.00
[190] 1.00 1.00 1.00 1.00 1.00 1.00 1.00
> av.hit.run
  [1] 0.9693878 0.9591837 0.9846939 0.9591837 0.9897959 0.9744898 0.9591837 0.9693878 0.9744898 0.9642857 0.9693878 0.9846939 0.9387755
 [14] 0.9795918 0.9795918 0.9642857 0.9744898 0.9489796 0.9642857 0.9591837 0.9897959 0.9642857 0.9591837 0.9591837 0.9744898 0.9744898
 [27] 0.9438776 0.9642857 0.9693878 0.9744898 0.9897959 0.9693878 0.9693878 0.9438776 0.9693878 0.9591837 0.9642857 0.9540816 0.9795918
 [40] 0.9642857 0.9693878 0.9540816 0.9693878 0.9693878 0.9744898 0.9642857 0.9744898 0.9642857 0.9642857 0.9693878 0.9540816 0.9540816
 [53] 0.9642857 0.9744898 0.9693878 0.9591837 0.9642857 0.9693878 0.9591837 0.9591837 0.9744898 0.9642857 0.9642857 0.9642857 0.9489796
 [66] 0.9897959 0.9642857 0.9591837 0.9591837 0.9795918 0.9336735 0.9846939 0.9642857 0.9489796 0.9642857 0.9846939 0.9642857 0.9642857
 [79] 0.9693878 0.9795918 0.9846939 0.9693878 0.9744898 0.9693878 0.9642857 0.9795918 0.9744898 0.9846939 0.9897959 0.9795918 0.9846939
 [92] 0.9591837 0.9795918 0.9897959 0.9540816 0.9693878 0.9693878 0.9540816 0.9693878 0.9489796
> dim(M.COUNT)
[1] 196 100
> nrow(M.COUNT)
[1] 196
> length(av.hit.iter)
[1] 196
> E11
  [1] 0.9686596 0.9665748 0.9645574 0.9626979 0.9611645 0.9602025 0.9600505 0.9607650 0.9620983 0.9599312 0.9577584 0.9555825 0.9534109
 [14] 0.9512619 0.9491797 0.9472578 0.9456684 0.9446616 0.9444808 0.9451836 0.9465175 0.9425404 0.9420696 0.9498344 0.9430723 0.9424639
 [27] 0.9432853 0.9429888 0.9428106 0.9483236 0.9481517 0.9469318 0.9402388 0.9333721 0.9315182 0.9314050 0.9312673 0.9311471 0.9310259
 [40] 0.9309081 0.9308038 0.9307473 0.9316139 0.9317158 0.9321568 0.9367150 0.9369236 0.9376978 0.9310783 0.9239825 0.9224458 0.9306477
 [53] 0.9315189 0.9312669 0.9311048 0.9309830 0.9308597 0.9307365 0.9306128 0.9304887 0.9303639 0.9302378 0.9301077 0.9299518 0.9297028
 [66] 0.9283606 0.9222538 0.9149069 0.9136605 0.9217066 0.9226263 0.9235456 0.9233136 0.9231364 0.9229964 0.9228547 0.9227129 0.9225705
 [79] 0.9224276 0.9222841 0.9221399 0.9219942 0.9218443 0.9216676 0.9213939 0.9199860 0.9152642 0.9076270 0.9072234 0.9161755 0.9172015
 [92] 0.9179977 0.9191563 0.9189762 0.9187932 0.9186400 0.9184844 0.9183286 0.9181721 0.9180150 0.9178574 0.9176990 0.9175399 0.9173791
[105] 0.9172140 0.9170207 0.9167263 0.9152488 0.9130537 0.9050831 0.9060190 0.9167074 0.9180875 0.9193612 0.9207792 0.9223356 0.9222130
[118] 0.9220434 0.9218907 0.9217348 0.9215784 0.9214212 0.9212635 0.9211050 0.9209459 0.9207862 0.9206256 0.9204633 0.9202963 0.9200999
[131] 0.9197973 0.9182536 0.9099178 0.9076483 0.9074714 0.9072722 0.9071193 0.9070478 0.9080050 0.9082052 0.9090420 0.9086593 0.9084168
[144] 0.9082252 0.9080319 0.9078383 0.9076438 0.9074486 0.9072525 0.9070556 0.9068581 0.9066601 0.9064633 0.9062730 0.9061087 0.9060310
[157] 0.9062330 0.9070952 0.8982815 0.8958678 0.8956574 0.8954185 0.8952082 0.8950221 0.8949238 0.8959116 0.8961001 0.8969623 0.8965313
[170] 0.8962475 0.8960174 0.8957852 0.8955526 0.8953190 0.8950843 0.8948485 0.8946117 0.8943738 0.8941350 0.8938957 0.8936574 0.8934257
[183] 0.8932216 0.8931094 0.8932947 0.8941827 0.8848205 0.8822506 0.8820079 0.8817349 0.8814860 0.8812413 0.8810237 0.8808979 0.8819218
[196] 0.8820999
> E12
  [1] 0.9693554 0.9674225 0.9654437 0.9635816 0.9620113 0.9609693 0.9607141 0.9613583 0.9626741 0.9605197 0.9583593 0.9561950 0.9540333
 [14] 0.9518914 0.9498103 0.9478768 0.9462476 0.9451585 0.9448719 0.9455025 0.9468183 0.9430171 0.9428966 0.9514645 0.9447180 0.9442123
 [27] 0.9451863 0.9451534 0.9451915 0.9511384 0.9510827 0.9497101 0.9428929 0.9359133 0.9343181 0.9344049 0.9343811 0.9343126 0.9342324
 [40] 0.9341510 0.9340748 0.9340289 0.9350961 0.9351614 0.9355484 0.9403998 0.9406824 0.9413458 0.9345463 0.9272994 0.9259019 0.9342356
 [53] 0.9353100 0.9352313 0.9352373 0.9351774 0.9350859 0.9349849 0.9348815 0.9347773 0.9346723 0.9345667 0.9344555 0.9343240 0.9341089
 [66] 0.9325998 0.9262542 0.9187316 0.9175744 0.9258702 0.9266660 0.9277852 0.9277046 0.9276710 0.9275783 0.9274591 0.9273316 0.9272019
 [79] 0.9270714 0.9269404 0.9268085 0.9266759 0.9265372 0.9263776 0.9261337 0.9245544 0.9195455 0.9117228 0.9113001 0.9204779 0.9217101
 [92] 0.9224321 0.9234884 0.9234236 0.9233465 0.9232248 0.9230861 0.9229414 0.9227952 0.9226481 0.9225004 0.9223521 0.9222029 0.9220528
[105] 0.9218965 0.9217184 0.9214536 0.9197981 0.9173763 0.9092109 0.9101006 0.9209763 0.9223301 0.9237997 0.9251836 0.9267052 0.9266635
[118] 0.9265682 0.9264370 0.9262951 0.9261487 0.9260012 0.9258529 0.9257040 0.9255545 0.9254043 0.9252533 0.9251013 0.9249428 0.9247614
[131] 0.9244895 0.9227592 0.9142196 0.9121665 0.9121720 0.9120726 0.9119361 0.9118453 0.9130381 0.9131454 0.9138173 0.9136243 0.9135794
[144] 0.9134541 0.9132877 0.9131085 0.9129260 0.9127421 0.9125574 0.9123718 0.9121856 0.9119990 0.9118131 0.9116325 0.9114694 0.9113676
[157] 0.9114740 0.9121661 0.9031359 0.9009510 0.9009344 0.9008027 0.9006192 0.9004391 0.9003163 0.9015545 0.9016452 0.9023338 0.9021052
[170] 0.9020320 0.9018735 0.9016712 0.9014552 0.9012355 0.9010142 0.9007918 0.9005684 0.9003440 0.9001187 0.8998928 0.8996675 0.8994477
[183] 0.8992464 0.8991101 0.8991952 0.8999036 0.8903071 0.8879795 0.8879433 0.8877848 0.8875659 0.8873372 0.8871215 0.8869697 0.8882620
[196] 0.8883366
> E22
  [1] 0.9681563 0.9660159 0.9639583 0.9620427 0.9604648 0.9595441 0.9595671 0.9605015 0.9619472 0.9597944 0.9576349 0.9554695 0.9533015
 [14] 0.9511424 0.9490272 0.9470501 0.9454163 0.9444523 0.9444507 0.9453786 0.9468280 0.9418725 0.9409571 0.9464365 0.9396308 0.9388646
 [27] 0.9393522 0.9386885 0.9383391 0.9437250 0.9434819 0.9422652 0.9356168 0.9288495 0.9265314 0.9262808 0.9260831 0.9259322 0.9257815
 [40] 0.9256344 0.9255022 0.9254246 0.9260248 0.9261436 0.9265943 0.9307992 0.9309996 0.9319335 0.9253445 0.9183756 0.9164254 0.9246208
 [53] 0.9252108 0.9246960 0.9244349 0.9242840 0.9241420 0.9240022 0.9238622 0.9237217 0.9235808 0.9234388 0.9232963 0.9231327 0.9229218
 [66] 0.9215918 0.9155338 0.9083250 0.9067594 0.9146620 0.9157441 0.9163821 0.9159222 0.9156588 0.9154935 0.9153348 0.9151779 0.9150206
 [79] 0.9148629 0.9147045 0.9145456 0.9143855 0.9142246 0.9140413 0.9138070 0.9124102 0.9078878 0.9003944 0.8999404 0.9088515 0.9096080
 [92] 0.9105476 0.9118739 0.9115351 0.9112874 0.9111129 0.9109412 0.9107705 0.9105993 0.9104275 0.9102551 0.9100819 0.9099081 0.9097331
[105] 0.9095571 0.9093576 0.9091044 0.9076383 0.9057765 0.8979565 0.8990174 0.9097626 0.9112709 0.9123020 0.9138559 0.9155321 0.9152927
[118] 0.9150733 0.9149019 0.9147308 0.9145601 0.9143888 0.9142169 0.9140442 0.9138709 0.9136968 0.9135221 0.9133460 0.9131689 0.9129671
[131] 0.9127090 0.9111783 0.9030008 0.9002277 0.8999076 0.8996502 0.8994773 0.8994095 0.9000374 0.9003383 0.9013824 0.9006751 0.9003085
[144] 0.9000826 0.8998687 0.8996574 0.8994455 0.8992329 0.8990194 0.8988050 0.8985898 0.8983738 0.8981581 0.8979474 0.8977651 0.8976919
[157] 0.8979983 0.8990755 0.8904178 0.8874658 0.8871005 0.8867970 0.8865586 0.8863488 0.8862513 0.8868879 0.8871790 0.8882573 0.8874796
[170] 0.8870620 0.8867932 0.8865368 0.8862830 0.8860285 0.8857730 0.8855163 0.8852584 0.8849994 0.8847393 0.8844782 0.8842172 0.8839613
[183] 0.8837354 0.8836254 0.8839193 0.8850335 0.8758114 0.8726567 0.8722417 0.8718928 0.8716071 0.8713264 0.8710770 0.8709448 0.8715900
[196] 0.8718709
> E21
  [1] 0.9686748 0.9665821 0.9645337 0.9626146 0.9610181 0.9600554 0.9600215 0.9609168 0.9623535 0.9602125 0.9580643 0.9559095 0.9537505
 [14] 0.9515977 0.9494848 0.9475029 0.9458497 0.9448426 0.9447828 0.9456706 0.9471106 0.9423043 0.9415906 0.9475328 0.9407374 0.9400227
 [27] 0.9406389 0.9401188 0.9398645 0.9454861 0.9452868 0.9440303 0.9373137 0.9304882 0.9283111 0.9281443 0.9279893 0.9278583 0.9277258
 [40] 0.9275956 0.9274773 0.9274070 0.9281256 0.9282310 0.9286739 0.9330450 0.9332679 0.9341508 0.9274671 0.9204241 0.9185547 0.9268044
 [53] 0.9275166 0.9270972 0.9269015 0.9267697 0.9266381 0.9265067 0.9263749 0.9262426 0.9261099 0.9259763 0.9258420 0.9256919 0.9254840
 [66] 0.9241173 0.9179381 0.9106486 0.9091314 0.9171324 0.9181590 0.9189184 0.9185423 0.9183346 0.9181840 0.9180331 0.9178823 0.9177309
 [79] 0.9175790 0.9174265 0.9172734 0.9171195 0.9169646 0.9167931 0.9165611 0.9151268 0.9104557 0.9028783 0.9024077 0.9114027 0.9122809
 [92] 0.9131796 0.9144598 0.9141816 0.9139743 0.9138104 0.9136453 0.9134802 0.9133145 0.9131481 0.9129810 0.9128133 0.9126450 0.9124757
[105] 0.9123053 0.9121175 0.9118665 0.9103615 0.9083772 0.9004695 0.9014979 0.9123183 0.9138095 0.9149541 0.9164885 0.9181486 0.9179514
[118] 0.9177600 0.9175967 0.9174318 0.9172667 0.9171008 0.9169344 0.9167672 0.9165994 0.9164309 0.9162617 0.9160915 0.9159202 0.9157306
[131] 0.9154747 0.9139033 0.9056342 0.9029852 0.9027438 0.9025216 0.9023531 0.9022789 0.9030504 0.9033103 0.9042871 0.9036916 0.9034045
[144] 0.9031999 0.9029956 0.9027914 0.9025863 0.9023803 0.9021735 0.9019658 0.9017572 0.9015479 0.9013387 0.9011338 0.9009541 0.9008744
[157] 0.9011390 0.9021470 0.8933909 0.8905700 0.8902883 0.8900227 0.8897925 0.8895856 0.8894809 0.8902701 0.8905183 0.8915257 0.8908674
[170] 0.8905349 0.8902893 0.8900440 0.8897986 0.8895520 0.8893044 0.8890556 0.8888058 0.8885548 0.8883026 0.8880495 0.8877963 0.8875476
[183] 0.8873254 0.8872093 0.8874596 0.8885010 0.8791704 0.8761540 0.8758279 0.8755192 0.8752428 0.8749686 0.8747214 0.8745815 0.8753904
[196] 0.8756257
> E1.dif
  [1] 0.0006957886 0.0008477029 0.0008863156 0.0008836600 0.0008468143 0.0007667753 0.0006635582 0.0005932350 0.0005758623 0.0005885592
 [11] 0.0006009051 0.0006124577 0.0006224264 0.0006294338 0.0006306428 0.0006189593 0.0005792760 0.0004968898 0.0003911184 0.0003189307
 [21] 0.0003007525 0.0004767545 0.0008270546 0.0016300633 0.0016457725 0.0017484508 0.0019010276 0.0021645653 0.0023808963 0.0028147580
 [31] 0.0029310317 0.0027782999 0.0026540766 0.0025411174 0.0027998321 0.0029999214 0.0031138566 0.0031654536 0.0032064400 0.0032428788
 [41] 0.0032709894 0.0032815961 0.0034822609 0.0034456548 0.0033916126 0.0036847694 0.0037588001 0.0036480005 0.0034680267 0.0033168977
 [51] 0.0034560519 0.0035878899 0.0037911317 0.0039644140 0.0041325572 0.0041943843 0.0042261896 0.0042483306 0.0042686375 0.0042886023
 [61] 0.0043084406 0.0043289941 0.0043478018 0.0043722188 0.0044060442 0.0042392102 0.0040004544 0.0038247348 0.0039139091 0.0041635956
 [71] 0.0040396947 0.0042395768 0.0043909779 0.0045346162 0.0045818119 0.0046044291 0.0046186920 0.0046314375 0.0046438515 0.0046562654
 [81] 0.0046686022 0.0046816456 0.0046928991 0.0047100147 0.0047397745 0.0045683770 0.0042812953 0.0040957929 0.0040767213 0.0043023918
 [91] 0.0045085404 0.0044344760 0.0043320720 0.0044474301 0.0045532744 0.0045848239 0.0046017491 0.0046128578 0.0046230505 0.0046330366
[101] 0.0046430100 0.0046530442 0.0046630036 0.0046736926 0.0046825553 0.0046976990 0.0047272627 0.0045492998 0.0043225786 0.0041278502
[111] 0.0040815955 0.0042688450 0.0042426153 0.0044384613 0.0044044068 0.0043695694 0.0044504631 0.0045248457 0.0045463279 0.0045602334
[121] 0.0045703282 0.0045799481 0.0045894569 0.0045989778 0.0046085293 0.0046181511 0.0046276957 0.0046380060 0.0046464234 0.0046615267
[131] 0.0046921894 0.0045055944 0.0043018071 0.0045181715 0.0047006754 0.0048004093 0.0048168464 0.0047974791 0.0050331329 0.0049401670
[141] 0.0047752228 0.0049650214 0.0051625644 0.0052289028 0.0052558266 0.0052702204 0.0052821456 0.0052935355 0.0053048483 0.0053161767
[151] 0.0053275157 0.0053388270 0.0053497231 0.0053594997 0.0053607426 0.0053366790 0.0052410414 0.0050709143 0.0048543731 0.0050831897
[161] 0.0052769937 0.0053841966 0.0054109399 0.0054170689 0.0053925346 0.0056428855 0.0055451933 0.0053714464 0.0055738896 0.0057844883
[171] 0.0058560580 0.0058859202 0.0059025254 0.0059165272 0.0059299721 0.0059433469 0.0059567534 0.0059702057 0.0059836837 0.0059971428
[181] 0.0060101706 0.0060220192 0.0060248048 0.0060006902 0.0059004375 0.0057208849 0.0054866099 0.0057289393 0.0059353981 0.0060498259
[191] 0.0060799161 0.0060959718 0.0060977534 0.0060717699 0.0063401539 0.0062367546
> E2.dif
  [1] 0.0005185530 0.0005661734 0.0005753936 0.0005719747 0.0005533158 0.0005112925 0.0004544193 0.0004153104 0.0004062929 0.0004180280
 [11] 0.0004293908 0.0004399358 0.0004489252 0.0004553169 0.0004576342 0.0004527888 0.0004333801 0.0003902944 0.0003320828 0.0002919891
 [21] 0.0002825856 0.0004317993 0.0006335770 0.0010963259 0.0011066432 0.0011581498 0.0012867022 0.0014303121 0.0015254655 0.0017610592
 [31] 0.0018048093 0.0017650782 0.0016968380 0.0016386472 0.0017797714 0.0018635243 0.0019061803 0.0019261102 0.0019442590 0.0019612108
 [41] 0.0019750336 0.0019823763 0.0021007982 0.0020873311 0.0020796812 0.0022458836 0.0022682355 0.0022173173 0.0021225306 0.0020485768
 [51] 0.0021293525 0.0021835878 0.0023058415 0.0024012213 0.0024666102 0.0024856609 0.0024961096 0.0025045662 0.0025127514 0.0025209068
 [61] 0.0025290580 0.0025375013 0.0025457416 0.0025592346 0.0025622524 0.0025254890 0.0024043154 0.0023235725 0.0023719753 0.0024703036
 [71] 0.0024148484 0.0025363626 0.0026200223 0.0026757398 0.0026904799 0.0026982913 0.0027043917 0.0027102727 0.0027161211 0.0027219863
 [81] 0.0027278495 0.0027340172 0.0027400435 0.0027518075 0.0027540621 0.0027166440 0.0025679134 0.0024838917 0.0024672896 0.0025511269
 [91] 0.0026728739 0.0026320080 0.0025859305 0.0026464816 0.0026868351 0.0026974797 0.0027041769 0.0027097116 0.0027151302 0.0027205358
[101] 0.0027259551 0.0027313979 0.0027368394 0.0027426002 0.0027482378 0.0027599528 0.0027620837 0.0027232485 0.0026006861 0.0025129526
[111] 0.0024805176 0.0025556820 0.0025386057 0.0026521022 0.0026326666 0.0026165088 0.0026586781 0.0026867348 0.0026948209 0.0027010241
[121] 0.0027065375 0.0027120202 0.0027175086 0.0027230172 0.0027285452 0.0027340993 0.0027396528 0.0027455431 0.0027513131 0.0027634884
[131] 0.0027656975 0.0027249923 0.0026333664 0.0027575190 0.0028362751 0.0028713976 0.0028757671 0.0028694680 0.0030130295 0.0029720427
[141] 0.0029047138 0.0030164981 0.0030960411 0.0031172277 0.0031269197 0.0031340097 0.0031407283 0.0031473929 0.0031540703 0.0031607664
[151] 0.0031674659 0.0031741235 0.0031805626 0.0031864172 0.0031890817 0.0031825174 0.0031406705 0.0030714808 0.0029731112 0.0031041244
[161] 0.0031877727 0.0032256934 0.0032338249 0.0032368522 0.0032295378 0.0033822602 0.0033392669 0.0032684332 0.0033877377 0.0034728332
[171] 0.0034960941 0.0035072005 0.0035155582 0.0035235286 0.0035314480 0.0035393881 0.0035473592 0.0035553582 0.0035633671 0.0035713375
[181] 0.0035790816 0.0035862101 0.0035899515 0.0035838804 0.0035402672 0.0034675435 0.0033590439 0.0034972649 0.0035862024 0.0036264727
[191] 0.0036356720 0.0036422228 0.0036443869 0.0036366673 0.0038004293 0.0037548075
> SUM.E1E2
  [1] 0.0012143416 0.0014138762 0.0014617091 0.0014556347 0.0014001301 0.0012780678 0.0011179775 0.0010085455 0.0009821551 0.0010065871
 [11] 0.0010302960 0.0010523935 0.0010713516 0.0010847507 0.0010882770 0.0010717480 0.0010126561 0.0008871842 0.0007232013 0.0006109198
 [21] 0.0005833380 0.0009085538 0.0014606316 0.0027263892 0.0027524157 0.0029066005 0.0031877297 0.0035948774 0.0039063619 0.0045758171
 [31] 0.0047358410 0.0045433781 0.0043509146 0.0041797646 0.0045796036 0.0048634457 0.0050200369 0.0050915638 0.0051506990 0.0052040895
 [41] 0.0052460230 0.0052639724 0.0055830591 0.0055329859 0.0054712938 0.0059306530 0.0060270355 0.0058653178 0.0055905574 0.0053654744
 [51] 0.0055854044 0.0057714777 0.0060969732 0.0063656353 0.0065991674 0.0066800451 0.0067222993 0.0067528968 0.0067813889 0.0068095091
 [61] 0.0068374986 0.0068664954 0.0068935435 0.0069314534 0.0069682966 0.0067646992 0.0064047698 0.0061483074 0.0062858844 0.0066338992
 [71] 0.0064545431 0.0067759394 0.0070110003 0.0072103559 0.0072722918 0.0073027205 0.0073230837 0.0073417102 0.0073599726 0.0073782517
 [81] 0.0073964517 0.0074156628 0.0074329427 0.0074618222 0.0074938366 0.0072850210 0.0068492087 0.0065796847 0.0065440108 0.0068535186
 [91] 0.0071814143 0.0070664840 0.0069180025 0.0070939117 0.0072401094 0.0072823035 0.0073059260 0.0073225694 0.0073381807 0.0073535724
[101] 0.0073689651 0.0073844421 0.0073998430 0.0074162928 0.0074307931 0.0074576518 0.0074893464 0.0072725482 0.0069232647 0.0066408028
[111] 0.0065621131 0.0068245270 0.0067812210 0.0070905635 0.0070370734 0.0069860782 0.0071091412 0.0072115805 0.0072411488 0.0072612575
[121] 0.0072768657 0.0072919683 0.0073069655 0.0073219950 0.0073370745 0.0073522504 0.0073673485 0.0073835491 0.0073977365 0.0074250152
[131] 0.0074578869 0.0072305867 0.0069351735 0.0072756905 0.0075369504 0.0076718068 0.0076926134 0.0076669472 0.0080461624 0.0079122097
[141] 0.0076799366 0.0079815195 0.0082586055 0.0083461305 0.0083827462 0.0084042301 0.0084228740 0.0084409284 0.0084589187 0.0084769431
[151] 0.0084949816 0.0085129505 0.0085302857 0.0085459169 0.0085498243 0.0085191964 0.0083817119 0.0081423951 0.0078274843 0.0081873141
[161] 0.0084647664 0.0086098900 0.0086447648 0.0086539211 0.0086220724 0.0090251457 0.0088844602 0.0086398796 0.0089616273 0.0092573215
[171] 0.0093521522 0.0093931207 0.0094180835 0.0094400558 0.0094614201 0.0094827350 0.0095041126 0.0095255639 0.0095470509 0.0095684804
[181] 0.0095892522 0.0096082292 0.0096147563 0.0095845706 0.0094407047 0.0091884283 0.0088456538 0.0092262041 0.0095216005 0.0096762986
[191] 0.0097155881 0.0097381947 0.0097421403 0.0097084372 0.0101405832 0.0099915621
> int.hit.n <- c(1,2,3,4,5,6,16,36,76,length(av.hit.iter))
> int.hit.n
 [1]   1   2   3   4   5   6  16  36  76 196
> int.hit.n <- c(1,2,3,4,5,6,16,36,76,116,156,length(av.hit.iter))
> int.hit.n
 [1]   1   2   3   4   5   6  16  36  76 116 156 196
> av.hit.iter[int.hit.n]
 [1] 0.71 0.71 0.72 0.74 0.74 0.75 0.85 0.92 0.99 1.00 1.00 1.00
> E11[int.hit.n]
 [1] 0.9686596 0.9665748 0.9645574 0.9626979 0.9611645 0.9602025 0.9472578 0.9314050 0.9228547 0.9223356 0.9060310 0.8820999
> E12[int.hit.n]
 [1] 0.9693554 0.9674225 0.9654437 0.9635816 0.9620113 0.9609693 0.9478768 0.9344049 0.9274591 0.9267052 0.9113676 0.8883366
> E22[int.hit.n]
 [1] 0.9681563 0.9660159 0.9639583 0.9620427 0.9604648 0.9595441 0.9470501 0.9262808 0.9153348 0.9155321 0.8976919 0.8718709
> E21[int.hit.n]
 [1] 0.9686748 0.9665821 0.9645337 0.9626146 0.9610181 0.9600554 0.9475029 0.9281443 0.9180331 0.9181486 0.9008744 0.8756257
> E1.dif[int.hit.n]
 [1] 0.0006957886 0.0008477029 0.0008863156 0.0008836600 0.0008468143 0.0007667753 0.0006189593 0.0029999214 0.0046044291 0.0043695694
[11] 0.0053366790 0.0062367546
> E2.dif[int.hit.n]
 [1] 0.0005185530 0.0005661734 0.0005753936 0.0005719747 0.0005533158 0.0005112925 0.0004527888 0.0018635243 0.0026982913 0.0026165088
[11] 0.0031825174 0.0037548075
> SUM.E1E2[int.hit.n]
 [1] 0.001214342 0.001413876 0.001461709 0.001455635 0.001400130 0.001278068 0.001071748 0.004863446 0.007302720 0.006986078 0.008519196
[12] 0.009991562
> round(E11[int.hit.n],digits=5)
 [1] 0.96866 0.96657 0.96456 0.96270 0.96116 0.96020 0.94726 0.93140 0.92285 0.92234 0.90603 0.88210
> round(E12[int.hit.n],digits=5)
 [1] 0.96936 0.96742 0.96544 0.96358 0.96201 0.96097 0.94788 0.93440 0.92746 0.92671 0.91137 0.88834
> round(E22[int.hit.n],digits=5)
 [1] 0.96816 0.96602 0.96396 0.96204 0.96046 0.95954 0.94705 0.92628 0.91533 0.91553 0.89769 0.87187
> round(E21[int.hit.n],digits=5)
 [1] 0.96867 0.96658 0.96453 0.96261 0.96102 0.96006 0.94750 0.92814 0.91803 0.91815 0.90087 0.87563
> round(E1.dif[int.hit.n],digits=5)
 [1] 0.00070 0.00085 0.00089 0.00088 0.00085 0.00077 0.00062 0.00300 0.00460 0.00437 0.00534 0.00624
> round(E2.dif[int.hit.n],digits=5)
 [1] 0.00052 0.00057 0.00058 0.00057 0.00055 0.00051 0.00045 0.00186 0.00270 0.00262 0.00318 0.00375
> round(SUM.E1E2[int.hit.n],digits=5)
 [1] 0.00121 0.00141 0.00146 0.00146 0.00140 0.00128 0.00107 0.00486 0.00730 0.00699 0.00852 0.00999
> ##########################################################
> sel.iter <- c(1,2,3,4,5,6,16,26,36,46)
> av.hit.iter[sel.iter]
 [1] 0.71 0.71 0.72 0.74 0.74 0.75 0.85 0.88 0.92 0.95
> E11[sel.iter]
 [1] 0.9686596 0.9665748 0.9645574 0.9626979 0.9611645 0.9602025 0.9472578 0.9424639 0.9314050 0.9367150
> E12[sel.iter]
 [1] 0.9693554 0.9674225 0.9654437 0.9635816 0.9620113 0.9609693 0.9478768 0.9442123 0.9344049 0.9403998
> E22[sel.iter]
 [1] 0.9681563 0.9660159 0.9639583 0.9620427 0.9604648 0.9595441 0.9470501 0.9388646 0.9262808 0.9307992
> E21[sel.iter]
 [1] 0.9686748 0.9665821 0.9645337 0.9626146 0.9610181 0.9600554 0.9475029 0.9400227 0.9281443 0.9330450
> E1.dif[sel.iter]
 [1] 0.0006957886 0.0008477029 0.0008863156 0.0008836600 0.0008468143 0.0007667753 0.0006189593 0.0017484508 0.0029999214 0.0036847694
> E2.dif[sel.iter]
 [1] 0.0005185530 0.0005661734 0.0005753936 0.0005719747 0.0005533158 0.0005112925 0.0004527888 0.0011581498 0.0018635243 0.0022458836
> SUM.E1E2[sel.iter]
 [1] 0.001214342 0.001413876 0.001461709 0.001455635 0.001400130 0.001278068 0.001071748 0.002906601 0.004863446 0.005930653
> round(av.hit.iter[sel.iter],digits=5)
 [1] 0.71 0.71 0.72 0.74 0.74 0.75 0.85 0.88 0.92 0.95
> round(E11[sel.iter],digits=5)
 [1] 0.96866 0.96657 0.96456 0.96270 0.96116 0.96020 0.94726 0.94246 0.93140 0.93672
> round(E12[sel.iter],digits=5)
 [1] 0.96936 0.96742 0.96544 0.96358 0.96201 0.96097 0.94788 0.94421 0.93440 0.94040
> round(E22[sel.iter],digits=5)
 [1] 0.96816 0.96602 0.96396 0.96204 0.96046 0.95954 0.94705 0.93886 0.92628 0.93080
> round(E21[sel.iter],digits=5)
 [1] 0.96867 0.96658 0.96453 0.96261 0.96102 0.96006 0.94750 0.94002 0.92814 0.93305
> round(E1.dif[sel.iter],digits=5)
 [1] 0.00070 0.00085 0.00089 0.00088 0.00085 0.00077 0.00062 0.00175 0.00300 0.00368
> round(E2.dif[sel.iter],digits=5)
 [1] 0.00052 0.00057 0.00058 0.00057 0.00055 0.00051 0.00045 0.00116 0.00186 0.00225
> round(SUM.E1E2[sel.iter],digits=5)
 [1] 0.00121 0.00141 0.00146 0.00146 0.00140 0.00128 0.00107 0.00291 0.00486 0.00593
> length(CRIT.vec)
[1] 200
> CRIT.vec <- CRIT.vec[1:nrow(xstart)]
> length(CRIT.vec)
[1] 200
> CRIT.vec
  [1]     0.00000     0.00000     0.00000     0.00000    10.75567    59.86966   148.22325   256.23944   371.81840   492.13709   618.77800
 [12]   755.77868   924.11738  1034.53754  1144.77144  1254.87078  1364.89780  1474.97961  1585.43944  1697.04028  1811.22409  1930.03153
 [23]  2055.97727  2192.13955  2351.85020  2387.73711  2445.44193  4858.00036  4984.76279  5125.32979  5374.57843  5525.93694  5848.04015
 [34]  8067.10298  8312.21247  8828.32248  8992.52763  9155.63668  9298.57827  9512.17388  9869.05712 10336.89524 10848.81271 11372.58587
 [45] 11898.18564 12426.00120 12945.67406 13458.94923 14058.40427 14694.19951 15080.17673 15691.34203 15876.32300 16060.50708 16223.14163
 [56] 16758.06494 17246.60380 17506.27670 17905.86510 18387.90101 18905.06701 19433.31317 19964.30571 20495.70952 21026.95330 21557.93970
 [67] 22088.69122 22621.98156 23131.64760 23771.39009 23967.19054 24162.34578 24333.67776 24750.85471 25348.89027 25869.03752 26138.63078
 [78] 26542.43438 27026.36176 27544.79029 28074.27450 28606.63424 29139.55973 29672.47072 30205.24030 30737.86400 31270.39629 31805.48709
 [89] 32317.45377 32961.12457 33162.68608 33363.70514 33541.96634 33977.42519 34442.54766 34950.68060 35596.69330 35870.51186 36275.95773
[100] 36760.02046 37278.13207 37807.25526 38339.31366 38872.01701 39404.78554 39937.48355 40470.08813 41002.61446 41535.12408 42070.23215
[111] 42582.66417 43224.10691 43429.22828 43633.88749 43817.16623 44249.44606 44728.67202 45240.09335 45752.24817 46394.38597 46670.49685
[122] 47076.67446 47560.39077 48077.81980 48606.21212 49137.56559 49669.60525 50201.75297 50733.87195 51265.93209 51797.93357 52329.89546
[133] 52861.87898 53396.49637 53908.55540 54547.02455 54754.65140 54942.37748 55202.24413 55581.19769 56056.97187 56576.33475 57099.37866
[144] 57611.50820 58250.20583 58527.83863 58934.42790 59417.75033 59934.52677 60462.22091 60992.88644 61524.26047 62055.76678 62587.26816
[155] 63118.73381 63650.15760 64181.54447 64712.91414 65244.32595 65778.39446 66289.89714 66925.78393 67135.33562 67326.03394 67587.83434
[166] 67967.06155 68442.26432 68958.23470 69488.77266 70013.27175 70524.82002 71160.80476 71439.58951 71846.48474 72329.48849 72845.74080
[177] 73372.87013 73902.97377 74433.79852 74964.76991 75495.75074 76026.70979 76557.64054 77088.54206 77619.42009 78150.29441 78681.22250
[188] 79214.82102 79725.81847 80359.60851 80570.71269 80763.82689 81027.23013 81406.75147 81881.59622 82396.98986 82924.30674 83457.19578
[199] 83980.91642 84491.93272
> xstart
         Var1      Var2
12   4.583333 0.0000000
11   4.166667 0.0000000
10   3.750000 0.0000000
13   5.000000 0.0000000
14   5.416667 0.0000000
15   5.833333 0.0000000
16   6.250000 0.0000000
17   6.666667 0.0000000
18   7.083333 0.0000000
19   7.500000 0.0000000
20   7.916667 0.0000000
44   7.500000 0.4166667
43   7.083333 0.4166667
42   6.666667 0.4166667
41   6.250000 0.4166667
40   5.833333 0.4166667
39   5.416667 0.4166667
38   5.000000 0.4166667
37   4.583333 0.4166667
36   4.166667 0.4166667
35   3.750000 0.4166667
59   3.333333 0.8333333
9    3.333333 0.0000000
34   3.333333 0.4166667
60   3.750000 0.8333333
61   4.166667 0.8333333
62   4.583333 0.8333333
63   5.000000 0.8333333
64   5.416667 0.8333333
65   5.833333 0.8333333
66   6.250000 0.8333333
67   6.666667 0.8333333
68   7.083333 0.8333333
69   7.500000 0.8333333
45   7.916667 0.4166667
70   7.916667 0.8333333
96   8.333333 1.2500000
94   7.500000 1.2500000
93   7.083333 1.2500000
92   6.666667 1.2500000
91   6.250000 1.2500000
90   5.833333 1.2500000
89   5.416667 1.2500000
88   5.000000 1.2500000
87   4.583333 1.2500000
95   7.916667 1.2500000
86   4.166667 1.2500000
85   3.750000 1.2500000
84   3.333333 1.2500000
71   8.333333 0.8333333
46   8.333333 0.4166667
21   8.333333 0.0000000
122  8.750000 1.6666667
72   8.750000 0.8333333
47   8.750000 0.4166667
22   8.750000 0.0000000
97   8.750000 1.2500000
121  8.333333 1.6666667
120  7.916667 1.6666667
119  7.500000 1.6666667
118  7.083333 1.6666667
117  6.666667 1.6666667
116  6.250000 1.6666667
115  5.833333 1.6666667
114  5.416667 1.6666667
113  5.000000 1.6666667
112  4.583333 1.6666667
111  4.166667 1.6666667
110  3.750000 1.6666667
109  3.333333 1.6666667
148  9.166667 2.0833333
98   9.166667 1.2500000
73   9.166667 0.8333333
48   9.166667 0.4166667
23   9.166667 0.0000000
123  9.166667 1.6666667
147  8.750000 2.0833333
146  8.333333 2.0833333
145  7.916667 2.0833333
144  7.500000 2.0833333
143  7.083333 2.0833333
142  6.666667 2.0833333
141  6.250000 2.0833333
140  5.833333 2.0833333
139  5.416667 2.0833333
138  5.000000 2.0833333
137  4.583333 2.0833333
136  4.166667 2.0833333
135  3.750000 2.0833333
134  3.333333 2.0833333
174  9.583333 2.5000000
124  9.583333 1.6666667
99   9.583333 1.2500000
74   9.583333 0.8333333
149  9.583333 2.0833333
49   9.583333 0.4166667
24   9.583333 0.0000000
173  9.166667 2.5000000
172  8.750000 2.5000000
171  8.333333 2.5000000
170  7.916667 2.5000000
169  7.500000 2.5000000
168  7.083333 2.5000000
167  6.666667 2.5000000
166  6.250000 2.5000000
165  5.833333 2.5000000
164  5.416667 2.5000000
163  5.000000 2.5000000
162  4.583333 2.5000000
161  4.166667 2.5000000
160  3.750000 2.5000000
159  3.333333 2.5000000
200 10.000000 2.9166667
150 10.000000 2.0833333
125 10.000000 1.6666667
100 10.000000 1.2500000
75  10.000000 0.8333333
175 10.000000 2.5000000
50  10.000000 0.4166667
25  10.000000 0.0000000
199  9.583333 2.9166667
198  9.166667 2.9166667
197  8.750000 2.9166667
196  8.333333 2.9166667
195  7.916667 2.9166667
194  7.500000 2.9166667
193  7.083333 2.9166667
192  6.666667 2.9166667
191  6.250000 2.9166667
190  5.833333 2.9166667
189  5.416667 2.9166667
188  5.000000 2.9166667
187  4.583333 2.9166667
186  4.166667 2.9166667
185  3.750000 2.9166667
184  3.333333 2.9166667
208  2.916667 3.3333333
158  2.916667 2.5000000
133  2.916667 2.0833333
108  2.916667 1.6666667
83   2.916667 1.2500000
58   2.916667 0.8333333
183  2.916667 2.9166667
33   2.916667 0.4166667
8    2.916667 0.0000000
209  3.333333 3.3333333
210  3.750000 3.3333333
211  4.166667 3.3333333
212  4.583333 3.3333333
213  5.000000 3.3333333
214  5.416667 3.3333333
215  5.833333 3.3333333
216  6.250000 3.3333333
217  6.666667 3.3333333
218  7.083333 3.3333333
219  7.500000 3.3333333
220  7.916667 3.3333333
221  8.333333 3.3333333
222  8.750000 3.3333333
223  9.166667 3.3333333
224  9.583333 3.3333333
225 10.000000 3.3333333
232  2.500000 3.7500000
182  2.500000 2.9166667
157  2.500000 2.5000000
132  2.500000 2.0833333
107  2.500000 1.6666667
82   2.500000 1.2500000
57   2.500000 0.8333333
207  2.500000 3.3333333
32   2.500000 0.4166667
7    2.500000 0.0000000
233  2.916667 3.7500000
234  3.333333 3.7500000
235  3.750000 3.7500000
236  4.166667 3.7500000
237  4.583333 3.7500000
238  5.000000 3.7500000
239  5.416667 3.7500000
240  5.833333 3.7500000
241  6.250000 3.7500000
242  6.666667 3.7500000
243  7.083333 3.7500000
244  7.500000 3.7500000
245  7.916667 3.7500000
246  8.333333 3.7500000
247  8.750000 3.7500000
248  9.166667 3.7500000
249  9.583333 3.7500000
250 10.000000 3.7500000
256  2.083333 4.1666667
206  2.083333 3.3333333
181  2.083333 2.9166667
156  2.083333 2.5000000
131  2.083333 2.0833333
106  2.083333 1.6666667
81   2.083333 1.2500000
56   2.083333 0.8333333
231  2.083333 3.7500000
31   2.083333 0.4166667
>
#---------------#---------------
> av.sd.iter <- apply(M.COUNT,1,function(x) sqrt((NRUN-1)/NRUN*var(x)))
> av.sd.iter
 [1] 0.45376205 0.45376205 0.44899889 0.43863424 0.43863424 0.43301270 0.42083251 0.37563280 0.44899889 0.36660606 0.34698703 0.38418745
[13] 0.33630343 0.32496154 0.35707142 0.35707142 0.37563280 0.33630343 0.34698703 0.32496154 0.33630343 0.36660606 0.32496154 0.27129320
[25] 0.25514702 0.32496154 0.23748684 0.30000000 0.19595918 0.25514702 0.17058722 0.25514702 0.21794495 0.21794495 0.23748684 0.27129320
[37] 0.27129320 0.27129320 0.19595918 0.09949874 0.19595918 0.25514702 0.19595918 0.21794495 0.17058722 0.21794495 0.23748684 0.09949874
[49] 0.23748684 0.17058722 0.09949874 0.14000000 0.17058722 0.14000000 0.09949874 0.21794495 0.14000000 0.09949874 0.00000000 0.09949874
[61] 0.14000000 0.19595918 0.00000000 0.09949874 0.00000000 0.09949874 0.09949874 0.00000000 0.09949874 0.17058722 0.00000000 0.00000000
[73] 0.09949874 0.00000000 0.09949874 0.09949874 0.00000000 0.00000000 0.00000000 0.09949874 0.09949874 0.09949874 0.09949874 0.09949874
[85] 0.00000000 0.00000000 0.00000000 0.09949874 0.00000000 0.00000000 0.00000000 0.09949874 0.00000000 0.00000000 0.00000000 0.00000000
> count2 <- c(1,2,3,4,5,6,16,26,36,46)
> av.sd.iter[count2]
 [1] 0.4537621 0.4537621 0.4489989 0.4386342 0.4386342 0.4330127 0.3570714 0.3249615 0.2712932 0.2179449
> round(av.sd.iter[count2],digits = 4)
 [1] 0.4538 0.4538 0.4490 0.4386 0.4386 0.4330 0.3571 0.3250 0.2713 0.2179
> av.hit.iter[count2]
 [1] 0.71 0.71 0.72 0.74 0.74 0.75 0.85 0.88 0.92 0.95
>  