user  system elapsed 
1963.68    0.42 1965.69 
> 1963/60
[1] 32.71667
> #-----------------------------------------------------------------------------------------------
> as.numeric(row.names(xstart))
  [1] 606 607 608 609 610 611 612 613 614 581 582 583 584 585 586 587 588 589 590 615 616 591 617 592 593 618 556 557 558 559 560 561 562
 [34] 563 564 565 566 567 568 619 594 569 620 595 570 571 596 621 572 597 622 623 598 573 574 599 624 575 600 625 550 549 548 547 546 545
 [67] 544 543 542 541 540 539 538 537 536 535 534 533 532 531 530 555 580 605 529 554 579 604 603 578 553 528 602 577 552 527 526 551 576
[100] 601 525 524 523 522 521 520 519 518 517 516 515 514 513 512 511 510 509 508 507 506 505 504 503 502 501 500 499 498 497 496 495 494
[133] 493 492 491 490 489 488 487 486 485 484 483 482 481 480 479 478 477 476 475 474 473 472 471 470 469 468 467 466 465 464 463 462 461
[166] 460 459 458 457 456 455 454 453 452 451 450 449 448 447 446 445 444 443 442 441 440 439 438 437 436 435 434 433 432 431 430 429 428
[199] 427 426
> setdiff(1:N,as.numeric(row.names(xstart)))
  [1]   1   2   3   4   5   6   7   8   9  10  11  12  13  14  15  16  17  18  19  20  21  22  23  24  25  26  27  28  29  30  31  32  33
 [34]  34  35  36  37  38  39  40  41  42  43  44  45  46  47  48  49  50  51  52  53  54  55  56  57  58  59  60  61  62  63  64  65  66
 [67]  67  68  69  70  71  72  73  74  75  76  77  78  79  80  81  82  83  84  85  86  87  88  89  90  91  92  93  94  95  96  97  98  99
[100] 100 101 102 103 104 105 106 107 108 109 110 111 112 113 114 115 116 117 118 119 120 121 122 123 124 125 126 127 128 129 130 131 132
[133] 133 134 135 136 137 138 139 140 141 142 143 144 145 146 147 148 149 150 151 152 153 154 155 156 157 158 159 160 161 162 163 164 165
[166] 166 167 168 169 170 171 172 173 174 175 176 177 178 179 180 181 182 183 184 185 186 187 188 189 190 191 192 193 194 195 196 197 198
[199] 199 200 201 202 203 204 205 206 207 208 209 210 211 212 213 214 215 216 217 218 219 220 221 222 223 224 225 226 227 228 229 230 231
[232] 232 233 234 235 236 237 238 239 240 241 242 243 244 245 246 247 248 249 250 251 252 253 254 255 256 257 258 259 260 261 262 263 264
[265] 265 266 267 268 269 270 271 272 273 274 275 276 277 278 279 280 281 282 283 284 285 286 287 288 289 290 291 292 293 294 295 296 297
[298] 298 299 300 301 302 303 304 305 306 307 308 309 310 311 312 313 314 315 316 317 318 319 320 321 322 323 324 325 326 327 328 329 330
[331] 331 332 333 334 335 336 337 338 339 340 341 342 343 344 345 346 347 348 349 350 351 352 353 354 355 356 357 358 359 360 361 362 363
[364] 364 365 366 367 368 369 370 371 372 373 374 375 376 377 378 379 380 381 382 383 384 385 386 387 388 389 390 391 392 393 394 395 396
[397] 397 398 399 400 401 402 403 404 405 406 407 408 409 410 411 412 413 414 415 416 417 418 419 420 421 422 423 424 425
> s.all <- sort(c(as.numeric(row.names(xstart)),setdiff(1:N,as.numeric(row.names(xstart)))))
> s.all2 <- sort(c(as.numeric(row.names(xstart)),as.numeric(row.names(xcan))))
> all.equal(1:N,s.all)
[1] TRUE
> all.equal(1:N,s.all2)
[1] TRUE
> nrow(xstart)
[1] 200
> nrow(xstart)-n1 
[1] 196
> nleft
[1] 196
> M.COUNT[nleft,]
  [1] 1 1 1 1 1 1 1 1 1 1 1 1 1 1 1 1 1 1 1 1 1 1 1 1 1 1 1 1 1 1 1 1 1 1 1 1 1 1 1 1 1 1 1 1 1 1 1 1 1 1 1 1 1 1 1 1 1 1 1 1 1 1 1 1 1 1 1
 [68] 1 1 1 1 1 1 1 1 1 1 1 1 1 1 1 1 1 1 1 1 1 1 1 1 1 1 1 1 1 1 1 1 1
> M.COUNT <- M.COUNT[1:(nrow(xstart)-n1),]
> dim(M.COUNT)
[1] 196 100
> M.COUNT[nrow(xstart)-n1,]
  [1] 1 1 1 1 1 1 1 1 1 1 1 1 1 1 1 1 1 1 1 1 1 1 1 1 1 1 1 1 1 1 1 1 1 1 1 1 1 1 1 1 1 1 1 1 1 1 1 1 1 1 1 1 1 1 1 1 1 1 1 1 1 1 1 1 1 1 1
 [68] 1 1 1 1 1 1 1 1 1 1 1 1 1 1 1 1 1 1 1 1 1 1 1 1 1 1 1 1 1 1 1 1 1
> av.hit.iter <- apply(M.COUNT,1,mean)
> av.hit.run <- apply(M.COUNT,2,mean)
> av.hit.iter
  [1] 0.77 0.68 0.80 0.78 0.76 0.80 0.75 0.84 0.81 0.82 0.86 0.84 0.85 0.85 0.83 0.90 0.86 0.87 0.85 0.90 0.89 0.91 0.90 0.95 0.88 0.90 0.91
 [28] 0.94 0.96 0.94 0.94 0.96 0.93 0.92 0.91 0.97 0.93 0.92 0.98 0.94 0.96 0.95 0.91 0.97 0.95 0.96 0.94 0.95 0.95 0.99 0.96 0.98 0.98 0.97
 [55] 1.00 0.97 0.97 0.99 0.98 0.99 1.00 0.99 0.96 0.97 1.00 0.99 0.99 1.00 0.99 0.98 1.00 0.99 0.99 0.98 0.99 1.00 1.00 1.00 1.00 0.99 1.00
 [82] 0.99 0.99 1.00 1.00 1.00 1.00 0.99 1.00 1.00 1.00 1.00 1.00 0.99 1.00 0.98 0.99 1.00 1.00 1.00 0.99 1.00 1.00 0.99 1.00 1.00 0.99 1.00
[109] 1.00 1.00 1.00 1.00 0.99 1.00 1.00 1.00 1.00 1.00 0.99 1.00 1.00 1.00 1.00 0.99 1.00 1.00 1.00 1.00 1.00 1.00 1.00 1.00 1.00 1.00 1.00
[136] 1.00 1.00 1.00 1.00 1.00 1.00 1.00 1.00 1.00 1.00 1.00 1.00 1.00 1.00 1.00 1.00 1.00 1.00 1.00 1.00 1.00 1.00 1.00 1.00 1.00 1.00 1.00
[163] 1.00 1.00 1.00 1.00 1.00 1.00 1.00 1.00 1.00 0.99 1.00 1.00 1.00 1.00 1.00 1.00 1.00 1.00 1.00 1.00 1.00 1.00 1.00 1.00 1.00 1.00 1.00
[190] 1.00 1.00 1.00 1.00 1.00 1.00 1.00
> av.hit.run
  [1] 0.9795918 0.9693878 0.9693878 0.9693878 0.9744898 0.9744898 0.9795918 0.9948980 0.9795918 0.9642857 0.9387755 0.9642857 0.9591837
 [14] 0.9795918 0.9591837 0.9846939 0.9744898 0.9591837 0.9642857 0.9795918 0.9795918 0.9540816 0.9795918 0.9642857 0.9846939 0.9591837
 [27] 0.9693878 0.9948980 0.9387755 0.9846939 0.9693878 0.9540816 0.9693878 0.9795918 0.9693878 0.9693878 0.9642857 0.9744898 0.9693878
 [40] 0.9642857 0.9591837 0.9744898 0.9642857 0.9693878 0.9693878 0.9795918 0.9795918 0.9642857 0.9693878 0.9744898 0.9795918 0.9846939
 [53] 0.9438776 0.9795918 0.9846939 0.9948980 0.9795918 0.9744898 0.9897959 0.9642857 0.9693878 0.9744898 0.9642857 0.9693878 0.9540816
 [66] 0.9795918 0.9795918 0.9540816 0.9693878 0.9693878 0.9642857 0.9693878 0.9438776 0.9489796 0.9642857 0.9744898 0.9591837 0.9438776
 [79] 0.9693878 0.9795918 0.9642857 0.9642857 0.9693878 0.9693878 0.9744898 0.9489796 0.9693878 0.9642857 0.9795918 0.9438776 0.9795918
 [92] 0.9693878 0.9693878 0.9846939 0.9489796 0.9642857 0.9642857 0.9693878 0.9795918 0.9642857
> dim(M.COUNT)
[1] 196 100
> nrow(M.COUNT)
[1] 196
> length(av.hit.iter)
[1] 196
> E11
  [1] 0.9791889 0.9770765 0.9749575 0.9728316 0.9706988 0.9685591 0.9664124 0.9642588 0.9620983 0.9599312 0.9577584 0.9555825 0.9534109
 [14] 0.9512619 0.9491797 0.9472578 0.9456684 0.9446616 0.9444808 0.9451836 0.9465175 0.9442365 0.9437946 0.9566436 0.9533290 0.9539790
 [27] 0.9524301 0.9512967 0.9497387 0.9485973 0.9452397 0.9458830 0.9443149 0.9431615 0.9416054 0.9404557 0.9371800 0.9378316 0.9364878
 [40] 0.9354618 0.9329871 0.9337431 0.9324595 0.9333967 0.9338588 0.9351392 0.9335890 0.9334555 0.9420449 0.9407558 0.9392837 0.9390799
 [53] 0.9377837 0.9363204 0.9361200 0.9348270 0.9311560 0.9312307 0.9319756 0.9285570 0.9286766 0.9294654 0.9285938 0.9286935 0.9278374
 [66] 0.9263897 0.9269644 0.9280705 0.9285268 0.9297002 0.9311365 0.9295966 0.9294927 0.9293459 0.9292148 0.9295849 0.9256761 0.9255109
 [79] 0.9257111 0.9265103 0.9228679 0.9227628 0.9230250 0.9238677 0.9229644 0.9231460 0.9232519 0.9223539 0.9222688 0.9228871 0.9234777
 [92] 0.9232312 0.9236949 0.9248871 0.9262491 0.9277559 0.9261445 0.9260331 0.9258765 0.9257363 0.9255930 0.9254493 0.9253049 0.9251600
[105] 0.9250145 0.9248684 0.9247218 0.9245745 0.9244268 0.9242784 0.9241294 0.9239799 0.9238298 0.9236793 0.9235286 0.9233792 0.9232359
[118] 0.9231170 0.9230786 0.9232997 0.9241323 0.9224338 0.9223099 0.9221383 0.9219839 0.9218263 0.9216681 0.9215092 0.9213496 0.9211894
[131] 0.9210285 0.9208669 0.9207047 0.9205419 0.9203783 0.9202141 0.9200492 0.9198837 0.9197176 0.9195513 0.9193862 0.9192275 0.9190944
[144] 0.9190459 0.9192701 0.9201380 0.9183416 0.9182026 0.9180133 0.9178420 0.9176672 0.9174917 0.9173155 0.9171384 0.9169606 0.9167820
[157] 0.9166026 0.9164225 0.9162416 0.9160599 0.9158774 0.9156942 0.9155101 0.9153254 0.9151404 0.9149566 0.9147795 0.9146293 0.9145682
[170] 0.9147949 0.9157011 0.9137948 0.9136378 0.9134278 0.9132366 0.9130417 0.9128459 0.9126492 0.9124516 0.9122530 0.9120536 0.9118533
[183] 0.9116520 0.9114499 0.9112468 0.9110427 0.9108378 0.9106319 0.9104252 0.9102181 0.9100122 0.9098133 0.9096426 0.9095663 0.9097946
[196] 0.9107423
> E12
  [1] 0.9796387 0.9775576 0.9754555 0.9733432 0.9712233 0.9690965 0.9669626 0.9648218 0.9626741 0.9605197 0.9583593 0.9561950 0.9540333
 [14] 0.9518914 0.9498103 0.9478768 0.9462476 0.9451585 0.9448719 0.9455025 0.9468183 0.9446645 0.9444293 0.9578075 0.9545335 0.9551807
 [27] 0.9538178 0.9525363 0.9511649 0.9498748 0.9465575 0.9471981 0.9458164 0.9445128 0.9431413 0.9418398 0.9385911 0.9392386 0.9380489
 [40] 0.9368609 0.9343126 0.9350528 0.9335945 0.9344923 0.9348144 0.9360440 0.9347776 0.9347965 0.9446211 0.9431762 0.9418288 0.9417461
 [53] 0.9402927 0.9389526 0.9388731 0.9374206 0.9337563 0.9339256 0.9346406 0.9311978 0.9314053 0.9321596 0.9313280 0.9315065 0.9304492
 [66] 0.9287935 0.9293644 0.9304293 0.9307260 0.9318401 0.9332577 0.9319672 0.9319785 0.9319321 0.9318510 0.9331172 0.9292311 0.9291978
 [79] 0.9294764 0.9301583 0.9265045 0.9265222 0.9268544 0.9275810 0.9267384 0.9269489 0.9271051 0.9259969 0.9258741 0.9264752 0.9270648
 [92] 0.9265938 0.9268897 0.9280160 0.9293740 0.9308554 0.9294375 0.9294178 0.9293443 0.9292358 0.9291168 0.9289937 0.9288696 0.9287448
[105] 0.9286196 0.9284938 0.9283675 0.9282408 0.9281135 0.9279858 0.9278576 0.9277288 0.9275996 0.9274699 0.9273402 0.9272112 0.9270873
[118] 0.9269788 0.9269244 0.9270556 0.9277247 0.9262021 0.9261634 0.9260699 0.9259400 0.9257991 0.9256538 0.9255073 0.9253600 0.9252121
[131] 0.9250636 0.9249145 0.9247648 0.9246144 0.9244635 0.9243119 0.9241597 0.9240069 0.9238536 0.9237000 0.9235472 0.9233997 0.9232691
[144] 0.9231973 0.9233261 0.9240248 0.9224051 0.9223526 0.9222429 0.9220947 0.9219350 0.9217706 0.9216048 0.9214381 0.9212707 0.9211026
[157] 0.9209337 0.9207641 0.9205938 0.9204227 0.9202509 0.9200784 0.9199051 0.9197311 0.9195569 0.9193834 0.9192154 0.9190654 0.9189782
[170] 0.9191045 0.9198333 0.9181116 0.9180455 0.9179190 0.9177520 0.9175726 0.9173882 0.9172022 0.9170152 0.9168274 0.9166387 0.9164491
[183] 0.9162587 0.9160673 0.9158752 0.9156821 0.9154881 0.9152933 0.9150977 0.9149016 0.9147063 0.9145167 0.9143461 0.9142421 0.9143647
[196] 0.9151255
> E22
  [1] 0.9789246 0.9768231 0.9747181 0.9726068 0.9704887 0.9683637 0.9662319 0.9640930 0.9619472 0.9597944 0.9576349 0.9554695 0.9533015
 [14] 0.9511424 0.9490272 0.9470501 0.9454163 0.9444523 0.9444507 0.9453786 0.9468280 0.9439636 0.9432121 0.9541108 0.9506704 0.9513264
 [27] 0.9496338 0.9485233 0.9468204 0.9457015 0.9422133 0.9428618 0.9411420 0.9400080 0.9382919 0.9371565 0.9337174 0.9343682 0.9328593
 [40] 0.9318378 0.9293074 0.9300713 0.9289857 0.9299733 0.9307443 0.9321096 0.9301637 0.9298426 0.9372841 0.9360066 0.9343674 0.9340926
 [53] 0.9328050 0.9311658 0.9308903 0.9295996 0.9257220 0.9256197 0.9264737 0.9228547 0.9228000 0.9236947 0.9227215 0.9227843 0.9219533
 [66] 0.9207039 0.9212495 0.9224786 0.9232591 0.9245070 0.9260364 0.9242514 0.9240190 0.9238081 0.9236419 0.9235147 0.9193820 0.9189476
 [79] 0.9191381 0.9201052 0.9162440 0.9158749 0.9161282 0.9171330 0.9161068 0.9162327 0.9163644 0.9154865 0.9154796 0.9161552 0.9168620
 [92] 0.9167460 0.9175484 0.9188124 0.9202748 0.9218944 0.9200696 0.9198417 0.9196339 0.9194725 0.9193113 0.9191507 0.9189895 0.9188277
[105] 0.9186653 0.9185022 0.9183386 0.9181742 0.9180093 0.9178436 0.9176774 0.9175105 0.9173429 0.9171747 0.9170061 0.9168379 0.9166747
[118] 0.9165384 0.9165048 0.9168257 0.9178615 0.9159482 0.9157055 0.9154833 0.9153096 0.9151362 0.9149633 0.9147897 0.9146154 0.9144404
[131] 0.9142648 0.9140883 0.9139112 0.9137334 0.9135548 0.9133754 0.9131954 0.9130146 0.9128330 0.9126510 0.9124694 0.9122928 0.9121441
[144] 0.9121022 0.9124312 0.9135117 0.9114906 0.9112267 0.9109841 0.9107926 0.9106012 0.9104103 0.9102186 0.9100261 0.9098328 0.9096387
[157] 0.9094437 0.9092479 0.9090512 0.9088537 0.9086554 0.9084561 0.9082560 0.9080551 0.9078535 0.9076523 0.9074562 0.9072894 0.9072351
[170] 0.9075716 0.9087012 0.9065573 0.9062679 0.9060008 0.9057876 0.9055744 0.9053616 0.9051479 0.9049332 0.9047176 0.9045010 0.9042834
[183] 0.9040649 0.9038453 0.9036247 0.9034031 0.9031805 0.9029568 0.9027322 0.9025068 0.9022816 0.9020618 0.9018728 0.9018027 0.9021462
[196] 0.9033295
> E21
  [1] 0.9792322 0.9771458 0.9750531 0.9729537 0.9708474 0.9687344 0.9666144 0.9644874 0.9623535 0.9602125 0.9580643 0.9559095 0.9537505
 [14] 0.9515977 0.9494848 0.9475029 0.9458497 0.9448426 0.9447828 0.9456706 0.9471106 0.9443528 0.9437152 0.9549361 0.9515233 0.9521845
 [27] 0.9505715 0.9494143 0.9477912 0.9466254 0.9431643 0.9438181 0.9421774 0.9409955 0.9393569 0.9381725 0.9347515 0.9354063 0.9339589
 [40] 0.9328810 0.9303139 0.9310750 0.9298945 0.9308665 0.9315587 0.9329009 0.9311212 0.9308757 0.9389869 0.9376701 0.9360916 0.9358630
 [53] 0.9345354 0.9329556 0.9327257 0.9313937 0.9275338 0.9274881 0.9283235 0.9247051 0.9247033 0.9255775 0.9246197 0.9247056 0.9238095
 [66] 0.9224541 0.9230050 0.9242130 0.9249071 0.9261316 0.9276542 0.9259784 0.9258010 0.9256299 0.9254848 0.9257651 0.9216561 0.9213043
 [79] 0.9215187 0.9224321 0.9185761 0.9182845 0.9185580 0.9195091 0.9185033 0.9186463 0.9187798 0.9178391 0.9178022 0.9184674 0.9191554
 [92] 0.9189587 0.9196706 0.9209103 0.9223708 0.9239774 0.9222335 0.9220500 0.9218724 0.9217218 0.9215697 0.9214175 0.9212646 0.9211112
[105] 0.9209572 0.9208026 0.9206473 0.9204915 0.9203351 0.9201781 0.9200204 0.9198621 0.9197032 0.9195437 0.9193837 0.9192240 0.9190686
[118] 0.9189367 0.9188980 0.9191789 0.9201485 0.9183120 0.9181125 0.9179190 0.9177539 0.9175872 0.9174202 0.9172525 0.9170842 0.9169152
[131] 0.9167455 0.9165750 0.9164039 0.9162321 0.9160596 0.9158864 0.9157125 0.9155378 0.9153624 0.9151865 0.9150107 0.9148394 0.9146928
[144] 0.9146438 0.9149306 0.9159422 0.9140002 0.9137812 0.9135685 0.9133855 0.9132007 0.9130156 0.9128297 0.9126431 0.9124556 0.9122673
[157] 0.9120782 0.9118883 0.9116976 0.9115060 0.9113136 0.9111204 0.9109263 0.9107314 0.9105358 0.9103403 0.9101494 0.9099844 0.9099224
[170] 0.9102147 0.9112719 0.9092114 0.9089696 0.9087342 0.9085301 0.9083241 0.9081176 0.9079101 0.9077018 0.9074925 0.9072823 0.9070710
[183] 0.9068589 0.9066457 0.9064316 0.9062165 0.9060004 0.9057833 0.9055653 0.9053463 0.9051274 0.9049133 0.9047264 0.9046484 0.9049455
[196] 0.9060526
> E1.dif
  [1] 0.0004498222 0.0004810806 0.0004980135 0.0005115826 0.0005245160 0.0005373475 0.0005501870 0.0005630379 0.0005758623 0.0005885592
 [11] 0.0006009051 0.0006124577 0.0006224264 0.0006294338 0.0006306428 0.0006189593 0.0005792760 0.0004968898 0.0003911184 0.0003189307
 [21] 0.0003007525 0.0004280411 0.0006346635 0.0011639089 0.0012044165 0.0012017102 0.0013877080 0.0012396571 0.0014261666 0.0012775783
 [31] 0.0013177712 0.0013150795 0.0015015415 0.0013512897 0.0015358931 0.0013840851 0.0014110298 0.0014070029 0.0015611010 0.0013991539
 [41] 0.0013255103 0.0013096853 0.0011349599 0.0010956439 0.0009555952 0.0009048290 0.0011886260 0.0013410079 0.0025762158 0.0024203704
 [51] 0.0025450503 0.0026662405 0.0025090263 0.0026322289 0.0027531098 0.0025935754 0.0026002219 0.0026948624 0.0026649428 0.0026407169
 [61] 0.0027287241 0.0026941548 0.0027341810 0.0028130135 0.0026118552 0.0024037657 0.0024000042 0.0023587177 0.0021991812 0.0021399450
 [71] 0.0021212641 0.0023705599 0.0024857884 0.0025861578 0.0026362205 0.0035323234 0.0035550398 0.0036868956 0.0037653010 0.0036479597
 [81] 0.0036366028 0.0037593262 0.0038293821 0.0037133329 0.0037740019 0.0038029020 0.0038531758 0.0036430199 0.0036052456 0.0035880767
 [91] 0.0035871739 0.0033626237 0.0031948677 0.0031289592 0.0031248328 0.0030994999 0.0032930675 0.0033846810 0.0034678083 0.0034994782
[101] 0.0035237949 0.0035444588 0.0035647029 0.0035848804 0.0036051095 0.0036254124 0.0036457930 0.0036662529 0.0036867926 0.0037074124
[111] 0.0037281124 0.0037488911 0.0037697438 0.0037906481 0.0038115595 0.0038320771 0.0038513846 0.0038618383 0.0038457410 0.0037559086
[121] 0.0035924487 0.0037683211 0.0038535305 0.0039316083 0.0039560290 0.0039727695 0.0039856598 0.0039980799 0.0040103987 0.0040227400
[131] 0.0040351266 0.0040475625 0.0040600493 0.0040725871 0.0040851764 0.0040978167 0.0041105065 0.0041232406 0.0041359957 0.0041487278
[141] 0.0041610432 0.0041721939 0.0041746788 0.0041513905 0.0040559255 0.0038867778 0.0040634861 0.0041500522 0.0042295829 0.0042527270
[151] 0.0042677967 0.0042788078 0.0042893163 0.0042997101 0.0043101193 0.0043205680 0.0043310603 0.0043415977 0.0043521806 0.0043628092
[161] 0.0043734831 0.0043842006 0.0043949563 0.0044057258 0.0044164643 0.0044267677 0.0044358920 0.0044361263 0.0044099878 0.0043095460
[171] 0.0041322280 0.0043167615 0.0044076490 0.0044912545 0.0045153586 0.0045309445 0.0045422465 0.0045530190 0.0045636715 0.0045743416
[181] 0.0045850544 0.0045958146 0.0046066237 0.0046174822 0.0046283902 0.0046393475 0.0046503521 0.0046613984 0.0046724609 0.0046834927
[191] 0.0046940701 0.0047034213 0.0047034529 0.0046758420 0.0045701149 0.0043831561
> E2.dif
  [1] 0.0003075268 0.0003226564 0.0003349951 0.0003468867 0.0003587366 0.0003706088 0.0003825075 0.0003944171 0.0004062929 0.0004180280
 [11] 0.0004293908 0.0004399358 0.0004489252 0.0004553169 0.0004576342 0.0004527888 0.0004333801 0.0003902944 0.0003320828 0.0002919891
 [21] 0.0002825856 0.0003892290 0.0005031436 0.0008253260 0.0008528788 0.0008581164 0.0009377130 0.0008910208 0.0009707667 0.0009238698
 [31] 0.0009509841 0.0009562804 0.0010353739 0.0009874786 0.0010650177 0.0010159490 0.0010340392 0.0010381065 0.0010995850 0.0010431870
 [41] 0.0010064968 0.0010036614 0.0009088745 0.0008932666 0.0008144341 0.0007912847 0.0009574778 0.0010331692 0.0017027582 0.0016634793
 [51] 0.0017241557 0.0017703954 0.0017303978 0.0017898086 0.0018354646 0.0017941001 0.0018118068 0.0018683819 0.0018497504 0.0018504549
 [61] 0.0019032725 0.0018828023 0.0018981666 0.0019212050 0.0018562434 0.0017502557 0.0017554839 0.0017344351 0.0016480175 0.0016245948
 [71] 0.0016177777 0.0017270128 0.0017820108 0.0018218774 0.0018429207 0.0022504055 0.0022740632 0.0023567312 0.0023806073 0.0023268851
 [81] 0.0023321803 0.0024095934 0.0024297981 0.0023761465 0.0023965047 0.0024136183 0.0024153429 0.0023525835 0.0023225519 0.0023122790
 [91] 0.0022933404 0.0022127495 0.0021222128 0.0020978880 0.0020959581 0.0020830161 0.0021639678 0.0022082642 0.0022384596 0.0022493153
[101] 0.0022583514 0.0022667314 0.0022750924 0.0022834702 0.0022918790 0.0023003202 0.0023087941 0.0023173011 0.0023258413 0.0023344148
[111] 0.0023430214 0.0023516599 0.0023603257 0.0023690023 0.0023776447 0.0023860736 0.0023938846 0.0023983941 0.0023932765 0.0023532753
[121] 0.0022869850 0.0023637611 0.0024069457 0.0024357350 0.0024442946 0.0024509468 0.0024569021 0.0024628282 0.0024687620 0.0024747184
[131] 0.0024806989 0.0024867038 0.0024927332 0.0024987874 0.0025048664 0.0025109699 0.0025170966 0.0025232417 0.0025293881 0.0025354905
[141] 0.0025413723 0.0025466591 0.0025487400 0.0025415419 0.0024994317 0.0024304979 0.0025096175 0.0025545170 0.0025843655 0.0025929330
[151] 0.0025994948 0.0026053226 0.0026111191 0.0026169233 0.0026227507 0.0026286029 0.0026344802 0.0026403829 0.0026463111 0.0026522650
[161] 0.0026582441 0.0026642472 0.0026702691 0.0026762920 0.0026822687 0.0026880163 0.0026931536 0.0026949827 0.0026872462 0.0026430932
[171] 0.0025707696 0.0026541550 0.0027016795 0.0027333473 0.0027425532 0.0027496443 0.0027559626 0.0027622500 0.0027685477 0.0027748723
[181] 0.0027812253 0.0027876071 0.0027940181 0.0028004584 0.0028069281 0.0028134269 0.0028199535 0.0028265024 0.0028330548 0.0028395610
[191] 0.0028458285 0.0028514575 0.0028536075 0.0028456918 0.0027993199 0.0027231355
> SUM.E1E2
  [1] 0.0007573489 0.0008037370 0.0008330086 0.0008584693 0.0008832526 0.0009079563 0.0009326945 0.0009574550 0.0009821551 0.0010065871
 [11] 0.0010302960 0.0010523935 0.0010713516 0.0010847507 0.0010882770 0.0010717480 0.0010126561 0.0008871842 0.0007232013 0.0006109198
 [21] 0.0005833380 0.0008172701 0.0011378071 0.0019892350 0.0020572953 0.0020598266 0.0023254209 0.0021306780 0.0023969333 0.0022014481
 [31] 0.0022687553 0.0022713599 0.0025369154 0.0023387683 0.0026009108 0.0024000341 0.0024450689 0.0024451093 0.0026606860 0.0024423409
 [41] 0.0023320071 0.0023133467 0.0020438345 0.0019889105 0.0017700293 0.0016961138 0.0021461038 0.0023741771 0.0042789739 0.0040838497
 [51] 0.0042692060 0.0044366360 0.0042394240 0.0044220375 0.0045885744 0.0043876755 0.0044120287 0.0045632444 0.0045146932 0.0044911718
 [61] 0.0046319965 0.0045769571 0.0046323477 0.0047342185 0.0044680987 0.0041540214 0.0041554881 0.0040931528 0.0038471987 0.0037645398
 [71] 0.0037390418 0.0040975727 0.0042677992 0.0044080352 0.0044791412 0.0057827288 0.0058291030 0.0060436269 0.0061459083 0.0059748448
 [81] 0.0059687830 0.0061689196 0.0062591802 0.0060894794 0.0061705065 0.0062165203 0.0062685186 0.0059956033 0.0059277974 0.0059003557
 [91] 0.0058805143 0.0055753733 0.0053170804 0.0052268472 0.0052207909 0.0051825160 0.0054570353 0.0055929451 0.0057062679 0.0057487935
[101] 0.0057821464 0.0058111902 0.0058397954 0.0058683506 0.0058969885 0.0059257326 0.0059545871 0.0059835540 0.0060126339 0.0060418272
[111] 0.0060711338 0.0061005510 0.0061300695 0.0061596504 0.0061892042 0.0062181506 0.0062452692 0.0062602323 0.0062390174 0.0061091839
[121] 0.0058794337 0.0061320823 0.0062604761 0.0063673433 0.0064003235 0.0064237163 0.0064425619 0.0064609080 0.0064791607 0.0064974584
[131] 0.0065158255 0.0065342663 0.0065527825 0.0065713745 0.0065900428 0.0066087866 0.0066276031 0.0066464823 0.0066653838 0.0066842184
[141] 0.0067024156 0.0067188530 0.0067234188 0.0066929324 0.0065553572 0.0063172758 0.0065731036 0.0067045692 0.0068139484 0.0068456600
[151] 0.0068672915 0.0068841304 0.0069004354 0.0069166334 0.0069328700 0.0069491708 0.0069655405 0.0069819806 0.0069984918 0.0070150742
[161] 0.0070317272 0.0070484478 0.0070652254 0.0070820178 0.0070987330 0.0071147840 0.0071290456 0.0071311090 0.0070972340 0.0069526392
[171] 0.0067029976 0.0069709164 0.0071093285 0.0072246018 0.0072579118 0.0072805888 0.0072982091 0.0073152690 0.0073322193 0.0073492138
[181] 0.0073662797 0.0073834217 0.0074006419 0.0074179406 0.0074353183 0.0074527744 0.0074703056 0.0074879008 0.0075055157 0.0075230537
[191] 0.0075398986 0.0075548789 0.0075570604 0.0075215337 0.0073694349 0.0071062916
> int.hit.n <- c(1,2,3,4,5,6,16,36,76,116,156,length(av.hit.iter))
> int.hit.n
 [1]   1   2   3   4   5   6  16  36  76 116 156 196
> av.hit.iter[int.hit.n]
 [1] 0.77 0.68 0.80 0.78 0.76 0.80 0.90 0.97 1.00 1.00 1.00 1.00
> E11[int.hit.n]
 [1] 0.9791889 0.9770765 0.9749575 0.9728316 0.9706988 0.9685591 0.9472578 0.9404557 0.9295849 0.9233792 0.9167820 0.9107423
> E12[int.hit.n]
 [1] 0.9796387 0.9775576 0.9754555 0.9733432 0.9712233 0.9690965 0.9478768 0.9418398 0.9331172 0.9272112 0.9211026 0.9151255
> E22[int.hit.n]
 [1] 0.9789246 0.9768231 0.9747181 0.9726068 0.9704887 0.9683637 0.9470501 0.9371565 0.9235147 0.9168379 0.9096387 0.9033295
> E21[int.hit.n]
 [1] 0.9792322 0.9771458 0.9750531 0.9729537 0.9708474 0.9687344 0.9475029 0.9381725 0.9257651 0.9192240 0.9122673 0.9060526
> E1.dif[int.hit.n]
 [1] 0.0004498222 0.0004810806 0.0004980135 0.0005115826 0.0005245160 0.0005373475 0.0006189593 0.0013840851 0.0035323234 0.0038320771
[11] 0.0043205680 0.0043831561
> E2.dif[int.hit.n]
 [1] 0.0003075268 0.0003226564 0.0003349951 0.0003468867 0.0003587366 0.0003706088 0.0004527888 0.0010159490 0.0022504055 0.0023860736
[11] 0.0026286029 0.0027231355
> SUM.E1E2[int.hit.n]
 [1] 0.0007573489 0.0008037370 0.0008330086 0.0008584693 0.0008832526 0.0009079563 0.0010717480 0.0024000341 0.0057827288 0.0062181506
[11] 0.0069491708 0.0071062916
> round(E11[int.hit.n],digits=5)
 [1] 0.97919 0.97708 0.97496 0.97283 0.97070 0.96856 0.94726 0.94046 0.92958 0.92338 0.91678 0.91074
> round(E12[int.hit.n],digits=5)
 [1] 0.97964 0.97756 0.97546 0.97334 0.97122 0.96910 0.94788 0.94184 0.93312 0.92721 0.92110 0.91513
> round(E22[int.hit.n],digits=5)
 [1] 0.97892 0.97682 0.97472 0.97261 0.97049 0.96836 0.94705 0.93716 0.92351 0.91684 0.90964 0.90333
> round(E21[int.hit.n],digits=5)
 [1] 0.97923 0.97715 0.97505 0.97295 0.97085 0.96873 0.94750 0.93817 0.92577 0.91922 0.91227 0.90605
> round(E1.dif[int.hit.n],digits=5)
 [1] 0.00045 0.00048 0.00050 0.00051 0.00052 0.00054 0.00062 0.00138 0.00353 0.00383 0.00432 0.00438
> round(E2.dif[int.hit.n],digits=5)
 [1] 0.00031 0.00032 0.00033 0.00035 0.00036 0.00037 0.00045 0.00102 0.00225 0.00239 0.00263 0.00272
> round(SUM.E1E2[int.hit.n],digits=5)
 [1] 0.00076 0.00080 0.00083 0.00086 0.00088 0.00091 0.00107 0.00240 0.00578 0.00622 0.00695 0.00711
> ##########################################################
> sel.iter <- c(1,2,3,4,5,6,16,26,36,46)
> av.hit.iter[sel.iter]
 [1] 0.77 0.68 0.80 0.78 0.76 0.80 0.90 0.90 0.97 0.96
> E11[sel.iter]
 [1] 0.9791889 0.9770765 0.9749575 0.9728316 0.9706988 0.9685591 0.9472578 0.9539790 0.9404557 0.9351392
> E12[sel.iter]
 [1] 0.9796387 0.9775576 0.9754555 0.9733432 0.9712233 0.9690965 0.9478768 0.9551807 0.9418398 0.9360440
> E22[sel.iter]
 [1] 0.9789246 0.9768231 0.9747181 0.9726068 0.9704887 0.9683637 0.9470501 0.9513264 0.9371565 0.9321096
> E21[sel.iter]
 [1] 0.9792322 0.9771458 0.9750531 0.9729537 0.9708474 0.9687344 0.9475029 0.9521845 0.9381725 0.9329009
> E1.dif[sel.iter]
 [1] 0.0004498222 0.0004810806 0.0004980135 0.0005115826 0.0005245160 0.0005373475 0.0006189593 0.0012017102 0.0013840851 0.0009048290
> E2.dif[sel.iter]
 [1] 0.0003075268 0.0003226564 0.0003349951 0.0003468867 0.0003587366 0.0003706088 0.0004527888 0.0008581164 0.0010159490 0.0007912847
> SUM.E1E2[sel.iter]
 [1] 0.0007573489 0.0008037370 0.0008330086 0.0008584693 0.0008832526 0.0009079563 0.0010717480 0.0020598266 0.0024000341 0.0016961138
> round(av.hit.iter[sel.iter],digits=5)
 [1] 0.77 0.68 0.80 0.78 0.76 0.80 0.90 0.90 0.97 0.96
> round(E11[sel.iter],digits=5)
 [1] 0.97919 0.97708 0.97496 0.97283 0.97070 0.96856 0.94726 0.95398 0.94046 0.93514
> round(E12[sel.iter],digits=5)
 [1] 0.97964 0.97756 0.97546 0.97334 0.97122 0.96910 0.94788 0.95518 0.94184 0.93604
> round(E22[sel.iter],digits=5)
 [1] 0.97892 0.97682 0.97472 0.97261 0.97049 0.96836 0.94705 0.95133 0.93716 0.93211
> round(E21[sel.iter],digits=5)
 [1] 0.97923 0.97715 0.97505 0.97295 0.97085 0.96873 0.94750 0.95218 0.93817 0.93290
> round(E1.dif[sel.iter],digits=5)
 [1] 0.00045 0.00048 0.00050 0.00051 0.00052 0.00054 0.00062 0.00120 0.00138 0.00090
> round(E2.dif[sel.iter],digits=5)
 [1] 0.00031 0.00032 0.00033 0.00035 0.00036 0.00037 0.00045 0.00086 0.00102 0.00079
> round(SUM.E1E2[sel.iter],digits=5)
 [1] 0.00076 0.00080 0.00083 0.00086 0.00088 0.00091 0.00107 0.00206 0.00240 0.00170
> length(CRIT.vec)
[1] 200
> CRIT.vec <- CRIT.vec[1:nrow(xstart)]
> length(CRIT.vec)
[1] 200
> CRIT.vec
  [1] 2.934319e-13 2.934319e-13 2.934319e-13 2.934319e-13 7.202116e-02 1.190139e-01 1.642150e-01 2.065471e-01 2.458811e-01 2.822949e-01
 [11] 3.159167e-01 3.468926e-01 3.753781e-01 4.015328e-01 4.255173e-01 4.474905e-01 4.676073e-01 4.860173e-01 5.028642e-01 5.182885e-01
 [21] 5.324429e-01 5.455474e-01 5.580181e-01 5.707850e-01 5.867255e-01 5.873295e-01 5.925554e-01 6.289599e-01 6.334299e-01 6.398571e-01
 [31] 6.435380e-01 6.488219e-01 6.518625e-01 6.562209e-01 6.587394e-01 6.623449e-01 6.644356e-01 6.674254e-01 6.691644e-01 6.716489e-01
 [41] 6.730976e-01 6.751656e-01 6.763741e-01 6.780980e-01 6.791072e-01 6.805459e-01 6.813894e-01 6.825913e-01 6.832968e-01 6.843017e-01
 [51] 6.846413e-01 6.853105e-01 6.886756e-01 6.892145e-01 6.894775e-01 6.898210e-01 6.902215e-01 6.904170e-01 6.906724e-01 6.909701e-01
 [61] 6.911156e-01 6.913056e-01 6.915270e-01 6.916352e-01 6.917766e-01 6.919413e-01 6.920219e-01 6.921271e-01 6.922496e-01 6.923096e-01
 [71] 6.923879e-01 6.924791e-01 6.925237e-01 6.925820e-01 6.926499e-01 6.926795e-01 6.927212e-01 6.927689e-01 6.928142e-01 6.929662e-01
 [81] 6.929783e-01 6.929940e-01 6.930117e-01 6.930289e-01 6.930368e-01 6.930471e-01 6.930586e-01 6.930698e-01 6.930750e-01 6.930817e-01
 [91] 6.930893e-01 6.930966e-01 6.931000e-01 6.931044e-01 6.931093e-01 6.931141e-01 6.931163e-01 6.931192e-01 6.931225e-01 6.931256e-01
[101] 6.931270e-01 6.931289e-01 6.931310e-01 6.931329e-01 6.931347e-01 6.931363e-01 6.931376e-01 6.931388e-01 6.931399e-01 6.931408e-01
[111] 6.931416e-01 6.931423e-01 6.931429e-01 6.931434e-01 6.931439e-01 6.931443e-01 6.931447e-01 6.931450e-01 6.931452e-01 6.931455e-01
[121] 6.931457e-01 6.931459e-01 6.931460e-01 6.931462e-01 6.931463e-01 6.931464e-01 6.931464e-01 6.931465e-01 6.931466e-01 6.931467e-01
[131] 6.931467e-01 6.931468e-01 6.931468e-01 6.931469e-01 6.931469e-01 6.931470e-01 6.931470e-01 6.931470e-01 6.931470e-01 6.931470e-01
[141] 6.931471e-01 6.931471e-01 6.931471e-01 6.931471e-01 6.931471e-01 6.931471e-01 6.931471e-01 6.931471e-01 6.931471e-01 6.931471e-01
[151] 6.931471e-01 6.931472e-01 6.931472e-01 6.931472e-01 6.931472e-01 6.931472e-01 6.931472e-01 6.931472e-01 6.931472e-01 6.931472e-01
[161] 6.931472e-01 6.931472e-01 6.931472e-01 6.931472e-01 6.931472e-01 6.931472e-01 6.931472e-01 6.931472e-01 6.931472e-01 6.931472e-01
[171] 6.931472e-01 6.931472e-01 6.931472e-01 6.931472e-01 6.931472e-01 6.931472e-01 6.931472e-01 6.931472e-01 6.931472e-01 6.931472e-01
[181] 6.931472e-01 6.931472e-01 6.931472e-01 6.931472e-01 6.931472e-01 6.931472e-01 6.931472e-01 6.931472e-01 6.931472e-01 6.931472e-01
[191] 6.931472e-01 6.931472e-01 6.931472e-01 6.931472e-01 6.931472e-01 6.931472e-01 6.931472e-01 6.931472e-01 6.931472e-01 6.931472e-01
> xstart
          Var1      Var2
606  2.0833333 10.000000
607  2.5000000 10.000000
608  2.9166667 10.000000
609  3.3333333 10.000000
610  3.7500000 10.000000
611  4.1666667 10.000000
612  4.5833333 10.000000
613  5.0000000 10.000000
614  5.4166667 10.000000
581  2.0833333  9.583333
582  2.5000000  9.583333
583  2.9166667  9.583333
584  3.3333333  9.583333
585  3.7500000  9.583333
586  4.1666667  9.583333
587  4.5833333  9.583333
588  5.0000000  9.583333
589  5.4166667  9.583333
590  5.8333333  9.583333
615  5.8333333 10.000000
616  6.2500000 10.000000
591  6.2500000  9.583333
617  6.6666667 10.000000
592  6.6666667  9.583333
593  7.0833333  9.583333
618  7.0833333 10.000000
556  2.0833333  9.166667
557  2.5000000  9.166667
558  2.9166667  9.166667
559  3.3333333  9.166667
560  3.7500000  9.166667
561  4.1666667  9.166667
562  4.5833333  9.166667
563  5.0000000  9.166667
564  5.4166667  9.166667
565  5.8333333  9.166667
566  6.2500000  9.166667
567  6.6666667  9.166667
568  7.0833333  9.166667
619  7.5000000 10.000000
594  7.5000000  9.583333
569  7.5000000  9.166667
620  7.9166667 10.000000
595  7.9166667  9.583333
570  7.9166667  9.166667
571  8.3333333  9.166667
596  8.3333333  9.583333
621  8.3333333 10.000000
572  8.7500000  9.166667
597  8.7500000  9.583333
622  8.7500000 10.000000
623  9.1666667 10.000000
598  9.1666667  9.583333
573  9.1666667  9.166667
574  9.5833333  9.166667
599  9.5833333  9.583333
624  9.5833333 10.000000
575 10.0000000  9.166667
600 10.0000000  9.583333
625 10.0000000 10.000000
550 10.0000000  8.750000
549  9.5833333  8.750000
548  9.1666667  8.750000
547  8.7500000  8.750000
546  8.3333333  8.750000
545  7.9166667  8.750000
544  7.5000000  8.750000
543  7.0833333  8.750000
542  6.6666667  8.750000
541  6.2500000  8.750000
540  5.8333333  8.750000
539  5.4166667  8.750000
538  5.0000000  8.750000
537  4.5833333  8.750000
536  4.1666667  8.750000
535  3.7500000  8.750000
534  3.3333333  8.750000
533  2.9166667  8.750000
532  2.5000000  8.750000
531  2.0833333  8.750000
530  1.6666667  8.750000
555  1.6666667  9.166667
580  1.6666667  9.583333
605  1.6666667 10.000000
529  1.2500000  8.750000
554  1.2500000  9.166667
579  1.2500000  9.583333
604  1.2500000 10.000000
603  0.8333333 10.000000
578  0.8333333  9.583333
553  0.8333333  9.166667
528  0.8333333  8.750000
602  0.4166667 10.000000
577  0.4166667  9.583333
552  0.4166667  9.166667
527  0.4166667  8.750000
526  0.0000000  8.750000
551  0.0000000  9.166667
576  0.0000000  9.583333
601  0.0000000 10.000000
525 10.0000000  8.333333
524  9.5833333  8.333333
523  9.1666667  8.333333
522  8.7500000  8.333333
521  8.3333333  8.333333
520  7.9166667  8.333333
519  7.5000000  8.333333
518  7.0833333  8.333333
517  6.6666667  8.333333
516  6.2500000  8.333333
515  5.8333333  8.333333
514  5.4166667  8.333333
513  5.0000000  8.333333
512  4.5833333  8.333333
511  4.1666667  8.333333
510  3.7500000  8.333333
509  3.3333333  8.333333
508  2.9166667  8.333333
507  2.5000000  8.333333
506  2.0833333  8.333333
505  1.6666667  8.333333
504  1.2500000  8.333333
503  0.8333333  8.333333
502  0.4166667  8.333333
501  0.0000000  8.333333
500 10.0000000  7.916667
499  9.5833333  7.916667
498  9.1666667  7.916667
497  8.7500000  7.916667
496  8.3333333  7.916667
495  7.9166667  7.916667
494  7.5000000  7.916667
493  7.0833333  7.916667
492  6.6666667  7.916667
491  6.2500000  7.916667
490  5.8333333  7.916667
489  5.4166667  7.916667
488  5.0000000  7.916667
487  4.5833333  7.916667
486  4.1666667  7.916667
485  3.7500000  7.916667
484  3.3333333  7.916667
483  2.9166667  7.916667
482  2.5000000  7.916667
481  2.0833333  7.916667
480  1.6666667  7.916667
479  1.2500000  7.916667
478  0.8333333  7.916667
477  0.4166667  7.916667
476  0.0000000  7.916667
475 10.0000000  7.500000
474  9.5833333  7.500000
473  9.1666667  7.500000
472  8.7500000  7.500000
471  8.3333333  7.500000
470  7.9166667  7.500000
469  7.5000000  7.500000
468  7.0833333  7.500000
467  6.6666667  7.500000
466  6.2500000  7.500000
465  5.8333333  7.500000
464  5.4166667  7.500000
463  5.0000000  7.500000
462  4.5833333  7.500000
461  4.1666667  7.500000
460  3.7500000  7.500000
459  3.3333333  7.500000
458  2.9166667  7.500000
457  2.5000000  7.500000
456  2.0833333  7.500000
455  1.6666667  7.500000
454  1.2500000  7.500000
453  0.8333333  7.500000
452  0.4166667  7.500000
451  0.0000000  7.500000
450 10.0000000  7.083333
449  9.5833333  7.083333
448  9.1666667  7.083333
447  8.7500000  7.083333
446  8.3333333  7.083333
445  7.9166667  7.083333
444  7.5000000  7.083333
443  7.0833333  7.083333
442  6.6666667  7.083333
441  6.2500000  7.083333
440  5.8333333  7.083333
439  5.4166667  7.083333
438  5.0000000  7.083333
437  4.5833333  7.083333
436  4.1666667  7.083333
435  3.7500000  7.083333
434  3.3333333  7.083333
433  2.9166667  7.083333
432  2.5000000  7.083333
431  2.0833333  7.083333
430  1.6666667  7.083333
429  1.2500000  7.083333
428  0.8333333  7.083333
427  0.4166667  7.083333
426  0.0000000  7.083333
> 