nrow(xstart)
[1] 200
> nrow(xstart)-n1 
[1] 196
> nleft
[1] 196
> M.COUNT[nleft,]
  [1] 0 0 0 0 0 0 0 0 0 0 0 0 0 0 0 0 0 0 0 0 0 0 0 0 0 0 0 0 0 0 0 0 0 0 0 0 0 0 0 0 0 0 0 0 0 0 0 0 0 0 0 0 0 0 0 0 0 0 0 0 0 0 0 0 0 0 0
 [68] 0 0 0 0 0 0 0 0 0 0 0 0 0 0 0 0 0 0 0 0 0 0 0 0 0 0 0 0 0 0 0 0 0
> M.COUNT <- M.COUNT[1:(nrow(xstart)-n1),]
> dim(M.COUNT)
[1] 196 100
> M.COUNT[nrow(xstart)-n1,]
  [1] 0 0 0 0 0 0 0 0 0 0 0 0 0 0 0 0 0 0 0 0 0 0 0 0 0 0 0 0 0 0 0 0 0 0 0 0 0 0 0 0 0 0 0 0 0 0 0 0 0 0 0 0 0 0 0 0 0 0 0 0 0 0 0 0 0 0 0
 [68] 0 0 0 0 0 0 0 0 0 0 0 0 0 0 0 0 0 0 0 0 0 0 0 0 0 0 0 0 0 0 0 0 0
> M.COUNT.N <- 1-M.COUNT
> M.COUNT.N[nrow(xstart)-n1,]
  [1] 1 1 1 1 1 1 1 1 1 1 1 1 1 1 1 1 1 1 1 1 1 1 1 1 1 1 1 1 1 1 1 1 1 1 1 1 1 1 1 1 1 1 1 1 1 1 1 1 1 1 1 1 1 1 1 1 1 1 1 1 1 1 1 1 1 1 1
 [68] 1 1 1 1 1 1 1 1 1 1 1 1 1 1 1 1 1 1 1 1 1 1 1 1 1 1 1 1 1 1 1 1 1
> av.hit.iter <- apply(M.COUNT.N,1,mean)
> av.hit.run <- apply(M.COUNT.N,2,mean)
> av.hit.iter
  [1] 0.38 0.42 0.47 0.49 0.60 0.50 0.62 0.63 0.60 0.59 0.62 0.67 0.68 0.82 0.72 0.74 0.78 0.73 0.74 0.81 0.84 0.78 0.89 0.83 0.81 0.81 0.93
 [28] 0.81 0.89 0.84 0.80 0.86 0.88 0.79 0.89 0.92 0.94 0.92 0.93 0.89 0.92 0.95 0.92 0.92 0.92 0.96 0.94 0.92 0.91 0.94 0.95 0.98 0.97 0.92
 [55] 0.94 0.94 0.94 0.96 0.97 0.99 0.96 0.97 0.98 0.95 0.97 0.96 0.96 0.96 0.99 0.97 0.99 0.98 0.99 0.97 1.00 0.99 0.98 0.98 1.00 0.97 1.00
 [82] 0.98 0.98 0.99 1.00 0.99 1.00 1.00 1.00 1.00 0.99 1.00 1.00 0.99 1.00 0.98 0.99 1.00 1.00 1.00 1.00 0.99 1.00 1.00 1.00 0.99 1.00 1.00
[109] 1.00 0.99 0.99 0.99 1.00 1.00 1.00 1.00 1.00 1.00 1.00 1.00 1.00 0.99 1.00 0.99 0.99 0.99 1.00 1.00 1.00 1.00 1.00 1.00 1.00 1.00 1.00
[136] 1.00 1.00 0.99 1.00 1.00 1.00 1.00 1.00 1.00 1.00 1.00 1.00 1.00 1.00 1.00 1.00 1.00 1.00 1.00 1.00 1.00 1.00 1.00 0.99 1.00 1.00 1.00
[163] 1.00 1.00 1.00 1.00 1.00 1.00 1.00 1.00 1.00 1.00 1.00 1.00 1.00 1.00 1.00 1.00 1.00 1.00 1.00 1.00 1.00 1.00 1.00 1.00 1.00 1.00 1.00
[190] 1.00 1.00 1.00 1.00 1.00 1.00 1.00
> av.hit.run
  [1] 0.9336735 0.9591837 0.9387755 0.9489796 0.9591837 0.9234694 0.9489796 0.9387755 0.9285714 0.9540816 0.9336735 0.9336735 0.9489796
 [14] 0.9336735 0.9234694 0.9438776 0.9438776 0.9540816 0.9234694 0.9438776 0.9540816 0.9540816 0.9591837 0.9183673 0.9336735 0.9438776
 [27] 0.9489796 0.9081633 0.9489796 0.9285714 0.9285714 0.9234694 0.9540816 0.9336735 0.9234694 0.9540816 0.9183673 0.9336735 0.9285714
 [40] 0.9336735 0.9285714 0.9489796 0.9387755 0.9285714 0.9183673 0.8877551 0.9132653 0.9336735 0.9438776 0.9387755 0.9336735 0.9336735
 [53] 0.9642857 0.9387755 0.9540816 0.9438776 0.9285714 0.9285714 0.9081633 0.9591837 0.9438776 0.9387755 0.9438776 0.9591837 0.9183673
 [66] 0.9081633 0.9387755 0.9285714 0.9591837 0.9642857 0.9540816 0.9387755 0.9591837 0.9387755 0.9489796 0.9489796 0.9438776 0.9489796
 [79] 0.9438776 0.9030612 0.9234694 0.9438776 0.9285714 0.9489796 0.9540816 0.9540816 0.9285714 0.9234694 0.9693878 0.9387755 0.9285714
 [92] 0.9234694 0.9540816 0.9387755 0.9591837 0.9438776 0.9387755 0.9285714 0.9591837 0.9489796
> dim(M.COUNT.N)
[1] 196 100
> nrow(M.COUNT.N)
[1] 196
> length(av.hit.iter)
[1] 196
> E11
  [1] 0.9692469 0.9670851 0.9649493 0.9628070 0.9606580 0.9585019 0.9563388 0.9541687 0.9519915 0.9498072 0.9476159 0.9454179 0.9432141
 [14] 0.9410071 0.9388042 0.9366240 0.9345106 0.9325581 0.9309389 0.9299043 0.9296983 0.9303788 0.9316924 0.9293789 0.9289106 0.9284184
 [27] 0.9279425 0.9274631 0.9269822 0.9264996 0.9260154 0.9255295 0.9250420 0.9245528 0.9240619 0.9235694 0.9230752 0.9225793 0.9220817
 [40] 0.9215825 0.9210819 0.9205807 0.9200821 0.9195958 0.9191536 0.9188434 0.9188943 0.9196275 0.9180448 0.9178837 0.9176835 0.9174986
 [53] 0.9173108 0.9171224 0.9169333 0.9167435 0.9165530 0.9163619 0.9161700 0.9159775 0.9157843 0.9155904 0.9153958 0.9152005 0.9150046
 [66] 0.9148080 0.9146113 0.9144159 0.9142270 0.9140637 0.9139829 0.9141572 0.9149026 0.9133274 0.9131933 0.9130161 0.9128545 0.9126899
 [79] 0.9125248 0.9123590 0.9121925 0.9120255 0.9118578 0.9116895 0.9115206 0.9113511 0.9111809 0.9110100 0.9108386 0.9106665 0.9104939
 [92] 0.9103211 0.9101494 0.9099837 0.9098415 0.9097771 0.9099623 0.9107330 0.9090829 0.9089383 0.9087482 0.9085745 0.9083975 0.9082200
[105] 0.9080416 0.9078626 0.9076829 0.9075025 0.9073213 0.9071395 0.9069570 0.9067737 0.9065897 0.9064050 0.9062196 0.9060336 0.9058473
[118] 0.9056621 0.9054829 0.9053281 0.9052540 0.9054403 0.9062403 0.9044990 0.9043384 0.9041299 0.9039384 0.9037435 0.9035480 0.9033515
[131] 0.9031542 0.9029561 0.9027572 0.9025575 0.9023569 0.9021555 0.9019533 0.9017503 0.9015464 0.9013417 0.9011363 0.9009305 0.9007258
[144] 0.9005273 0.9003544 0.9002662 0.9004517 0.9012835 0.8994396 0.8992598 0.8990294 0.8988169 0.8986007 0.8983837 0.8981656 0.8979466
[157] 0.8977267 0.8975058 0.8972839 0.8970611 0.8968373 0.8966126 0.8963868 0.8961601 0.8959324 0.8957039 0.8954748 0.8952468 0.8950253
[170] 0.8948306 0.8947253 0.8949088 0.8957747 0.8938153 0.8936128 0.8933568 0.8931195 0.8928783 0.8926361 0.8923926 0.8921481 0.8919024
[183] 0.8916556 0.8914077 0.8911586 0.8909084 0.8906570 0.8904045 0.8901508 0.8898960 0.8896401 0.8893836 0.8891281 0.8888793 0.8886587
[196] 0.8885326
> E12
  [1] 0.9695220 0.9675324 0.9654822 0.9633714 0.9612395 0.9590972 0.9569472 0.9547901 0.9526259 0.9504546 0.9482763 0.9460912 0.9438999
 [14] 0.9417047 0.9395120 0.9373389 0.9352269 0.9332628 0.9316039 0.9304868 0.9301748 0.9307830 0.9320786 0.9298929 0.9296321 0.9292461
 [27] 0.9288129 0.9283618 0.9279051 0.9274460 0.9269852 0.9265228 0.9260588 0.9255932 0.9251261 0.9246573 0.9241870 0.9237150 0.9232414
 [40] 0.9227663 0.9222898 0.9218128 0.9213375 0.9208717 0.9204370 0.9200910 0.9200398 0.9206236 0.9193258 0.9193177 0.9192280 0.9191025
 [53] 0.9189659 0.9188251 0.9186833 0.9185408 0.9183977 0.9182542 0.9181101 0.9179655 0.9178204 0.9176748 0.9175287 0.9173820 0.9172349
 [66] 0.9170873 0.9169397 0.9167930 0.9166513 0.9165245 0.9164467 0.9165459 0.9171236 0.9157989 0.9157806 0.9157043 0.9155931 0.9154718
 [79] 0.9153463 0.9152199 0.9150928 0.9149652 0.9148372 0.9147086 0.9145796 0.9144501 0.9143202 0.9141897 0.9140587 0.9139273 0.9137955
 [92] 0.9136636 0.9135324 0.9134058 0.9132932 0.9132288 0.9133333 0.9139409 0.9124852 0.9124328 0.9123264 0.9121846 0.9120323 0.9118757
[105] 0.9117179 0.9115594 0.9114002 0.9112404 0.9110799 0.9109188 0.9107571 0.9105948 0.9104318 0.9102682 0.9101039 0.9099391 0.9097741
[118] 0.9096097 0.9094502 0.9093061 0.9092161 0.9093123 0.9099485 0.9083840 0.9083092 0.9081793 0.9080126 0.9078348 0.9076524 0.9074686
[131] 0.9072839 0.9070985 0.9069122 0.9067252 0.9065375 0.9063489 0.9061596 0.9059695 0.9057786 0.9055870 0.9053946 0.9052019 0.9050098
[144] 0.9048228 0.9046526 0.9045412 0.9046312 0.9052934 0.9036272 0.9035346 0.9033843 0.9031953 0.9029945 0.9027888 0.9025816 0.9023733
[157] 0.9021641 0.9019540 0.9017429 0.9015310 0.9013181 0.9011043 0.9008896 0.9006739 0.9004573 0.9002399 0.9000219 0.8998045 0.8995925
[170] 0.8993983 0.8992670 0.8993499 0.9000379 0.8982642 0.8981533 0.8979816 0.8977689 0.8975436 0.8973130 0.8970807 0.8968471 0.8966125
[183] 0.8963768 0.8961399 0.8959021 0.8956631 0.8954230 0.8951818 0.8949395 0.8946961 0.8944516 0.8942065 0.8939619 0.8937229 0.8935027
[196] 0.8933492
> E22
  [1] 0.9693692 0.9670886 0.9649451 0.9628141 0.9606795 0.9585385 0.9563906 0.9542357 0.9520738 0.9499048 0.9477287 0.9455455 0.9433554
 [14] 0.9411594 0.9389606 0.9367706 0.9346247 0.9326171 0.9309539 0.9299626 0.9299369 0.9308437 0.9322736 0.9293752 0.9285967 0.9279367
 [27] 0.9273271 0.9267182 0.9261085 0.9254969 0.9248832 0.9242674 0.9236495 0.9230296 0.9224075 0.9217832 0.9211569 0.9205284 0.9198977
 [40] 0.9192649 0.9186301 0.9179938 0.9173587 0.9167358 0.9161680 0.9157855 0.9159125 0.9168688 0.9148894 0.9145404 0.9142246 0.9139537
 [53] 0.9136831 0.9134127 0.9131413 0.9128690 0.9125958 0.9123216 0.9120464 0.9117702 0.9114930 0.9112149 0.9109357 0.9106556 0.9103744
 [66] 0.9100923 0.9098095 0.9095272 0.9092511 0.9090071 0.9088809 0.9091321 0.9100781 0.9082574 0.9079948 0.9077538 0.9075575 0.9073614
 [79] 0.9071657 0.9069694 0.9067723 0.9065745 0.9063759 0.9061767 0.9059766 0.9057759 0.9055743 0.9053721 0.9051690 0.9049652 0.9047607
 [92] 0.9045556 0.9043510 0.9041513 0.9039788 0.9039091 0.9041885 0.9051574 0.9032936 0.9030327 0.9027917 0.9025972 0.9024029 0.9022089
[105] 0.9020143 0.9018189 0.9016227 0.9014258 0.9012282 0.9010297 0.9008305 0.9006305 0.9004296 0.9002281 0.9000257 0.8998225 0.8996188
[118] 0.8994154 0.8992168 0.8990451 0.8989764 0.8992634 0.9002682 0.8983118 0.8980326 0.8977737 0.8975635 0.8973534 0.8971436 0.8969330
[131] 0.8967216 0.8965093 0.8962962 0.8960821 0.8958672 0.8956514 0.8954347 0.8952172 0.8949987 0.8947793 0.8945590 0.8943380 0.8941174
[144] 0.8939015 0.8937136 0.8936328 0.8939242 0.8949701 0.8929012 0.8925967 0.8923134 0.8920812 0.8918491 0.8916172 0.8913844 0.8911506
[157] 0.8909157 0.8906799 0.8904430 0.8902052 0.8899663 0.8897263 0.8894853 0.8892432 0.8890001 0.8887560 0.8885110 0.8882662 0.8880264
[170] 0.8878158 0.8877179 0.8880124 0.8891034 0.8869061 0.8865713 0.8862588 0.8860001 0.8857413 0.8854827 0.8852229 0.8849620 0.8846999
[183] 0.8844366 0.8841722 0.8839064 0.8836395 0.8833714 0.8831020 0.8828313 0.8825594 0.8822863 0.8820121 0.8817380 0.8814691 0.8812309
[196] 0.8811119
> E21
  [1] 0.9696304 0.9674464 0.9653353 0.9632196 0.9610975 0.9589686 0.9568327 0.9546899 0.9525400 0.9503831 0.9482190 0.9460477 0.9438692
 [14] 0.9416839 0.9394943 0.9373108 0.9351673 0.9331551 0.9314725 0.9304381 0.9303541 0.9312209 0.9326415 0.9298502 0.9291862 0.9285726
 [27] 0.9279865 0.9273981 0.9268082 0.9262163 0.9256224 0.9250264 0.9244285 0.9238285 0.9232264 0.9226223 0.9220162 0.9214079 0.9207976
 [40] 0.9201852 0.9195707 0.9189548 0.9183397 0.9177354 0.9171797 0.9167897 0.9168690 0.9177509 0.9159385 0.9156656 0.9154040 0.9151679
 [53] 0.9149302 0.9146921 0.9144532 0.9142134 0.9139728 0.9137313 0.9134889 0.9132457 0.9130017 0.9127567 0.9125109 0.9122642 0.9120166
 [66] 0.9117681 0.9115191 0.9112704 0.9110272 0.9108116 0.9106996 0.9109186 0.9117939 0.9100830 0.9098758 0.9096749 0.9094999 0.9093234
 [79] 0.9091467 0.9089693 0.9087912 0.9086125 0.9084331 0.9082531 0.9080724 0.9078910 0.9077089 0.9075262 0.9073427 0.9071586 0.9069738
 [92] 0.9067884 0.9066033 0.9064224 0.9062649 0.9061985 0.9064416 0.9073449 0.9055625 0.9053463 0.9051358 0.9049524 0.9047674 0.9045820
[105] 0.9043960 0.9042092 0.9040217 0.9038335 0.9036445 0.9034548 0.9032644 0.9030732 0.9028812 0.9026885 0.9024950 0.9023008 0.9021060
[118] 0.9019113 0.9017207 0.9015538 0.9014801 0.9017273 0.9026657 0.9007866 0.9005509 0.9003212 0.9001198 0.8999166 0.8997131 0.8995086
[131] 0.8993034 0.8990973 0.8988904 0.8986826 0.8984740 0.8982645 0.8980542 0.8978430 0.8976309 0.8974179 0.8972041 0.8969895 0.8967749
[144] 0.8965647 0.8963790 0.8962912 0.8965406 0.8975176 0.8955283 0.8952691 0.8950161 0.8947928 0.8945675 0.8943417 0.8941150 0.8938872
[157] 0.8936585 0.8934288 0.8931981 0.8929664 0.8927337 0.8925000 0.8922653 0.8920295 0.8917927 0.8915549 0.8913162 0.8910774 0.8908431
[170] 0.8906346 0.8905292 0.8907796 0.8917983 0.8896850 0.8893982 0.8891178 0.8888686 0.8886173 0.8883653 0.8881121 0.8878578 0.8876024
[183] 0.8873458 0.8870880 0.8868290 0.8865688 0.8863075 0.8860449 0.8857811 0.8855161 0.8852499 0.8849825 0.8847150 0.8844521 0.8842164
[196] 0.8840897
> E1.dif
  [1] 0.0002750809 0.0004473441 0.0005329185 0.0005644129 0.0005815361 0.0005952852 0.0006083970 0.0006214073 0.0006344260 0.0006474569
 [11] 0.0006604617 0.0006733392 0.0006858652 0.0006975958 0.0007077379 0.0007149094 0.0007162640 0.0007046837 0.0006650110 0.0005824933
 [21] 0.0004765120 0.0004042258 0.0003861294 0.0005139875 0.0007214475 0.0008277315 0.0008704262 0.0008987010 0.0009228933 0.0009464080
 [31] 0.0009698335 0.0009933023 0.0010168446 0.0010404653 0.0010641664 0.0010879483 0.0011118108 0.0011357530 0.0011597710 0.0011838550
 [41] 0.0012079684 0.0012320146 0.0012554026 0.0012758608 0.0012834228 0.0012476349 0.0011455710 0.0009960394 0.0012809881 0.0014340655
 [51] 0.0015444963 0.0016039149 0.0016550655 0.0017026968 0.0017499767 0.0017972763 0.0018447175 0.0018923220 0.0019400947 0.0019880375
 [61] 0.0020361514 0.0020844373 0.0021328958 0.0021815264 0.0022303278 0.0022792827 0.0023283593 0.0023771022 0.0024242792 0.0024608176
 [71] 0.0024638698 0.0023887351 0.0022210751 0.0024714649 0.0025873002 0.0026882242 0.0027386586 0.0027818478 0.0028215406 0.0028608929
 [81] 0.0029002489 0.0029397253 0.0029793437 0.0030191084 0.0030590213 0.0030990834 0.0031392952 0.0031796573 0.0032201687 0.0032608261
 [91] 0.0033016077 0.0033424707 0.0033829829 0.0034221704 0.0034517021 0.0034517209 0.0033709634 0.0032078228 0.0034023395 0.0034945143
[101] 0.0035781726 0.0036101772 0.0036348015 0.0036557600 0.0036762983 0.0036967708 0.0037172963 0.0037378970 0.0037585770 0.0037793376
[111] 0.0038001796 0.0038211033 0.0038421085 0.0038631940 0.0038843551 0.0039055690 0.0039267915 0.0039476197 0.0039672343 0.0039779609
[121] 0.0039620314 0.0038720721 0.0037081890 0.0038850019 0.0039707900 0.0040494201 0.0040741781 0.0040912262 0.0041044096 0.0041171221
[131] 0.0041297342 0.0041423700 0.0041550525 0.0041677857 0.0041805712 0.0041934093 0.0042063002 0.0042192436 0.0042322380 0.0042452781
[141] 0.0042583406 0.0042713813 0.0042840047 0.0042954599 0.0042982141 0.0042750878 0.0041794809 0.0040098792 0.0041875965 0.0042747935
[151] 0.0043549280 0.0043784378 0.0043938404 0.0044051686 0.0044159933 0.0044267042 0.0044374320 0.0044482007 0.0044590147 0.0044698754
[161] 0.0044807832 0.0044917382 0.0045027403 0.0045137875 0.0045248744 0.0045359767 0.0045470494 0.0045576864 0.0045671405 0.0045676668
[171] 0.0045417042 0.0044411082 0.0042632921 0.0044489426 0.0045405337 0.0046248130 0.0046493261 0.0046652844 0.0046769413 0.0046880679
[181] 0.0046990758 0.0047101028 0.0047211745 0.0047322954 0.0047434671 0.0047546901 0.0047659645 0.0047772900 0.0047886649 0.0048000832
[191] 0.0048115195 0.0048229265 0.0048338787 0.0048436006 0.0048439608 0.0048165499
> E2.dif
  [1] 0.0002612094 0.0003577447 0.0003901626 0.0004054753 0.0004179884 0.0004300536 0.0004420776 0.0004541245 0.0004661986 0.0004782841
 [11] 0.0004903363 0.0005022479 0.0005137867 0.0005245054 0.0005336640 0.0005402170 0.0005426825 0.0005379620 0.0005186303 0.0004755432
 [21] 0.0004172796 0.0003771942 0.0003679017 0.0004750454 0.0005894862 0.0006358783 0.0006594647 0.0006799185 0.0006996736 0.0007194072
 [31] 0.0007391878 0.0007590330 0.0007789453 0.0007989252 0.0008189733 0.0008390898 0.0008592746 0.0008795269 0.0008998438 0.0009202172
 [41] 0.0009406225 0.0009609950 0.0009810322 0.0009996510 0.0010117369 0.0010041263 0.0009565036 0.0008820988 0.0010490318 0.0011251486
 [51] 0.0011793751 0.0012141695 0.0012470914 0.0012794381 0.0013118479 0.0013443560 0.0013769781 0.0014097157 0.0014425698 0.0014755410
 [61] 0.0015086300 0.0015418373 0.0015751634 0.0016086082 0.0016421702 0.0016758389 0.0017095821 0.0017432013 0.0017760973 0.0018045155
 [71] 0.0018187138 0.0017865451 0.0017157511 0.0018255647 0.0018809447 0.0019211391 0.0019424422 0.0019619928 0.0019809423 0.0019999119
 [81] 0.0020189364 0.0020380302 0.0020571946 0.0020764304 0.0020957379 0.0021151176 0.0021345697 0.0021540944 0.0021736908 0.0021933549
 [91] 0.0022130710 0.0022327942 0.0022523269 0.0022711647 0.0022861443 0.0022894203 0.0022531281 0.0021874518 0.0022689137 0.0023135815
[101] 0.0023440956 0.0023551966 0.0023644721 0.0023730897 0.0023816892 0.0023903066 0.0023989559 0.0024076387 0.0024163554 0.0024251062
[111] 0.0024338912 0.0024427107 0.0024515643 0.0024604510 0.0024693661 0.0024782930 0.0024871865 0.0024958666 0.0025039275 0.0025086746
[121] 0.0025037570 0.0024638169 0.0023974823 0.0024747896 0.0025183720 0.0025475027 0.0025563232 0.0025632296 0.0025694373 0.0025756167
[131] 0.0025818049 0.0025880169 0.0025942540 0.0026005167 0.0026068051 0.0026131195 0.0026194598 0.0026258258 0.0026322163 0.0026386262
[141] 0.0026450386 0.0026514079 0.0026575568 0.0026631092 0.0026654435 0.0026584607 0.0026164194 0.0025474414 0.0026271433 0.0026724829
[151] 0.0027027092 0.0027115654 0.0027184086 0.0027245160 0.0027305931 0.0027366791 0.0027427897 0.0027489264 0.0027550896 0.0027612796
[161] 0.0027674964 0.0027737401 0.0027800106 0.0027863064 0.0027926223 0.0027989406 0.0028052136 0.0028112578 0.0028166903 0.0028188012
[171] 0.0028113053 0.0027672317 0.0026948621 0.0027788962 0.0028269130 0.0028590039 0.0028685338 0.0028759410 0.0028825733 0.0028891762
[181] 0.0028957909 0.0029024340 0.0029091072 0.0029158109 0.0029225454 0.0029293107 0.0029361071 0.0029429342 0.0029497906 0.0029566710
[191] 0.0029635564 0.0029703968 0.0029769987 0.0029829608 0.0029854288 0.0029777853
> SUM.E1E2
  [1] 0.0005362904 0.0008050888 0.0009230811 0.0009698882 0.0009995245 0.0010253388 0.0010504746 0.0010755317 0.0011006246 0.0011257410
 [11] 0.0011507980 0.0011755871 0.0011996519 0.0012221012 0.0012414019 0.0012551264 0.0012589465 0.0012426457 0.0011836413 0.0010580365
 [21] 0.0008937916 0.0007814201 0.0007540312 0.0009890329 0.0013109337 0.0014636098 0.0015298908 0.0015786194 0.0016225669 0.0016658151
 [31] 0.0017090213 0.0017523354 0.0017957898 0.0018393906 0.0018831397 0.0019270380 0.0019710853 0.0020152799 0.0020596148 0.0021040722
 [41] 0.0021485909 0.0021930095 0.0022364347 0.0022755118 0.0022951597 0.0022517612 0.0021020746 0.0018781383 0.0023300199 0.0025592142
 [51] 0.0027238714 0.0028180844 0.0029021568 0.0029821349 0.0030618246 0.0031416324 0.0032216956 0.0033020377 0.0033826645 0.0034635785
 [61] 0.0035447814 0.0036262746 0.0037080591 0.0037901346 0.0038724979 0.0039551216 0.0040379414 0.0041203034 0.0042003765 0.0042653331
 [71] 0.0042825836 0.0041752803 0.0039368262 0.0042970296 0.0044682449 0.0046093634 0.0046811008 0.0047438406 0.0048024829 0.0048608048
 [81] 0.0049191853 0.0049777555 0.0050365383 0.0050955387 0.0051547592 0.0052142009 0.0052738649 0.0053337517 0.0053938595 0.0054541810
 [91] 0.0055146787 0.0055752649 0.0056353098 0.0056933351 0.0057378463 0.0057411412 0.0056240915 0.0053952746 0.0056712532 0.0058080958
[101] 0.0059222682 0.0059653738 0.0059992736 0.0060288497 0.0060579876 0.0060870774 0.0061162523 0.0061455358 0.0061749324 0.0062044438
[111] 0.0062340709 0.0062638139 0.0062936729 0.0063236450 0.0063537211 0.0063838620 0.0064139780 0.0064434863 0.0064711618 0.0064866355
[121] 0.0064657885 0.0063358890 0.0061056713 0.0063597914 0.0064891620 0.0065969228 0.0066305013 0.0066544557 0.0066738469 0.0066927388
[131] 0.0067115391 0.0067303868 0.0067493065 0.0067683024 0.0067873764 0.0068065288 0.0068257600 0.0068450695 0.0068644542 0.0068839043
[141] 0.0069033792 0.0069227892 0.0069415615 0.0069585691 0.0069636576 0.0069335485 0.0067959003 0.0065573206 0.0068147399 0.0069472764
[151] 0.0070576371 0.0070900032 0.0071122491 0.0071296845 0.0071465864 0.0071633833 0.0071802217 0.0071971271 0.0072141043 0.0072311550
[161] 0.0072482796 0.0072654784 0.0072827509 0.0073000938 0.0073174968 0.0073349173 0.0073522630 0.0073689442 0.0073838309 0.0073864680
[171] 0.0073530095 0.0072083399 0.0069581542 0.0072278389 0.0073674467 0.0074838169 0.0075178599 0.0075412254 0.0075595146 0.0075772441
[181] 0.0075948667 0.0076125368 0.0076302817 0.0076481063 0.0076660125 0.0076840008 0.0077020716 0.0077202242 0.0077384555 0.0077567543
[191] 0.0077750759 0.0077933234 0.0078108775 0.0078265614 0.0078293897 0.0077943352
> int.hit.n <- c(1,2,3,4,5,6,16,36,76,116,156,length(av.hit.iter))
> int.hit.n
 [1]   1   2   3   4   5   6  16  36  76 116 156 196
> av.hit.iter[int.hit.n]
 [1] 0.38 0.42 0.47 0.49 0.60 0.50 0.74 0.92 0.99 1.00 1.00 1.00
> E11[int.hit.n]
 [1] 0.9692469 0.9670851 0.9649493 0.9628070 0.9606580 0.9585019 0.9366240 0.9235694 0.9130161 0.9060336 0.8979466 0.8885326
> E12[int.hit.n]
 [1] 0.9695220 0.9675324 0.9654822 0.9633714 0.9612395 0.9590972 0.9373389 0.9246573 0.9157043 0.9099391 0.9023733 0.8933492
> E22[int.hit.n]
 [1] 0.9693692 0.9670886 0.9649451 0.9628141 0.9606795 0.9585385 0.9367706 0.9217832 0.9077538 0.8998225 0.8911506 0.8811119
> E21[int.hit.n]
 [1] 0.9696304 0.9674464 0.9653353 0.9632196 0.9610975 0.9589686 0.9373108 0.9226223 0.9096749 0.9023008 0.8938872 0.8840897
> E1.dif[int.hit.n]
 [1] 0.0002750809 0.0004473441 0.0005329185 0.0005644129 0.0005815361 0.0005952852 0.0007149094 0.0010879483 0.0026882242 0.0039055690
[11] 0.0044267042 0.0048165499
> E2.dif[int.hit.n]
 [1] 0.0002612094 0.0003577447 0.0003901626 0.0004054753 0.0004179884 0.0004300536 0.0005402170 0.0008390898 0.0019211391 0.0024782930
[11] 0.0027366791 0.0029777853
> SUM.E1E2[int.hit.n]
 [1] 0.0005362904 0.0008050888 0.0009230811 0.0009698882 0.0009995245 0.0010253388 0.0012551264 0.0019270380 0.0046093634 0.0063838620
[11] 0.0071633833 0.0077943352

> round(E11[int.hit.n],digits=5)
 [1] 0.96925 0.96709 0.96495 0.96281 0.96066 0.95850 0.93662 0.92357 0.91302 0.90603 0.89795 0.88853
> round(E12[int.hit.n],digits=5)
 [1] 0.96952 0.96753 0.96548 0.96337 0.96124 0.95910 0.93734 0.92466 0.91570 0.90994 0.90237 0.89335
> round(E22[int.hit.n],digits=5)
 [1] 0.96937 0.96709 0.96495 0.96281 0.96068 0.95854 0.93677 0.92178 0.90775 0.89982 0.89115 0.88111
> round(E21[int.hit.n],digits=5)
 [1] 0.96963 0.96745 0.96534 0.96322 0.96110 0.95897 0.93731 0.92262 0.90967 0.90230 0.89389 0.88409
> round(E1.dif[int.hit.n],digits=5)
 [1] 0.00028 0.00045 0.00053 0.00056 0.00058 0.00060 0.00071 0.00109 0.00269 0.00391 0.00443 0.00482
> round(E2.dif[int.hit.n],digits=5)
 [1] 0.00026 0.00036 0.00039 0.00041 0.00042 0.00043 0.00054 0.00084 0.00192 0.00248 0.00274 0.00298
> round(SUM.E1E2[int.hit.n],digits=5)
 [1] 0.00054 0.00081 0.00092 0.00097 0.00100 0.00103 0.00126 0.00193 0.00461 0.00638 0.00716 0.00779
> ##########################################################
> sel.iter <- c(1,2,3,4,5,6,16,26,36,46)
> av.hit.iter[sel.iter]
 [1] 0.38 0.42 0.47 0.49 0.60 0.50 0.74 0.81 0.92 0.96
> E11[sel.iter]
 [1] 0.9692469 0.9670851 0.9649493 0.9628070 0.9606580 0.9585019 0.9366240 0.9284184 0.9235694 0.9188434
> E12[sel.iter]
 [1] 0.9695220 0.9675324 0.9654822 0.9633714 0.9612395 0.9590972 0.9373389 0.9292461 0.9246573 0.9200910
> E22[sel.iter]
 [1] 0.9693692 0.9670886 0.9649451 0.9628141 0.9606795 0.9585385 0.9367706 0.9279367 0.9217832 0.9157855
> E21[sel.iter]
 [1] 0.9696304 0.9674464 0.9653353 0.9632196 0.9610975 0.9589686 0.9373108 0.9285726 0.9226223 0.9167897
> E1.dif[sel.iter]
 [1] 0.0002750809 0.0004473441 0.0005329185 0.0005644129 0.0005815361 0.0005952852 0.0007149094 0.0008277315 0.0010879483 0.0012476349
> E2.dif[sel.iter]
 [1] 0.0002612094 0.0003577447 0.0003901626 0.0004054753 0.0004179884 0.0004300536 0.0005402170 0.0006358783 0.0008390898 0.0010041263
> SUM.E1E2[sel.iter]
 [1] 0.0005362904 0.0008050888 0.0009230811 0.0009698882 0.0009995245 0.0010253388 0.0012551264 0.0014636098 0.0019270380 0.0022517612
> round(av.hit.iter[sel.iter],digits=5)
 [1] 0.38 0.42 0.47 0.49 0.60 0.50 0.74 0.81 0.92 0.96
> round(E11[sel.iter],digits=5)
 [1] 0.96925 0.96709 0.96495 0.96281 0.96066 0.95850 0.93662 0.92842 0.92357 0.91884
> round(E12[sel.iter],digits=5)
 [1] 0.96952 0.96753 0.96548 0.96337 0.96124 0.95910 0.93734 0.92925 0.92466 0.92009
> round(E22[sel.iter],digits=5)
 [1] 0.96937 0.96709 0.96495 0.96281 0.96068 0.95854 0.93677 0.92794 0.92178 0.91579
> round(E21[sel.iter],digits=5)
 [1] 0.96963 0.96745 0.96534 0.96322 0.96110 0.95897 0.93731 0.92857 0.92262 0.91679
> round(E1.dif[sel.iter],digits=5)
 [1] 0.00028 0.00045 0.00053 0.00056 0.00058 0.00060 0.00071 0.00083 0.00109 0.00125
> round(E2.dif[sel.iter],digits=5)
 [1] 0.00026 0.00036 0.00039 0.00041 0.00042 0.00043 0.00054 0.00064 0.00084 0.00100
> round(SUM.E1E2[sel.iter],digits=5)
 [1] 0.00054 0.00081 0.00092 0.00097 0.00100 0.00103 0.00126 0.00146 0.00193 0.00225
> length(CRIT.vec)
[1] 200
> CRIT.vec <- CRIT.vec[1:nrow(xstart)]
> length(CRIT.vec)
[1] 200
> CRIT.vec
  [1] 5.868639e-13 5.868639e-13 5.868639e-13 5.868639e-13 1.109254e-02 1.039656e-01 1.848282e-01 2.108716e-01 2.169046e-01 2.181718e-01
 [11] 2.184206e-01 2.184678e-01 2.184765e-01 2.184782e-01 2.184787e-01 2.184797e-01 2.184822e-01 2.184893e-01 2.185070e-01 2.185479e-01
 [21] 2.186401e-01 2.188771e-01 2.196655e-01 2.225545e-01 2.321952e-01 2.622608e-01 3.735190e-01 1.288818e-02 1.242563e-01 2.540060e-01
 [31] 3.016948e-01 3.134484e-01 3.159597e-01 3.164799e-01 3.165860e-01 3.166077e-01 3.166121e-01 3.166130e-01 3.166132e-01 3.166133e-01
 [41] 3.166133e-01 3.166133e-01 3.166133e-01 3.166133e-01 3.166132e-01 3.166131e-01 3.166122e-01 3.166096e-01 3.165976e-01 3.165896e-01
 [51] 3.170043e-01 3.349148e-01 9.655464e-02 2.323251e-01 3.258514e-01 3.645906e-01 3.749013e-01 3.771786e-01 3.776582e-01 3.777559e-01
 [61] 3.777757e-01 3.777796e-01 3.777804e-01 3.777806e-01 3.777806e-01 3.777806e-01 3.777806e-01 3.777806e-01 3.777806e-01 3.777806e-01
 [71] 3.777805e-01 3.777794e-01 3.777755e-01 3.777468e-01 3.775685e-01 3.770354e-01 4.137468e-01 1.673226e-01 2.766152e-01 3.616651e-01
 [81] 3.988498e-01 4.088396e-01 4.110518e-01 4.115178e-01 4.116127e-01 4.116319e-01 4.116358e-01 4.116366e-01 4.116367e-01 4.116368e-01
 [91] 4.116368e-01 4.116368e-01 4.116368e-01 4.116368e-01 4.116367e-01 4.116365e-01 4.116352e-01 4.116290e-01 4.116080e-01 4.114512e-01
[101] 4.124829e-01 4.446152e-01 1.933181e-01 2.915678e-01 3.747903e-01 4.116268e-01 4.215507e-01 4.237486e-01 4.242119e-01 4.243063e-01
[111] 4.243254e-01 4.243292e-01 4.243300e-01 4.243302e-01 4.243302e-01 4.243302e-01 4.243302e-01 4.243302e-01 4.243302e-01 4.243301e-01
[121] 4.243300e-01 4.243287e-01 4.243232e-01 4.243093e-01 4.241719e-01 4.253644e-01 4.524348e-01 2.003239e-01 2.956619e-01 3.784781e-01
[131] 4.152336e-01 4.251418e-01 4.273367e-01 4.277994e-01 4.278937e-01 4.279128e-01 4.279166e-01 4.279174e-01 4.279175e-01 4.279176e-01
[141] 4.279176e-01 4.279176e-01 4.279176e-01 4.279176e-01 4.279175e-01 4.279174e-01 4.279161e-01 4.279109e-01 4.278964e-01 4.277523e-01
[151] 4.288211e-01 4.540743e-01 2.020396e-01 2.966927e-01 3.794144e-01 4.161514e-01 4.260563e-01 4.282506e-01 4.287131e-01 4.288074e-01
[161] 4.288265e-01 4.288303e-01 4.288311e-01 4.288312e-01 4.288313e-01 4.288313e-01 4.288313e-01 4.288313e-01 4.288313e-01 4.288312e-01
[171] 4.288311e-01 4.288298e-01 4.288246e-01 4.288094e-01 4.286601e-01 4.296531e-01 4.544047e-01 2.024365e-01 2.969411e-01 3.796397e-01
[181] 4.163727e-01 4.262769e-01 4.284710e-01 4.289335e-01 4.290278e-01 4.290469e-01 4.290508e-01 4.290515e-01 4.290517e-01 4.290517e-01
[191] 4.290517e-01 4.290517e-01 4.290517e-01 4.290517e-01 4.290517e-01 4.290515e-01 4.290502e-01 4.290451e-01 4.290294e-01 4.288776e-01
> xstart
          Var1       Var2
1    0.0000000  0.0000000
25  10.0000000  0.0000000
601  0.0000000 10.0000000
625 10.0000000 10.0000000
576  0.0000000  9.5833333
551  0.0000000  9.1666667
526  0.0000000  8.7500000
501  0.0000000  8.3333333
476  0.0000000  7.9166667
451  0.0000000  7.5000000
426  0.0000000  7.0833333
401  0.0000000  6.6666667
376  0.0000000  6.2500000
351  0.0000000  5.8333333
326  0.0000000  5.4166667
301  0.0000000  5.0000000
276  0.0000000  4.5833333
251  0.0000000  4.1666667
226  0.0000000  3.7500000
201  0.0000000  3.3333333
176  0.0000000  2.9166667
151  0.0000000  2.5000000
126  0.0000000  2.0833333
101  0.0000000  1.6666667
76   0.0000000  1.2500000
51   0.0000000  0.8333333
26   0.0000000  0.4166667
602  0.4166667 10.0000000
577  0.4166667  9.5833333
552  0.4166667  9.1666667
527  0.4166667  8.7500000
502  0.4166667  8.3333333
477  0.4166667  7.9166667
452  0.4166667  7.5000000
427  0.4166667  7.0833333
402  0.4166667  6.6666667
377  0.4166667  6.2500000
352  0.4166667  5.8333333
327  0.4166667  5.4166667
302  0.4166667  5.0000000
277  0.4166667  4.5833333
252  0.4166667  4.1666667
227  0.4166667  3.7500000
202  0.4166667  3.3333333
177  0.4166667  2.9166667
152  0.4166667  2.5000000
127  0.4166667  2.0833333
102  0.4166667  1.6666667
77   0.4166667  1.2500000
52   0.4166667  0.8333333
27   0.4166667  0.4166667
2    0.4166667  0.0000000
3    0.8333333  0.0000000
28   0.8333333  0.4166667
53   0.8333333  0.8333333
78   0.8333333  1.2500000
103  0.8333333  1.6666667
128  0.8333333  2.0833333
153  0.8333333  2.5000000
178  0.8333333  2.9166667
203  0.8333333  3.3333333
228  0.8333333  3.7500000
253  0.8333333  4.1666667
278  0.8333333  4.5833333
303  0.8333333  5.0000000
328  0.8333333  5.4166667
353  0.8333333  5.8333333
378  0.8333333  6.2500000
403  0.8333333  6.6666667
428  0.8333333  7.0833333
453  0.8333333  7.5000000
478  0.8333333  7.9166667
503  0.8333333  8.3333333
528  0.8333333  8.7500000
553  0.8333333  9.1666667
578  0.8333333  9.5833333
603  0.8333333 10.0000000
604  1.2500000 10.0000000
579  1.2500000  9.5833333
554  1.2500000  9.1666667
529  1.2500000  8.7500000
504  1.2500000  8.3333333
479  1.2500000  7.9166667
454  1.2500000  7.5000000
429  1.2500000  7.0833333
404  1.2500000  6.6666667
379  1.2500000  6.2500000
354  1.2500000  5.8333333
329  1.2500000  5.4166667
304  1.2500000  5.0000000
279  1.2500000  4.5833333
254  1.2500000  4.1666667
229  1.2500000  3.7500000
204  1.2500000  3.3333333
179  1.2500000  2.9166667
154  1.2500000  2.5000000
129  1.2500000  2.0833333
104  1.2500000  1.6666667
79   1.2500000  1.2500000
54   1.2500000  0.8333333
29   1.2500000  0.4166667
4    1.2500000  0.0000000
605  1.6666667 10.0000000
580  1.6666667  9.5833333
555  1.6666667  9.1666667
530  1.6666667  8.7500000
505  1.6666667  8.3333333
480  1.6666667  7.9166667
455  1.6666667  7.5000000
430  1.6666667  7.0833333
405  1.6666667  6.6666667
380  1.6666667  6.2500000
355  1.6666667  5.8333333
330  1.6666667  5.4166667
305  1.6666667  5.0000000
280  1.6666667  4.5833333
255  1.6666667  4.1666667
230  1.6666667  3.7500000
205  1.6666667  3.3333333
180  1.6666667  2.9166667
155  1.6666667  2.5000000
130  1.6666667  2.0833333
105  1.6666667  1.6666667
80   1.6666667  1.2500000
55   1.6666667  0.8333333
30   1.6666667  0.4166667
5    1.6666667  0.0000000
6    2.0833333  0.0000000
31   2.0833333  0.4166667
56   2.0833333  0.8333333
81   2.0833333  1.2500000
106  2.0833333  1.6666667
131  2.0833333  2.0833333
156  2.0833333  2.5000000
181  2.0833333  2.9166667
206  2.0833333  3.3333333
231  2.0833333  3.7500000
256  2.0833333  4.1666667
281  2.0833333  4.5833333
306  2.0833333  5.0000000
331  2.0833333  5.4166667
356  2.0833333  5.8333333
381  2.0833333  6.2500000
406  2.0833333  6.6666667
431  2.0833333  7.0833333
456  2.0833333  7.5000000
481  2.0833333  7.9166667
506  2.0833333  8.3333333
531  2.0833333  8.7500000
556  2.0833333  9.1666667
581  2.0833333  9.5833333
606  2.0833333 10.0000000
607  2.5000000 10.0000000
582  2.5000000  9.5833333
557  2.5000000  9.1666667
532  2.5000000  8.7500000
507  2.5000000  8.3333333
482  2.5000000  7.9166667
457  2.5000000  7.5000000
432  2.5000000  7.0833333
407  2.5000000  6.6666667
382  2.5000000  6.2500000
357  2.5000000  5.8333333
332  2.5000000  5.4166667
307  2.5000000  5.0000000
282  2.5000000  4.5833333
257  2.5000000  4.1666667
232  2.5000000  3.7500000
207  2.5000000  3.3333333
182  2.5000000  2.9166667
157  2.5000000  2.5000000
132  2.5000000  2.0833333
107  2.5000000  1.6666667
82   2.5000000  1.2500000
57   2.5000000  0.8333333
32   2.5000000  0.4166667
7    2.5000000  0.0000000
608  2.9166667 10.0000000
583  2.9166667  9.5833333
558  2.9166667  9.1666667
533  2.9166667  8.7500000
508  2.9166667  8.3333333
483  2.9166667  7.9166667
458  2.9166667  7.5000000
433  2.9166667  7.0833333
408  2.9166667  6.6666667
383  2.9166667  6.2500000
358  2.9166667  5.8333333
333  2.9166667  5.4166667
308  2.9166667  5.0000000
283  2.9166667  4.5833333
258  2.9166667  4.1666667
233  2.9166667  3.7500000
208  2.9166667  3.3333333
183  2.9166667  2.9166667
158  2.9166667  2.5000000
133  2.9166667  2.0833333
108  2.9166667  1.6666667
83   2.9166667  1.2500000
58   2.9166667  0.8333333