dim(M.COUNT)
[1]  46 100
> M.COUNT.N <- 1-M.COUNT
> #-----------------------------
> M.COUNT.N[nleft,]
  [1] 1 1 1 1 1 0 1 0 1 0 1 0 1 0 1 1 0 1 1 1 1 1 1 1 1 1 1 0 1 0 0 0 0 1 1 1 0 1 1 1 1 0 0 1 1 1 0 1 0 1 1 1 1 0 0 1 1 1 0 1 1 1 0 1
 [65] 1 0 1 0 0 1 1 1 1 0 0 1 0 0 0 1 1 1 1 1 1 1 1 1 1 1 1 1 0 1 0 1 1 0 1 1
> E11[nleft,]
  [1] 0.7865184 0.8252730 0.8516384 0.7353110 0.8608019 0.8993486 0.8805775 0.8491869 0.8399119 0.9042035 0.8550976 0.9006436
 [13] 0.8479138 0.9003725 0.8329652 0.7420932 0.8035225 0.7880200 0.8532712 0.7957778 0.7942686 0.8713347 0.7592782 0.8729643
 [25] 0.8760471 0.8197425 0.8737340 0.8483578 0.8702340 0.8831935 0.8005704 0.8854906 0.8508032 0.8681187 0.7629208 0.8555498
 [37] 0.8623368 0.8913816 0.7910000 0.8343761 0.8169951 0.8192270 0.9075259 0.8596831 0.8503667 0.8109152 0.8868776 0.8035728
 [49] 0.8836472 0.8668375 0.8836494 0.8543894 0.8755996 0.9271748 0.8919673 0.8880125 0.8764479 0.7647853 0.8583300 0.7940642
 [61] 0.8480295 0.8275007 0.8727967 0.8069919 0.8350660 0.8280589 0.8840067 0.8628659 0.8631080 0.8692970 0.7838812 0.8061189
 [73] 0.8915625 0.8824833 0.8242689 0.8568489 0.9155484 0.8578665 0.8770577 0.8880907 0.8239642 0.8767783 0.7365428 0.8348539
 [85] 0.8508699 0.7162285 0.7472253 0.8254888 0.7711942 0.8770987 0.9055749 0.8357343 0.8415911 0.8141669 0.7974887 0.8450751
 [97] 0.8513121 0.8309407 0.8370780 0.8624179
> E12[nleft,]
  [1] 0.7899723 0.8272863 0.8539839 0.7373872 0.8633413 0.9019765 0.8828632 0.8520543 0.8421370 0.9067328 0.8576090 0.9027185
 [13] 0.8506269 0.9037832 0.8355196 0.7438309 0.8052001 0.7902553 0.8554786 0.7981694 0.7974112 0.8737494 0.7614756 0.8748709
 [25] 0.8790190 0.8228151 0.8774492 0.8511388 0.8733675 0.8858608 0.8031867 0.8883652 0.8536867 0.8697991 0.7646364 0.8576401
 [37] 0.8650704 0.8946562 0.7939664 0.8365989 0.8195479 0.8215441 0.9096986 0.8628311 0.8529827 0.8132969 0.8891129 0.8055574
 [49] 0.8871257 0.8686275 0.8860082 0.8567030 0.8787830 0.9302095 0.8951479 0.8900175 0.8793703 0.7666142 0.8617678 0.7970139
 [61] 0.8501196 0.8290363 0.8756520 0.8101080 0.8369227 0.8294642 0.8856232 0.8662639 0.8662738 0.8718790 0.7865309 0.8075528
 [73] 0.8946435 0.8863442 0.8273068 0.8590934 0.9185859 0.8605491 0.8788766 0.8905418 0.8260574 0.8790302 0.7380695 0.8376752
 [85] 0.8544887 0.7190777 0.7491236 0.8282603 0.7734272 0.8797700 0.9082290 0.8378730 0.8439037 0.8178828 0.7998297 0.8471051
 [97] 0.8531299 0.8341363 0.8393290 0.8654918
> E22[nleft,]
  [1] 0.7740984 0.8164833 0.8443003 0.7224972 0.8538466 0.8944715 0.8750015 0.8420604 0.8334093 0.8992726 0.8481192 0.8967932
 [13] 0.8400291 0.8945320 0.8250319 0.7299843 0.7936496 0.7785059 0.8462989 0.7862157 0.7842975 0.8649434 0.7472563 0.8672682
 [25] 0.8692159 0.8125549 0.8667455 0.8411788 0.8636195 0.8777639 0.7919696 0.8800386 0.8429029 0.8628591 0.7517810 0.8486509
 [37] 0.8560313 0.8853379 0.7824378 0.8272957 0.8086402 0.8107914 0.9037595 0.8517234 0.8431003 0.8023899 0.8821047 0.7942303
 [49] 0.8771021 0.8611666 0.8781673 0.8472916 0.8694727 0.9231788 0.8859062 0.8838306 0.8697392 0.7530345 0.8514822 0.7835113
 [61] 0.8408267 0.8203042 0.8662538 0.7965789 0.8275552 0.8205510 0.8801501 0.8556812 0.8555207 0.8621960 0.7740816 0.7969075
 [73] 0.8865807 0.8757956 0.8158737 0.8503088 0.9110710 0.8515463 0.8725917 0.8830865 0.8164225 0.8717529 0.7234841 0.8270136
 [85] 0.8419793 0.7036357 0.7357927 0.8170708 0.7607038 0.8707942 0.9008080 0.8278608 0.8354061 0.8031632 0.7902571 0.8376692
 [97] 0.8448146 0.8234085 0.8294201 0.8548960
> E21[nleft,]
  [1] 0.7764392 0.8179470 0.8461124 0.7240700 0.8556347 0.8960622 0.8765395 0.8439636 0.8349429 0.9008913 0.8498876 0.8981384
 [13] 0.8418485 0.8965815 0.8269378 0.7314765 0.7950434 0.7802392 0.8478555 0.7879276 0.7864700 0.8665725 0.7489443 0.8686384
 [25] 0.8712346 0.8146071 0.8690316 0.8429784 0.8655824 0.8794294 0.7937733 0.8817888 0.8448279 0.8640846 0.7531287 0.8501765
 [37] 0.8577940 0.8873836 0.7845052 0.8288016 0.8105155 0.8124436 0.9051565 0.8538328 0.8447929 0.8040204 0.8835096 0.7956787
 [49] 0.8792454 0.8623929 0.8797535 0.8490026 0.8714038 0.9249151 0.8879013 0.8851781 0.8717065 0.7544787 0.8536676 0.7854169
 [61] 0.8423629 0.8215209 0.8680577 0.7988206 0.8289797 0.8216685 0.8812891 0.8578117 0.8575772 0.8639824 0.7758625 0.7981340
 [73] 0.8884416 0.8781721 0.8178762 0.8519337 0.9128679 0.8533356 0.8738232 0.8846921 0.8179517 0.8732157 0.7248012 0.8288961
 [85] 0.8444450 0.7058055 0.7373877 0.8189506 0.7625434 0.8725742 0.9024518 0.8294492 0.8370476 0.8057531 0.7919107 0.8392470
 [97] 0.8461642 0.8254825 0.8310251 0.8569168
> E1.dif[nleft,]
  [1] 0.003453884 0.002013236 0.002345552 0.002076165 0.002539364 0.002627898 0.002285733 0.002867368 0.002225154 0.002529224
 [11] 0.002511417 0.002074837 0.002713169 0.003410654 0.002554418 0.001737741 0.001677608 0.002235330 0.002207384 0.002391652
 [21] 0.003142554 0.002414748 0.002197417 0.001906663 0.002971876 0.003072597 0.003715219 0.002781033 0.003133496 0.002667357
 [31] 0.002616302 0.002874658 0.002883521 0.001680396 0.001715568 0.002090316 0.002733553 0.003274592 0.002966368 0.002222814
 [41] 0.002552790 0.002317043 0.002172727 0.003147986 0.002616048 0.002381644 0.002235299 0.001984586 0.003478458 0.001789997
 [51] 0.002358752 0.002313607 0.003183348 0.003034714 0.003180600 0.002005006 0.002922383 0.001828884 0.003437812 0.002949729
 [61] 0.002090068 0.001535626 0.002855257 0.003116086 0.001856714 0.001405298 0.001616439 0.003397984 0.003165848 0.002582025
 [71] 0.002649744 0.001433905 0.003080960 0.003860945 0.003037929 0.002244467 0.003037479 0.002682608 0.001818900 0.002451060
 [81] 0.002093226 0.002251965 0.001526691 0.002821398 0.003618786 0.002849171 0.001898310 0.002771497 0.002233039 0.002671297
 [91] 0.002654025 0.002138653 0.002312591 0.003715842 0.002341013 0.002029998 0.001817848 0.003195614 0.002251044 0.003073882
> E2.dif[nleft,]
  [1] 0.002340823 0.001463765 0.001812036 0.001572810 0.001788105 0.001590764 0.001537986 0.001903110 0.001533653 0.001618728
 [11] 0.001768393 0.001345176 0.001819379 0.002049580 0.001905964 0.001492157 0.001393847 0.001733345 0.001556655 0.001711929
 [21] 0.002172497 0.001629056 0.001687921 0.001370208 0.002018631 0.002052203 0.002286078 0.001799684 0.001962870 0.001665438
 [31] 0.001803646 0.001750228 0.001924983 0.001225476 0.001347658 0.001525565 0.001762751 0.002045753 0.002067474 0.001505869
 [41] 0.001875302 0.001652268 0.001396997 0.002109426 0.001692659 0.001630551 0.001404991 0.001448360 0.002143334 0.001226317
 [51] 0.001586257 0.001711000 0.001931121 0.001736336 0.001995051 0.001347497 0.001967376 0.001444153 0.002185410 0.001905661
 [61] 0.001536231 0.001216668 0.001803892 0.002241688 0.001424515 0.001117534 0.001139065 0.002130485 0.002056532 0.001786471
 [71] 0.001780883 0.001226511 0.001860934 0.002376434 0.002002485 0.001624941 0.001796946 0.001789263 0.001231543 0.001605626
 [81] 0.001529187 0.001462761 0.001317094 0.001882481 0.002465731 0.002169737 0.001594972 0.001879777 0.001839665 0.001779968
 [91] 0.001643808 0.001588311 0.001641559 0.002589801 0.001653549 0.001577746 0.001349596 0.002073982 0.001604976 0.002020735
> SUM.E1E2[nleft,]
  [1] 0.005794707 0.003477001 0.004157588 0.003648975 0.004327469 0.004218662 0.003823719 0.004770478 0.003758807 0.004147952
 [11] 0.004279810 0.003420013 0.004532548 0.005460234 0.004460382 0.003229898 0.003071455 0.003968675 0.003764039 0.004103581
 [21] 0.005315050 0.004043804 0.003885338 0.003276871 0.004990507 0.005124800 0.006001297 0.004580717 0.005096366 0.004332795
 [31] 0.004419949 0.004624886 0.004808503 0.002905871 0.003063225 0.003615881 0.004496303 0.005320345 0.005033842 0.003728683
 [41] 0.004428092 0.003969311 0.003569724 0.005257412 0.004308707 0.004012195 0.003640291 0.003432946 0.005621792 0.003016314
 [51] 0.003945009 0.004024607 0.005114468 0.004771050 0.005175651 0.003352503 0.004889759 0.003273037 0.005623222 0.004855390
 [61] 0.003626299 0.002752294 0.004659149 0.005357773 0.003281228 0.002522832 0.002755504 0.005528469 0.005222380 0.004368496
 [71] 0.004430627 0.002660416 0.004941894 0.006237379 0.005040415 0.003869409 0.004834425 0.004471872 0.003050444 0.004056686
 [81] 0.003622413 0.003714726 0.002843785 0.004703879 0.006084517 0.005018908 0.003493282 0.004651274 0.004072704 0.004451264
 [91] 0.004297833 0.003726964 0.003954151 0.006305643 0.003994562 0.003607744 0.003167444 0.005269596 0.003856020 0.005094617
> dim(M.COUNT.N)
[1]  46 100
> dim(E11)
[1]  46 100
> hit.iter <- apply(M.COUNT.N,1,mean)
> hit.iter
 [1] 0.51 0.36 0.41 0.48 0.49 0.54 0.55 0.55 0.52 0.52 0.53 0.51 0.57 0.56 0.58 0.64 0.61 0.59 0.60 0.63 0.59 0.64 0.59 0.62 0.65
[26] 0.64 0.65 0.64 0.66 0.65 0.67 0.67 0.67 0.67 0.66 0.68 0.66 0.68 0.66 0.68 0.67 0.70 0.68 0.67 0.68 0.69
> E11.iter <- apply(E11,1,mean)
> E12.iter <- apply(E12,1,mean)
> E22.iter <- apply(E22,1,mean)
> E21.iter <- apply(E21,1,mean)
> E1.dif.iter <- apply(E1.dif,1,mean)
> E2.dif.iter <- apply(E2.dif,1,mean)
> SUM.E1E2.iter <- apply(SUM.E1E2,1,mean)
> E11.iter
 [1] 0.9692469 0.9650913 0.9620208 0.9588789 0.9545447 0.9497575 0.9461344 0.9422003 0.9393837 0.9358050 0.9328941 0.9292107
[13] 0.9259864 0.9223419 0.9194007 0.9163990 0.9135733 0.9102408 0.9069186 0.9039011 0.9007058 0.8984395 0.8959289 0.8934557
[25] 0.8911612 0.8880413 0.8859142 0.8837626 0.8814992 0.8794987 0.8774338 0.8748282 0.8723192 0.8689198 0.8662454 0.8639700
[37] 0.8619438 0.8599398 0.8574448 0.8552843 0.8531241 0.8511974 0.8488772 0.8469885 0.8445707 0.8430729
> E12.iter
 [1] 0.9695220 0.9655040 0.9625226 0.9594373 0.9551441 0.9503894 0.9468061 0.9429226 0.9401538 0.9366154 0.9337581 0.9301324
[13] 0.9269603 0.9233851 0.9204898 0.9175396 0.9147918 0.9115216 0.9082541 0.9052799 0.9021290 0.8999347 0.8974936 0.8950702
[25] 0.8928441 0.8897542 0.8876717 0.8855710 0.8833646 0.8814068 0.8794110 0.8768517 0.8743799 0.8710075 0.8683792 0.8661492
[37] 0.8641770 0.8622056 0.8597350 0.8576159 0.8554865 0.8535935 0.8513124 0.8494378 0.8470628 0.8456091
> E22.iter
 [1] 0.9693692 0.9651230 0.9619643 0.9587311 0.9542263 0.9492571 0.9454659 0.9413505 0.9383580 0.9346151 0.9315213 0.9276327
[13] 0.9242054 0.9203048 0.9171684 0.9139664 0.9109367 0.9074106 0.9038708 0.9006520 0.8972264 0.8947624 0.8920365 0.8894084
[25] 0.8869527 0.8836347 0.8813522 0.8790373 0.8766232 0.8744616 0.8722410 0.8694412 0.8667761 0.8632025 0.8603485 0.8579365
[37] 0.8557632 0.8536052 0.8509604 0.8486227 0.8463218 0.8442560 0.8417983 0.8397983 0.8372203 0.8355919
> E21.iter
 [1] 0.9696304 0.9654661 0.9623515 0.9591506 0.9546752 0.9497311 0.9459715 0.9418927 0.9389333 0.9352200 0.9321639 0.9283130
[13] 0.9249233 0.9210680 0.9179666 0.9147988 0.9118169 0.9083292 0.9048246 0.9016375 0.8982436 0.8958235 0.8931394 0.8905428
[25] 0.8881287 0.8848346 0.8825805 0.8802987 0.8779186 0.8757862 0.8736049 0.8708365 0.8681979 0.8646436 0.8618199 0.8594337
[37] 0.8572933 0.8551607 0.8525324 0.8502235 0.8479430 0.8458990 0.8434667 0.8414764 0.8389243 0.8373253
> E1.dif.iter
 [1] 0.0002750809 0.0004126726 0.0005018143 0.0005584098 0.0005994419 0.0006319086 0.0006716890 0.0007222358 0.0007701216
[10] 0.0008104052 0.0008640604 0.0009216727 0.0009739168 0.0010431813 0.0010891277 0.0011406302 0.0012184864 0.0012808268
[19] 0.0013355066 0.0013788336 0.0014232184 0.0014951571 0.0015647138 0.0016145181 0.0016829048 0.0017128462 0.0017574789
[28] 0.0018083126 0.0018653168 0.0019080914 0.0019771936 0.0020234751 0.0020607221 0.0020876960 0.0021338154 0.0021791464
[37] 0.0022331547 0.0022658002 0.0022901898 0.0023316317 0.0023624274 0.0023961499 0.0024351954 0.0024492575 0.0024921068
[46] 0.0025361548
> E2.dif.iter
 [1] 0.0002612094 0.0003431024 0.0003871728 0.0004194751 0.0004488736 0.0004740288 0.0005055589 0.0005422316 0.0005753290
[10] 0.0006049299 0.0006426430 0.0006803260 0.0007178743 0.0007632315 0.0007981932 0.0008323532 0.0008801168 0.0009186608
[19] 0.0009538759 0.0009855330 0.0010171295 0.0010610938 0.0011028987 0.0011343805 0.0011759692 0.0011998385 0.0012283548
[28] 0.0012614157 0.0012954349 0.0013246318 0.0013638474 0.0013953074 0.0014217279 0.0014411291 0.0014714253 0.0014971667
[37] 0.0015300284 0.0015554748 0.0015720037 0.0016008363 0.0016212605 0.0016430190 0.0016684155 0.0016780985 0.0017040612
[46] 0.0017334634
> SUM.E1E2.iter
 [1] 0.0005362904 0.0007557750 0.0008889871 0.0009778849 0.0010483154 0.0011059374 0.0011772479 0.0012644673 0.0013454506
[10] 0.0014153351 0.0015067034 0.0016019987 0.0016917911 0.0018064128 0.0018873209 0.0019729834 0.0020986033 0.0021994875
[19] 0.0022893825 0.0023643667 0.0024403480 0.0025562509 0.0026676126 0.0027488986 0.0028588740 0.0029126847 0.0029858338
[28] 0.0030697283 0.0031607517 0.0032327231 0.0033410410 0.0034187826 0.0034824500 0.0035288251 0.0036052406 0.0036763132
[37] 0.0037631831 0.0038212750 0.0038621935 0.0039324680 0.0039836879 0.0040391689 0.0041036109 0.0041273560 0.0041961680
[46] 0.0042696182
> ###########################################################
> sel.iter <- c(1,2,3,4,5,6,16,26,36,nleft)
> hit.iter[sel.iter]
 [1] 0.51 0.36 0.41 0.48 0.49 0.54 0.64 0.64 0.68 0.69
> E11.iter[sel.iter]
 [1] 0.9692469 0.9650913 0.9620208 0.9588789 0.9545447 0.9497575 0.9163990 0.8880413 0.8639700 0.8430729
> E12.iter[sel.iter]
 [1] 0.9695220 0.9655040 0.9625226 0.9594373 0.9551441 0.9503894 0.9175396 0.8897542 0.8661492 0.8456091
> E22.iter[sel.iter]
 [1] 0.9693692 0.9651230 0.9619643 0.9587311 0.9542263 0.9492571 0.9139664 0.8836347 0.8579365 0.8355919
> E21.iter[sel.iter]
 [1] 0.9696304 0.9654661 0.9623515 0.9591506 0.9546752 0.9497311 0.9147988 0.8848346 0.8594337 0.8373253
> E1.dif.iter[sel.iter]
 [1] 0.0002750809 0.0004126726 0.0005018143 0.0005584098 0.0005994419 0.0006319086 0.0011406302 0.0017128462 0.0021791464
[10] 0.0025361548
> E2.dif.iter[sel.iter]
 [1] 0.0002612094 0.0003431024 0.0003871728 0.0004194751 0.0004488736 0.0004740288 0.0008323532 0.0011998385 0.0014971667
[10] 0.0017334634
> SUM.E1E2.iter[sel.iter]
 [1] 0.0005362904 0.0007557750 0.0008889871 0.0009778849 0.0010483154 0.0011059374 0.0019729834 0.0029126847 0.0036763132
[10] 0.0042696182
> round(E11.iter[sel.iter], digits = 4)
 [1] 0.9692 0.9651 0.9620 0.9589 0.9545 0.9498 0.9164 0.8880 0.8640 0.8431
> round(E12.iter[sel.iter], digits = 4)
 [1] 0.9695 0.9655 0.9625 0.9594 0.9551 0.9504 0.9175 0.8898 0.8661 0.8456
> round(E22.iter[sel.iter], digits = 4)
 [1] 0.9694 0.9651 0.9620 0.9587 0.9542 0.9493 0.9140 0.8836 0.8579 0.8356
> round(E21.iter[sel.iter], digits = 4)
 [1] 0.9696 0.9655 0.9624 0.9592 0.9547 0.9497 0.9148 0.8848 0.8594 0.8373
> round(E1.dif.iter[sel.iter], digits = 4)
 [1] 0.0003 0.0004 0.0005 0.0006 0.0006 0.0006 0.0011 0.0017 0.0022 0.0025
> round(E2.dif.iter[sel.iter], digits = 4)
 [1] 0.0003 0.0003 0.0004 0.0004 0.0004 0.0005 0.0008 0.0012 0.0015 0.0017
> round(SUM.E1E2.iter[sel.iter], digits = 4)
 [1] 0.0005 0.0008 0.0009 0.0010 0.0010 0.0011 0.0020 0.0029 0.0037 0.0043



dim(THETA1.EST)
[1]  46 100
> dim(THETA2.EST)
[1]  46 100
> THETA1.EST[,1:20]
            [,1]      [,2]      [,3]      [,4]      [,5]      [,6]      [,7]      [,8]      [,9]     [,10]     [,11]     [,12]
 [1,] 51.1969614 0.9747651 0.1551417 0.2297506 0.2216559 0.7733360 0.5714501 0.7092509 0.2733031 0.2786528 0.1418955 1.5931268
 [2,] 51.1933036 0.8083000 1.7024208 0.1502610 0.7894866 0.7143132 0.3648204 1.0427652 0.7165739 1.1026317 0.4255652 0.9443436
 [3,]  0.8269416 0.6528855 1.5666888 0.5531465 0.7286774 0.8197113 0.5914642 0.9995698 0.6664199 0.7465701 1.2152746 1.1216751
 [4,]  0.8019720 0.5618536 1.1687053 0.5914291 0.9405267 0.7395540 0.5808188 0.9490912 0.6489660 1.3632159 1.0816502 0.8115004
 [5,]  0.7487504 0.5178195 1.0797958 0.5276736 0.8451168 0.9765266 0.5741394 1.1165501 0.6003458 1.2485976 1.0025360 0.7176886
 [6,]  0.7954641 0.6345484 0.9971593 0.6407872 0.7812350 0.8960337 0.5984219 1.2122455 0.6018089 1.3571665 0.9119233 0.6917488
 [7,]  0.7262906 0.6038301 0.9867750 0.8737842 0.8319019 0.7897551 0.5674978 1.1120169 0.7132877 1.2460955 0.8388566 0.8906020
 [8,]  0.6689797 0.8985837 1.0831038 0.9069008 1.0362839 0.9427595 0.6701548 1.1864116 0.7070281 1.2325490 0.7916501 0.8303146
 [9,]  0.6986421 0.8115859 1.0707138 0.8681034 0.9861006 0.8717313 0.8182404 1.1294211 0.9372409 1.2205974 1.0072469 0.7888393
[10,]  0.6862823 0.8253464 1.1415455 0.8213504 0.9823116 1.0632096 0.7928330 1.0862509 0.9820186 1.1797403 1.2151697 0.8946207
[11,]  0.6723049 0.7763960 1.1460303 0.7908092 0.9368128 1.1000176 0.8600648 1.0106672 0.9540644 1.1502119 1.1365248 1.0882062
[12,]  0.6597812 0.8391231 1.1204571 0.8279949 1.0786197 1.0450941 0.8237271 1.0025647 0.9669485 1.3986553 1.1133935 1.0249009
[13,]  0.6647132 0.8020881 1.0504799 0.8056791 1.2068894 1.0819083 0.8575516 0.9943359 0.9373962 1.3744030 1.0470926 0.9778314
[14,]  0.7495700 0.7733806 1.1119717 0.7870516 1.2312541 1.0399034 0.9010366 0.9697148 0.9112128 1.3336558 1.0102368 0.9409249
[15,]  0.8183482 0.7506209 1.1362871 0.7684548 1.1850211 0.9935981 0.8947995 0.9739479 0.8861361 1.3329254 0.9886641 0.9167381
[16,]  0.7812106 0.7503038 1.1394807 0.7978724 1.1682827 0.9605389 1.0343501 0.9335121 0.9209754 1.2925139 0.9635002 0.9070341
[17,]  0.7513067 0.7850652 1.2138790 0.7954165 1.1435418 0.9792020 1.0653622 1.0501792 0.8767952 1.2475733 1.0024216 0.9332359
[18,]  0.7303464 0.7737344 1.1821158 0.9361931 1.2385774 0.9545832 1.0363743 1.1117155 0.8518159 1.2120029 0.9734366 0.9017235
[19,]  0.7261536 0.7741043 1.1538481 0.9498437 1.2097141 0.9736777 1.0331363 1.0732053 0.8463717 1.1827826 0.9506377 0.9063671
[20,]  0.7301931 0.7796168 1.1359470 0.9475831 1.2195468 1.0051822 1.0929134 1.0455409 0.8309185 1.1475388 1.0055185 0.9287861
[21,]  0.7102112 0.8732187 1.1339455 0.9595986 1.1911563 1.0331080 1.0646627 1.0207989 0.8335104 1.1323441 0.9820653 0.9008423
[22,]  0.6944946 0.9508505 1.1220333 0.9386976 1.1644286 0.9929982 1.0501716 0.9904446 0.8513822 1.1237794 0.9873763 0.8971516
[23,]  0.7142670 1.0679482 1.1050315 0.9645483 1.1366260 0.9819660 1.0271875 0.9707271 0.8715291 1.1206349 0.9738389 0.9371001
[24,]  0.7084129 1.0577973 1.0871851 0.9511289 1.1393622 0.9591543 1.0468072 0.9487155 0.8628910 1.1003392 0.9601707 0.9126987
[25,]  0.6992959 1.0426159 1.0678269 0.9338742 1.1198200 1.0190712 1.0285432 0.9525308 0.8505565 1.0771119 0.9462820 0.9043408
[26,]  0.6874085 1.0188836 1.0543447 0.9285929 1.1072765 0.9932246 1.0491766 0.9364515 0.8615429 1.0820732 0.9484433 0.9389128
[27,]  0.6793553 0.9973701 1.0391631 0.9480640 1.0943835 1.0436532 1.0498986 0.9197956 0.8484925 1.1040168 0.9337717 0.9219516
[28,]  0.6834052 0.9764414 1.0460024 0.9275183 1.1096340 1.0237925 1.0309663 0.9150857 0.8363612 1.0960296 0.9441830 0.9635649
[29,]  0.6815705 1.0201544 1.0268295 0.9802665 1.1072250 1.0275614 1.0151255 0.9430945 0.8433767 1.0845959 0.9279190 0.9465662
[30,]  0.6729558 1.0051241 1.0490397 0.9898991 1.0885437 1.0325326 1.0076043 0.9449104 0.8446371 1.0817417 0.9153317 0.9993079
[31,]  0.6746200 0.9944396 1.0336511 0.9783440 1.0858324 1.0108999 0.9983162 0.9319245 0.8349698 1.0711763 0.9059366 0.9845689
[32,]  0.7502227 0.9777816 1.0246408 0.9705499 1.1026661 1.0046945 0.9916854 0.9792056 0.8635761 1.0600743 0.8928487 0.9713588
[33,]  0.7480271 0.9654283 1.0215045 0.9599528 1.0836705 1.0309877 0.9820189 0.9634002 0.8667675 1.0476820 0.8820117 0.9647736
[34,]  0.7636507 0.9543017 1.0198834 0.9466611 1.0736830 1.0524615 0.9744052 0.9514170 0.8684439 1.0326694 0.9415677 0.9525065
[35,]  0.8849359 0.9746224 1.0427932 0.9401570 1.0795435 1.0514603 0.9638397 0.9495211 0.8858322 1.0477923 0.9932478 0.9405404
[36,]  0.8725399 0.9833936 1.0358505 0.9302196 1.0872830 1.0346293 0.9784399 0.9367143 0.9042941 1.0342973 0.9777690 0.9497370
[37,]  0.8557831 0.9631361 1.0260765 0.9149434 1.0776418 1.0584132 0.9907577 0.9433426 0.9173491 1.0359594 0.9884421 0.9362483
[38,]  0.8525208 0.9784376 1.0332649 0.9011684 1.0812543 1.0402197 0.9772003 0.9302031 0.9340266 1.0266865 1.0042517 0.9268568
[39,]  0.8422325 0.9715763 1.0438336 0.8950638 1.0718585 1.0260324 0.9689952 0.9980299 0.9331487 1.0248500 0.9887424 0.9616664
[40,]  0.8628722 0.9837634 1.0445651 0.8981556 1.0623674 1.0443956 0.9605757 0.9961766 0.9357349 1.0151431 1.0278783 0.9484518
[41,]  0.8710058 1.0280735 1.0799061 0.9004237 1.0565071 1.0286672 0.9614162 1.0112548 0.9404647 1.0032210 1.0936000 0.9372143
[42,]  0.8622682 1.0156279 1.0725433 0.8941810 1.0504402 1.0249967 0.9564600 0.9924779 0.9326097 0.9946362 1.0803811 0.9290405
[43,]  0.8543354 1.0185539 1.0621822 0.9000046 1.0885459 1.0305498 0.9753295 0.9827932 0.9230638 0.9917899 1.0664795 0.9341531
[44,]  0.8486119 1.0541659 1.0544951 0.8994446 1.1376417 1.0213880 0.9739232 0.9740264 0.9144976 0.9957130 1.0674670 0.9248434
[45,]  0.8369985 1.0465758 1.0522166 0.8960870 1.1210692 1.0147847 0.9861091 0.9673889 0.9047926 0.9877657 1.0577118 0.9140421
[46,]  0.8455001 1.0370433 1.0436657 0.8889975 1.1393419 1.0061794 0.9858618 0.9602194 0.9058124 0.9880593 1.0750463 0.9100010
          [,13]    [,14]     [,15]     [,16]     [,17]     [,18]     [,19]    [,20]
 [1,] 0.1134481 1.103607 0.7331491 0.2169047 0.8590069 0.2911394 0.4744931 3.936411
 [2,] 0.6374975 1.095761 0.7977161 0.1957432 0.7210004 0.4077225 0.8182684 3.526707
 [3,] 0.6995384 1.072546 0.6771473 0.4590829 0.6787579 0.5687224 0.9257820 2.393877
 [4,] 1.0211455 1.173951 0.6721840 0.3910551 0.6419852 0.7252993 0.7623940 1.887446
 [5,] 0.9929432 1.280950 0.6668165 0.4670894 0.5212425 0.6817015 0.7065058 1.593579
 [6,] 0.9497118 1.402286 0.6509406 0.9834583 0.6752437 0.9579671 0.6782800 1.447018
 [7,] 1.1430047 1.361975 0.6759893 0.8767077 0.6314585 1.1815779 0.7115769 1.291249
 [8,] 1.0929233 1.235216 0.7359567 1.1533268 0.6936431 1.1159650 0.6698906 1.251655
 [9,] 1.0168636 1.185704 0.8718415 1.0738281 0.6676293 1.0802403 0.7109481 1.312698
[10,] 1.0940488 1.184687 0.8309261 1.0183391 0.6921026 1.0306843 0.7695230 1.402321
[11,] 1.1372046 1.135911 0.8393360 1.0650990 0.7328213 1.0182164 0.8981548 1.433686
[12,] 1.0939453 1.270885 0.8456313 1.0661496 0.7723701 0.9930751 1.0309150 1.344238
[13,] 1.0868388 1.206776 0.8367254 1.0334862 0.9400565 0.9625921 0.9955410 1.352603
[14,] 1.0698165 1.160978 0.8225835 1.0203052 0.9024076 0.9728581 0.9533245 1.318575
[15,] 1.0240961 1.225639 0.8070856 0.9987121 0.9476487 0.9420769 0.9190349 1.273969
[16,] 1.0097764 1.211224 0.7791653 0.9773949 0.9335208 0.9491229 0.9490718 1.255282
[17,] 0.9959700 1.202223 0.8066622 0.9574132 1.0026094 0.9519195 1.0054444 1.238306
[18,] 1.0176067 1.250478 0.7771807 0.9541622 0.9621294 0.9519028 1.0116935 1.223925
[19,] 0.9949452 1.232169 0.7593308 0.9489406 0.9651905 0.9812367 1.0509040 1.240657
[20,] 1.0553324 1.212725 0.7870726 0.9422740 0.9576000 0.9676018 1.0232223 1.235978
[21,] 1.0884449 1.263438 0.8421762 0.9420595 0.9701061 0.9647501 1.0016549 1.217005
[22,] 1.0606824 1.254833 0.8160420 0.9387018 0.9575956 0.9539420 0.9719732 1.182193
[23,] 1.0475796 1.228784 0.9451904 0.9455607 0.9777357 0.9394167 0.9457185 1.254684
[24,] 1.0308555 1.206797 1.0038084 0.9284041 1.0105357 0.9251610 0.9681929 1.227663
[25,] 1.0057705 1.177562 1.0028882 0.9104912 1.0000930 0.9797742 0.9472250 1.207771
[26,] 0.9984714 1.156601 0.9853034 0.9041926 0.9887917 0.9544725 0.9511750 1.189464
[27,] 1.0188043 1.138889 0.9704031 0.9044343 0.9743118 0.9318347 0.9361333 1.179146
[28,] 1.0177073 1.117997 0.9514815 0.8911063 0.9610207 0.9252539 0.9335824 1.165832
[29,] 1.0579837 1.106870 0.9346181 0.9243230 0.9439060 0.9181785 0.9479587 1.142644
[30,] 1.0408721 1.090181 0.9216008 0.9142756 0.9383174 0.9034755 0.9360225 1.127211
[31,] 1.0330484 1.072868 0.9345310 0.8999496 0.9247782 0.9115377 0.9253235 1.124834
[32,] 1.0553956 1.056194 0.9554648 0.8868108 0.9521321 0.9182372 0.9716620 1.150916
[33,] 1.0533069 1.042361 0.9425633 0.8715521 0.9251458 0.9149905 0.9698366 1.137206
[34,] 1.0391470 1.035048 1.0012624 0.8667497 0.9219518 0.9110608 0.9522179 1.135585
[35,] 1.0420127 1.021631 0.9885259 0.8548728 0.9423931 0.9001127 0.9373567 1.117851
[36,] 1.0296362 1.015487 1.0289560 0.8405106 0.9233926 0.9037283 0.9595207 1.104598
[37,] 1.0227932 1.160609 1.0273441 0.8295334 0.9188182 0.8978236 0.9504996 1.099298
[38,] 1.0126206 1.162101 1.0218742 0.8189020 0.9161008 0.9121623 0.9412101 1.110025
[39,] 1.0089979 1.150443 1.0147903 0.8130563 0.9035716 0.8988440 0.9389732 1.096892
[40,] 1.0451146 1.154168 1.0117132 0.8348009 0.9078346 0.9073340 0.9459714 1.117090
[41,] 1.0318643 1.161528 1.0047474 0.8258983 0.8979632 0.9122418 0.9515094 1.099033
[42,] 1.0288055 1.163567 0.9972175 0.8144533 0.8872145 0.9184492 0.9408561 1.082570
[43,] 1.0199217 1.154113 1.0106587 0.8079074 0.8913851 0.9067068 0.9341820 1.066638
[44,] 1.0268839 1.160392 0.9981803 0.8049277 0.8857446 0.9048913 0.9340201 1.049479
[45,] 1.0138674 1.157948 0.9910246 0.8038764 0.9894004 0.8955085 0.9270051 1.034417
[46,] 1.0117050 1.148306 0.9845599 0.8386729 0.9749118 0.8976407 0.9217064 1.029855
> THETA1.EST[,21:40]
           [,1]      [,2]       [,3]      [,4]      [,5]      [,6]      [,7]      [,8]      [,9]     [,10]     [,11]     [,12]
 [1,] 0.4179837 1.4642789 54.3259910 0.9556427 0.3779299 0.1339936 0.4222048 0.8630173 0.3156997 0.7582712 0.9674103 0.7480910
 [2,] 0.4135270 1.0801243 54.3167977 1.1758291 0.7065120 0.2280108 0.9315084 0.8006271 0.7387317 0.5556433 0.6526323 1.0341887
 [3,] 0.5572514 0.9144192 57.3487127 0.9410883 0.7062682 0.6073483 0.8525720 0.7042859 0.6847828 0.7714148 0.5514012 1.0405307
 [4,] 0.5090965 1.4768693 57.3487127 1.4066836 0.6785356 1.0987558 0.7697324 0.6341298 0.6939174 0.6957257 0.6956254 0.9195302
 [5,] 0.5901745 1.2923192 51.1939001 1.3125055 0.6526047 1.0062830 0.7191561 0.9786318 0.6506995 0.6406909 0.7166531 0.8397786
 [6,] 0.5720508 1.1663178  1.2616940 1.3700946 0.7700526 0.9094617 1.0238351 0.8701189 0.7634752 0.6569710 0.6352659 0.7775619
 [7,] 0.5299630 1.1924110  1.2276050 1.3167147 0.8059478 0.9225846 1.0563815 0.8693134 0.8534485 0.8935034 0.7145420 0.7692216
 [8,] 0.5165591 1.2049433  1.2238495 1.2983770 1.0110220 0.8719691 1.0124698 0.8086163 0.8129862 1.0077799 0.6614917 0.8201465
 [9,] 0.5009425 1.1851124  1.2081311 1.3146695 0.9612718 0.8753196 1.3459172 0.7798422 0.7891617 0.9274135 0.7713314 0.8827601
[10,] 0.7864550 1.1072861  1.1760781 1.2715519 0.9980159 0.9142033 1.2746478 0.7631187 0.7612169 0.8916632 0.7281969 1.1348477
[11,] 0.7443404 1.0306064  1.1526268 1.2384416 0.9748856 1.0023737 1.3888715 0.7648616 0.7475811 0.9924466 0.7182549 1.1512904
[12,] 0.7533355 1.0473255  1.0959700 1.2263807 0.9518014 0.9881075 1.5038042 0.7746997 0.7775473 1.0642513 0.7125913 1.3219826
[13,] 0.8237652 1.0220832  1.0328651 1.2438659 0.9892752 0.9411133 1.4094104 0.7667403 0.7975892 1.0297994 0.7118242 1.2689406
[14,] 0.8190219 1.1151240  1.0812692 1.2404162 1.0404938 0.8976461 1.3769469 0.7551973 0.8083646 0.9941285 0.7338645 1.2329169
[15,] 0.8018243 1.0658974  1.0608530 1.2137796 1.0102104 0.9651749 1.3256449 0.7458622 0.8231359 1.0442089 0.7344774 1.1629463
[16,] 0.7723890 1.0191599  1.0567819 1.1844115 0.9865305 0.9745072 1.2875059 0.7599449 0.8949114 1.0134519 0.7210323 1.1314822
[17,] 0.7753811 1.0324771  1.0112060 1.1565577 1.0152621 0.9877290 1.2783058 0.7878894 0.8866253 1.0292323 0.7015540 1.1980983
[18,] 0.8095669 0.9875059  1.0020371 1.1387709 1.0166952 0.9963503 1.2264322 0.7968809 0.8766695 1.0030733 0.7223710 1.1563250
[19,] 0.8118644 1.0111145  1.0491377 1.1265016 1.0278301 1.0139504 1.2451281 0.7802692 0.8851275 1.0498562 0.7095396 1.1548667
[20,] 0.9014625 0.9770485  1.0156917 1.1328461 1.0164140 0.9939961 1.2256938 0.8491199 0.9167670 1.0594754 0.7062648 1.1329373
[21,] 0.8968335 0.9598667  0.9899846 1.1307937 1.2061551 0.9791688 1.2282803 0.8529546 0.9392737 1.0484582 0.6931364 1.1634809
[22,] 0.8864275 0.9944085  0.9756337 1.1523827 1.2464155 0.9640156 1.1816526 0.8539979 0.9301663 1.0296028 0.6964785 1.2339493
[23,] 0.8787767 1.0523034  0.9620440 1.1280959 1.2391763 0.9556348 1.1392178 0.8602849 0.9211162 1.1715418 0.7763413 1.1792309
[24,] 0.8821334 1.0219584  0.9510408 1.1135222 1.2186628 0.9458305 1.1109781 0.8353056 0.9103660 1.1776398 0.7450490 1.1499044
[25,] 0.8764346 1.0068700  0.9403654 1.1067887 1.1957730 0.9193739 1.1272944 0.8237328 0.9902076 1.1549501 0.7603475 1.2372006
[26,] 0.8877102 1.0685729  0.9558808 1.1589381 1.1704391 0.9200377 1.0923665 0.8351304 0.9717724 1.1486731 0.7551967 1.2647548
[27,] 0.8698880 1.0521216  0.9782065 1.1377598 1.1436471 0.9136101 1.1012833 0.8364890 0.9902427 1.1249538 0.8287557 1.2489750
[28,] 0.8618994 1.0703780  0.9640311 1.1425600 1.1533140 0.9275563 1.1033859 0.8390216 0.9757804 1.1059839 0.8457544 1.2533928
[29,] 0.8610015 1.2034080  0.9484493 1.1248986 1.1300690 0.9167217 1.1106332 1.0316327 0.9595216 1.0840853 0.8283381 1.2835985
[30,] 0.8570559 1.1893508  0.9464242 1.1184231 1.1130666 0.9249205 1.1060145 1.0201186 0.9612823 1.0748201 0.8156255 1.3143147
[31,] 0.8439774 1.2220588  0.9338565 1.1074624 1.1102102 0.9206276 1.0900061 0.9970985 0.9779533 1.0590274 0.8214804 1.3272283
[32,] 0.8610834 1.2033514  0.9487462 1.0963886 1.0965869 0.9023650 1.0762488 0.9830234 0.9734858 1.0498944 0.8123782 1.3109318
[33,] 0.8523693 1.2125977  0.9385258 1.1081264 1.1095204 0.8846616 1.0948731 0.9653992 0.9602199 1.0337087 0.8340071 1.2871766
[34,] 0.8620886 1.2092214  0.9323562 1.1569094 1.0931452 0.9015512 1.1384483 0.9969855 0.9693010 1.0561478 0.8386428 1.3102757
[35,] 0.8792815 1.2051122  0.9352182 1.1489558 1.0841594 0.9671567 1.1210343 0.9779614 0.9922831 1.0935069 0.8275676 1.2973444
[36,] 0.8622899 1.1815113  0.9207178 1.1569320 1.1116177 0.9515008 1.1022352 0.9641938 0.9871889 1.0945151 0.8461581 1.2829444
[37,] 0.8581309 1.1594567  0.9103446 1.1489936 1.1050126 0.9810595 1.0873303 0.9603803 0.9745131 1.1788044 0.8449750 1.2957777
[38,] 0.8438257 1.1423670  0.9020134 1.1727607 1.0926602 0.9837959 1.0836561 0.9492112 0.9699362 1.1629249 0.8326110 1.2752279
[39,] 0.8305835 1.1294088  0.9144726 1.1626161 1.0808800 0.9690775 1.0646783 0.9795123 0.9584063 1.1487452 0.8862350 1.2623099
[40,] 0.8622467 1.1291736  0.9187964 1.1490646 1.0786726 0.9689178 1.0543955 0.9656915 0.9716370 1.1412874 0.9172933 1.2424604
[41,] 0.8492935 1.1246093  0.9102072 1.1468069 1.0683186 0.9601912 1.0377017 1.0482295 0.9641503 1.1273743 0.9048384 1.2258087
[42,] 0.8405720 1.1112304  0.8995293 1.1326734 1.0698810 0.9671525 1.0371844 1.1104401 0.9854557 1.1146351 0.8939878 1.2132619
[43,] 0.8288579 1.1091911  0.8897302 1.1206900 1.0567966 0.9587999 1.0447734 1.1496815 0.9749073 1.1008678 0.8939156 1.1978212
[44,] 0.8183053 1.0999898  0.8916750 1.1168765 1.0470921 0.9533610 1.0366257 1.1624102 0.9708194 1.0977818 0.8827627 1.1840616
[45,] 0.8223687 1.0922263  0.8864878 1.1365246 1.0777049 0.9417684 1.0323302 1.1596950 0.9629463 1.1205427 0.9005668 1.1751153
[46,] 0.8189712 1.0887950  0.8758936 1.1401587 1.0660528 0.9719122 1.0347902 1.1699261 0.9623872 1.1078248 0.8903795 1.1846799
          [,13]     [,14]     [,15]      [,16]     [,17]     [,18]     [,19]    [,20]
 [1,] 1.3564763 0.5734850 0.2883722  7.0726986 0.4433593 0.7332548 0.2682740 2.387139
 [2,] 1.1920447 1.0911837 0.4548231 13.0162159 0.5432612 0.5662091 0.2766515 1.866165
 [3,] 1.1434625 0.9080323 1.1201275  4.2537836 0.4378301 0.6619137 0.3149375 1.315225
 [4,] 1.1092060 0.8304145 1.0971884  2.2003417 0.4801694 0.8814689 0.2816118 1.243637
 [5,] 1.1212219 0.9787262 1.0134547  1.7593302 1.1555323 0.8648859 0.2919799 1.101074
 [6,] 1.1491016 0.8682997 0.9550443  1.4269453 1.0706998 0.8274362 0.7104326 1.050988
 [7,] 1.2060651 0.9107459 0.9035091  1.2899773 1.0237012 0.7815360 0.7859154 1.193811
 [8,] 1.1304291 0.8496400 0.8658462  1.2067396 1.0096828 0.9444576 0.7819211 1.496730
 [9,] 1.0870363 0.8037823 0.8256108  1.1677335 0.9727133 0.9134804 0.7517680 1.392792
[10,] 1.1055834 0.8505690 0.8355829  1.1250612 1.1012714 0.8660778 0.8770486 1.380950
[11,] 1.0682196 0.8620323 0.8198170  1.0947516 1.1313175 0.9349366 0.8760729 1.363390
[12,] 1.1848728 0.8809080 0.9266344  1.0684088 1.1625456 0.8838751 1.0129050 1.277673
[13,] 1.1499119 0.8456015 0.8679674  1.1126744 1.0892784 0.8628705 0.9687698 1.214480
[14,] 1.1136141 0.9834698 0.8321955  1.0500578 1.1018211 0.8411352 0.9337098 1.178275
[15,] 1.0950475 0.9634352 0.8157837  1.0497437 1.0648673 0.8198759 0.9124194 1.148233
[16,] 1.1109300 0.9312731 0.8186334  1.0094341 1.1394750 0.7984320 0.9326289 1.167478
[17,] 1.2618748 0.9652905 0.8079577  0.9800703 1.1600011 0.8494449 0.9062874 1.146519
[18,] 1.2082558 0.9612356 0.7976167  0.9562688 1.1182629 1.0685109 0.8883921 1.116958
[19,] 1.1554247 0.9351226 0.7930820  0.9300618 1.0764189 1.0246073 0.8692624 1.101479
[20,] 1.1843276 0.9240718 0.7922649  0.9030835 1.0686708 1.0224292 0.8651272 1.105501
[21,] 1.1708869 0.9180481 0.7823018  0.8849580 1.0986123 0.9928435 0.8550523 1.102111
[22,] 1.1356629 0.9155246 0.7738629  0.8683966 1.0647163 0.9832674 0.9359466 1.087373
[23,] 1.1481901 0.9616107 0.7901141  0.8569184 1.0312005 1.0002329 0.9485567 1.056530
[24,] 1.1380441 0.9647171 0.7767127  0.8387737 1.1290997 1.0179628 0.9217643 1.099564
[25,] 1.1134267 0.9422656 0.7821257  0.8433011 1.1722686 1.1008438 0.9446353 1.087888
[26,] 1.0907114 0.9674316 0.8034392  0.8288194 1.1475752 1.0984588 0.9584166 1.143514
[27,] 1.0655905 0.9491780 0.7914426  0.8981424 1.1288734 1.0842301 0.9383005 1.143446
[28,] 1.0530641 0.9358612 0.7839471  0.8894389 1.1006864 1.1752402 0.9481299 1.114193
[29,] 1.0554010 0.9311176 0.7724998  0.8983750 1.1052007 1.1692921 0.9789791 1.106970
[30,] 1.0396612 0.9493574 0.7607114  0.9210010 1.0902883 1.2125135 0.9639371 1.096222
[31,] 1.0261236 0.9507609 0.7627866  0.9068884 1.0791504 1.2163748 0.9581002 1.081608
[32,] 1.0375549 0.9349156 0.7758199  0.8905024 1.0591095 1.2014649 0.9417766 1.075236
[33,] 1.0597239 0.9203692 0.7693166  0.8805132 1.0410969 1.1912286 0.9351415 1.063763
[34,] 1.0578824 0.9651474 0.7631532  0.8972778 1.0851820 1.2609503 0.9861763 1.165044
[35,] 1.0613266 0.9666031 0.7609895  0.9020248 1.1198946 1.2475775 0.9775088 1.152293
[36,] 1.0611823 0.9664865 0.7537967  0.9196641 1.1040341 1.2295914 1.0332426 1.181142
[37,] 1.0469166 0.9717743 0.7487291  0.9075825 1.0898716 1.2289411 1.0520854 1.160468
[38,] 1.0436018 0.9628339 0.7423336  0.8984661 1.0765850 1.2191833 1.0384393 1.159338
[39,] 1.0385542 0.9570762 0.7600018  0.8941467 1.0789591 1.2084528 1.0348624 1.144047
[40,] 1.0263273 0.9878856 0.7524889  0.8919903 1.0613930 1.2322400 1.0349835 1.132444
[41,] 1.0130079 0.9779963 0.7690110  0.8828974 1.0678386 1.2130835 1.0324410 1.114337
[42,] 1.0020205 1.0133724 0.7606594  0.8762310 1.0622233 1.2139912 1.0374188 1.105737
[43,] 1.0135771 1.0079098 0.7611323  0.8810960 1.0760117 1.1958557 1.0301356 1.089678
[44,] 0.9986925 1.0022387 0.7575951  0.9056585 1.0740506 1.1854208 1.0364592 1.101120
[45,] 0.9875455 1.0024550 0.7550074  0.8971029 1.0792049 1.1692648 1.1677205 1.130482
[46,] 0.9759651 0.9920729 0.7480620  0.9086509 1.0696029 1.1589772 1.1922249 1.121850
> THETA1.EST[,41:50]
           [,1]      [,2]      [,3]      [,4]      [,5]      [,6]      [,7]      [,8]     [,9]     [,10]
 [1,] 1.1334575 0.1589252 0.7929329 0.2980014 0.7598137 0.6476047 1.4954486 1.6813884 2.482085 0.5243434
 [2,] 0.9244136 1.1330131 0.8140514 0.2999546 0.4856417 1.0451280 1.2736719 1.1134531 1.982276 0.9634338
 [3,] 0.8327754 1.0908548 0.8229701 0.8146871 0.3864976 0.9492386 1.1678905 1.0767447 1.665715 0.7465056
 [4,] 0.7235873 1.2190242 0.8795880 1.1040537 0.4061688 0.9679725 1.0009999 1.6780614 1.375998 0.6068305
 [5,] 0.6718264 1.1641307 0.7994550 1.0694723 0.6869212 0.8960419 0.9348817 1.4226269 1.474441 0.7690455
 [6,] 0.6452616 1.1028157 1.3684367 1.1713510 0.7610554 1.0353248 0.9660559 1.2401262 1.482124 0.7203559
 [7,] 0.8669286 1.1294267 1.6799316 1.3621216 0.9553040 0.9892135 1.0281472 1.0230400 1.372704 0.7303558
 [8,] 0.8228374 1.1574766 1.7401845 1.2979899 0.8822533 1.0185106 0.9828551 0.9999711 1.290712 0.6994222
 [9,] 0.7940720 1.1299398 1.5791532 1.2161596 0.9267026 1.0260438 0.9550854 1.1371345 1.193567 0.6910064
[10,] 0.9368464 1.2147453 1.5098500 1.2068080 0.8859700 0.9643213 1.0091180 1.0002852 1.502705 0.9324913
[11,] 0.9093235 1.1247416 1.4845909 1.1807042 0.9560888 0.9694374 0.9881520 0.9576277 1.527005 0.9000039
[12,] 0.8988025 1.0942652 1.4488274 1.1270968 0.9227454 0.9236589 0.9623456 0.9665734 1.719171 0.8795326
[13,] 0.9015920 1.0890249 1.4011089 1.1212853 0.8861114 1.0793729 0.9454297 0.9162638 1.698049 0.8590879
[14,] 0.8936084 1.1731676 1.3428810 1.0818816 0.8505695 1.1079362 0.9298910 0.8619006 1.573070 0.8867940
[15,] 0.9030186 1.1051858 1.3204624 1.1686008 0.9265149 1.0750870 0.9086165 0.8864745 1.480855 0.8857807
[16,] 0.9357806 1.0490490 1.2886379 1.1522806 1.2215194 1.0020524 0.8897900 1.0211841 1.408245 0.8795316
[17,] 0.9705107 1.0516904 1.2473897 1.1243653 1.2155009 0.9982582 0.8760033 1.0119975 1.353373 0.8587851
[18,] 0.9440103 1.1364296 1.2194517 1.0903002 1.2188803 0.9675090 0.8678249 0.9945751 1.326710 0.9468920
[19,] 0.9522695 1.1406508 1.1846171 1.0799431 1.2157491 0.9373265 0.8724581 0.9720739 1.313759 1.0320424
[20,] 1.0314006 1.0924237 1.1502621 1.1071252 1.1857250 0.9300126 0.9409636 0.9633452 1.265888 1.0425231
[21,] 1.0716015 1.0578991 1.1301110 1.0773732 1.1694028 0.9129221 0.9371487 0.9601252 1.243979 1.0391731
[22,] 1.1334309 1.0452195 1.1103218 1.0649671 1.1789125 0.9007014 0.9283036 0.9447627 1.239097 1.0245831
[23,] 1.1129580 1.0303908 1.1168719 1.0874199 1.1546289 0.8960248 0.9435774 0.9377913 1.229854 1.0286386
[24,] 1.0854758 1.0649470 1.0989514 1.0643495 1.2082579 0.8860354 0.9481138 0.9174195 1.240255 1.0300687
[25,] 1.0819529 1.0377064 1.1108758 1.0765218 1.2206696 0.9209511 0.9494993 0.9107577 1.209010 1.0253181
[26,] 1.0667234 1.0432027 1.1032242 1.0677482 1.2297366 0.9129185 0.9493909 0.8873541 1.181516 1.0217658
[27,] 1.0580557 1.1213726 1.0925614 1.0641617 1.3168466 0.9148747 0.9814185 0.9082497 1.173618 1.0727254
[28,] 1.0526102 1.1109395 1.0853529 1.0918548 1.3377021 0.9013426 0.9842923 0.8945545 1.156229 1.0599115
[29,] 1.0618949 1.0899146 1.0672826 1.0958973 1.3795307 0.9115224 0.9930887 0.8824688 1.162915 1.0514641
[30,] 1.0490103 1.0729606 1.0527073 1.2029511 1.3561022 0.9194268 0.9880574 0.8790338 1.151820 1.0447598
[31,] 1.0444124 1.0542858 1.0373182 1.1804692 1.3319147 0.9161669 1.0409535 0.8711476 1.181362 1.0359445
[32,] 1.0707881 1.0347559 1.0438771 1.1804518 1.4095417 0.9110430 1.0425280 0.8727548 1.183082 1.0235638
[33,] 1.1421888 1.0167689 1.0515761 1.1614983 1.4248304 0.9022136 1.0464411 0.8775923 1.179903 1.0122639
[34,] 1.1163937 1.0073322 1.0546374 1.1506271 1.4073167 0.8928904 1.0356208 0.8684799 1.180080 1.0182529
[35,] 1.1114586 1.0472896 1.0464701 1.1319869 1.3851246 0.9199823 1.0343437 0.9398327 1.165203 1.0044928
[36,] 1.0695916 1.0502457 1.0482146 1.1180033 1.3614487 0.9063392 1.0271633 0.9282962 1.153342 0.9970473
[37,] 1.0649720 1.0383136 1.0334182 1.1014556 1.3388756 0.9563743 1.0269846 0.9150809 1.143474 1.0031251
[38,] 1.0820101 1.0374620 1.0195907 1.1374224 1.3184649 0.9443612 1.0212353 0.9005764 1.132008 0.9941826
[39,] 1.1229460 1.1395809 1.0097063 1.1064683 1.2978523 0.9379499 1.0575260 0.8945798 1.135826 0.9904828
[40,] 1.1040261 1.1247483 1.0203707 1.0914745 1.2837025 0.9275898 1.0533628 0.8854589 1.135851 0.9902207
[41,] 1.0996120 1.1205326 1.0223772 1.0857929 1.2785727 0.9499676 1.0456274 0.8796718 1.126850 0.9869187
[42,] 1.1301961 1.1032686 1.0111011 1.0815531 1.2884825 0.9394413 1.0348911 0.8721441 1.111311 0.9878355
[43,] 1.1303102 1.0808282 1.0272039 1.0721747 1.2899299 0.9398131 1.0369635 0.8672593 1.098331 0.9809332
[44,] 1.1451132 1.0718212 1.0159098 1.0819745 1.2738549 0.9311537 1.0263638 0.8685556 1.087386 0.9760892
[45,] 1.1587522 1.0621125 1.0213177 1.0701477 1.2655985 0.9732715 1.0264171 0.8767040 1.097955 0.9878635
[46,] 1.1435922 1.0781876 1.0101900 1.0623295 1.2509952 0.9646988 1.0231278 0.8686416 1.092204 0.9790203
> THETA2.EST[,1:20]
           [,1]      [,2]      [,3]      [,4]      [,5]      [,6]      [,7]      [,8]      [,9]     [,10]     [,11]     [,12]
 [1,] 1.4790362 1.1397545 0.2231302 0.2772553 0.2928047 0.9216680 0.6975569 0.8498131 0.3515623 0.3444243 0.2231302 1.7799924
 [2,] 1.3425403 0.8517074 1.8455611 0.2231302 1.1135490 0.7914436 0.5011844 1.1436413 1.0870280 1.4075034 0.4288413 1.0189052
 [3,] 1.0928158 0.7840017 1.5187777 0.8357578 1.0340315 1.0754683 0.8261425 1.2303633 0.9624729 0.9741591 1.4023676 1.3695933
 [4,] 1.0460835 0.7376431 1.2369782 0.8442213 1.2605027 1.0479300 0.8818676 1.1746866 0.8973858 1.7321982 1.3548085 1.0452131
 [5,] 0.9937398 0.7202688 1.2638363 0.7813550 1.1573468 1.1664863 0.9343082 1.2679372 0.9032128 1.5979477 1.2877339 0.9713734
 [6,] 1.0044296 0.7679607 1.2082114 0.7898061 1.1230420 1.1400344 0.9383896 1.4503394 0.8812957 1.6370491 1.2126440 0.9465811
 [7,] 0.9424992 0.7929668 1.1729538 1.1442525 1.2364373 1.0629507 0.9075188 1.3569800 0.9394413 1.5195812 1.1446713 1.0928191
 [8,] 0.8839271 1.0605354 1.3114301 1.1065257 1.3562881 1.1334483 0.9650303 1.3988604 0.9086839 1.4587652 1.1041714 1.0388236
 [9,] 0.9490661 1.0284776 1.3344466 1.0662924 1.2983169 1.0866701 1.0296151 1.3545452 1.2086466 1.4458442 1.2317396 1.0060658
[10,] 0.9834193 1.0119513 1.4625715 1.0253534 1.2907817 1.2371344 1.0373106 1.3226066 1.3098131 1.3946985 1.5049164 1.0763780
[11,] 0.9526970 0.9711757 1.4582654 1.0062853 1.2141423 1.3480261 1.0518754 1.2590404 1.2991725 1.3694067 1.4518459 1.3129264
[12,] 0.9413048 1.0720498 1.4386590 1.0767394 1.3964754 1.3202285 1.0293528 1.2516730 1.3104343 1.6536626 1.4554240 1.2124300
[13,] 0.9399217 1.0508032 1.3687606 1.0548490 1.5665098 1.3474285 1.0421652 1.2480635 1.2844858 1.6054836 1.3958436 1.1519162
[14,] 0.9920534 1.0362490 1.3958217 1.0569796 1.6139786 1.3175886 1.1232744 1.2177323 1.2592181 1.5694020 1.3667355 1.1411824
[15,] 1.0322322 1.0166501 1.4036518 1.0523583 1.5709913 1.2822363 1.1682145 1.2329047 1.2352652 1.5899084 1.3631294 1.1114350
[16,] 1.0005400 1.0129156 1.3587138 1.1139166 1.5669819 1.2558644 1.2404831 1.1997664 1.2466570 1.5240516 1.3374654 1.1110968
[17,] 0.9699857 1.0256805 1.4604287 1.1380856 1.5279967 1.2631459 1.3002107 1.3533241 1.2009047 1.4819166 1.3536785 1.1703802
[18,] 0.9490519 1.0283555 1.4385184 1.2355579 1.6187245 1.2451758 1.2729842 1.3388396 1.1788655 1.4472116 1.3250419 1.1403550
[19,] 0.9605895 1.0249081 1.4113280 1.2645272 1.5898665 1.2531946 1.2600547 1.2985398 1.1653156 1.4223107 1.2985578 1.1388653
[20,] 1.0084951 1.0244861 1.3978648 1.2833954 1.5890887 1.2651919 1.3418817 1.2680793 1.1473791 1.3921320 1.3284320 1.1342465
[21,] 0.9942068 1.0746658 1.3953816 1.2761771 1.5655294 1.2699189 1.3269960 1.2469095 1.1469114 1.3766920 1.3055028 1.1112826
[22,] 0.9820390 1.1265305 1.3869777 1.2590978 1.5428637 1.2361916 1.3389941 1.2199489 1.1529627 1.3620864 1.3089216 1.1207174
[23,] 0.9896100 1.3018979 1.3741425 1.2990252 1.5087933 1.2205577 1.3242718 1.2051892 1.1618487 1.3559466 1.3010965 1.1274880
[24,] 0.9945033 1.2743453 1.3605433 1.2786968 1.4977269 1.1944974 1.3677097 1.1847797 1.1548452 1.3374839 1.2812206 1.1050942
[25,] 0.9851260 1.2724383 1.3460737 1.2661470 1.4783611 1.2689424 1.3570642 1.1833668 1.1474673 1.3156650 1.2632149 1.1055418
[26,] 0.9753930 1.2634121 1.3267971 1.2598454 1.4696459 1.2529967 1.3562675 1.1674172 1.1476309 1.3182724 1.2535579 1.1288413
[27,] 0.9679933 1.2548659 1.3167932 1.2683118 1.4591175 1.2620880 1.3678190 1.1566045 1.1339076 1.3570843 1.2434517 1.1131938
[28,] 0.9684523 1.2383214 1.3291960 1.2464386 1.4696099 1.2567472 1.3543229 1.1598966 1.1260839 1.3431533 1.2486998 1.1761841
[29,] 0.9640323 1.3042837 1.3135362 1.2722675 1.4692082 1.2476697 1.3435400 1.1722272 1.1472725 1.3394333 1.2363490 1.1571972
[30,] 0.9540055 1.3017064 1.3588148 1.2730100 1.4510643 1.2400003 1.3412757 1.1849634 1.1379026 1.3451523 1.2263254 1.2412212
[31,] 0.9518387 1.2913520 1.3525508 1.2564890 1.4473953 1.2181366 1.3326305 1.1765127 1.1333211 1.3317257 1.2181521 1.2406650
[32,] 0.9999354 1.2816378 1.3516981 1.2534346 1.4557381 1.2153868 1.3274530 1.2209395 1.1477169 1.3202961 1.2053639 1.2225525
[33,] 0.9900377 1.2729715 1.3618843 1.2392663 1.4347294 1.2419090 1.3150938 1.2064805 1.1397736 1.3093128 1.1957765 1.2251934
[34,] 0.9970075 1.2669974 1.3516627 1.2301439 1.4253436 1.2489257 1.3083351 1.1927671 1.1395287 1.2942415 1.2377146 1.2091298
[35,] 1.0745737 1.2717931 1.3653796 1.2238572 1.4287186 1.2567478 1.2987297 1.2022034 1.1750478 1.3195847 1.3162950 1.2030720
[36,] 1.0628755 1.2706922 1.3592525 1.2149351 1.4345576 1.2383367 1.3047003 1.1908844 1.1816180 1.3091464 1.3064552 1.2077567
[37,] 1.0457724 1.2527309 1.3518216 1.2020482 1.4263829 1.2838533 1.3113401 1.1921395 1.1876042 1.3049064 1.3292756 1.1961623
[38,] 1.0511910 1.2570365 1.3569693 1.1890851 1.4292387 1.2679500 1.2995237 1.1803366 1.1972918 1.2985253 1.3295949 1.1921316
[39,] 1.0450312 1.2506932 1.3581635 1.1823968 1.4216331 1.2597681 1.2923262 1.2332789 1.2116313 1.3006603 1.3119846 1.2217923
[40,] 1.0743413 1.2568747 1.3551527 1.1824208 1.4134676 1.2673708 1.2860369 1.2461249 1.2070506 1.2892561 1.3766164 1.2137495
[41,] 1.0971448 1.2775376 1.4114925 1.1815164 1.4071853 1.2525445 1.2851032 1.2868560 1.2081785 1.2736331 1.4748713 1.2032931
[42,] 1.1002798 1.2680346 1.3975121 1.1758314 1.4012079 1.2456691 1.2843173 1.2660492 1.2050142 1.2689847 1.4575670 1.1933082
[43,] 1.0906016 1.2913876 1.3887729 1.1787243 1.4461359 1.2500918 1.3125567 1.2565899 1.1943179 1.2669178 1.4398648 1.2062814
[44,] 1.0765438 1.3587776 1.3836290 1.1758057 1.4684609 1.2391602 1.3027908 1.2489376 1.1862407 1.2710344 1.4319104 1.1959451
[45,] 1.0654642 1.3521253 1.3789382 1.1668550 1.4527209 1.2429911 1.3337177 1.2439205 1.1781380 1.2642492 1.4234819 1.1854114
[46,] 1.0850977 1.3453793 1.3723563 1.1608064 1.4754481 1.2379299 1.3414634 1.2380984 1.1861591 1.2607360 1.4344739 1.1826969
          [,13]    [,14]     [,15]     [,16]     [,17]     [,18]     [,19]    [,20]
 [1,] 0.2231302 1.276365 0.8779513 0.2669967 1.0149480 0.3857536 0.5808818 4.007600
 [2,] 0.6187724 1.218748 0.8887460 0.3552068 0.7715411 0.6119643 0.9811957 3.475988
 [3,] 0.8594277 1.305486 0.7321297 0.5259295 0.6743478 0.7121682 0.9779602 2.539251
 [4,] 1.3399451 1.509078 0.8562185 0.4346593 0.6183338 0.8550496 0.9420213 2.102691
 [5,] 1.2468526 1.562696 0.9395114 0.6763631 0.5924603 0.7329031 0.9900794 1.814060
 [6,] 1.2013100 1.651656 0.9167135 1.1654378 0.8014745 1.1834081 0.9592327 1.685434
 [7,] 1.3126512 1.567729 0.9229255 1.0359422 0.8212147 1.5219237 0.9808681 1.536119
 [8,] 1.2515767 1.447566 1.0559813 1.1850722 0.9339299 1.4528155 0.9409747 1.484975
 [9,] 1.1815071 1.437608 1.1357283 1.1255871 0.9440572 1.4121109 0.9848142 1.515646
[10,] 1.2832910 1.425336 1.0978286 1.0736607 0.9503048 1.3641656 1.0138968 1.612774
[11,] 1.3925668 1.376692 1.1415247 1.2261234 1.0346142 1.3516884 1.1072227 1.601080
[12,] 1.3564411 1.459062 1.1409279 1.2822272 1.0517373 1.3304094 1.3030940 1.509218
[13,] 1.3465346 1.392822 1.1327399 1.2547491 1.2504837 1.3099191 1.3120028 1.566097
[14,] 1.3285312 1.363890 1.1203490 1.2430636 1.2280152 1.2958604 1.2836664 1.555373
[15,] 1.2815890 1.404048 1.1113506 1.2297192 1.2492073 1.2700978 1.2557361 1.515708
[16,] 1.2659773 1.380353 1.0902967 1.2145021 1.2351821 1.2666598 1.2793194 1.485110
[17,] 1.2444772 1.381206 1.1133613 1.1995563 1.2841915 1.2610693 1.3104082 1.465985
[18,] 1.2525087 1.472355 1.0868989 1.1957240 1.2470521 1.2591911 1.3297721 1.447328
[19,] 1.2313751 1.472137 1.0673722 1.1871647 1.2434697 1.2742394 1.3834861 1.456653
[20,] 1.2676177 1.466505 1.0795330 1.1797992 1.2521148 1.2635895 1.3372137 1.452282
[21,] 1.2817314 1.497773 1.1469133 1.1785735 1.2563395 1.2605200 1.3039998 1.426527
[22,] 1.2603694 1.485321 1.1137081 1.1746551 1.2415960 1.2532166 1.2734449 1.394363
[23,] 1.2587245 1.462402 1.2971816 1.1787210 1.2451863 1.2428293 1.2494833 1.454028
[24,] 1.2427259 1.441885 1.3665964 1.1636883 1.3038191 1.2306087 1.2947562 1.441699
[25,] 1.2207949 1.414524 1.3929744 1.1500570 1.2780819 1.2573535 1.2786903 1.432240
[26,] 1.2193515 1.400159 1.3819455 1.1430720 1.2708210 1.2341378 1.2759107 1.421067
[27,] 1.2283334 1.389976 1.3664120 1.1403178 1.2613333 1.2162347 1.2636387 1.418501
[28,] 1.2233307 1.372946 1.3515650 1.1303617 1.2513242 1.2077341 1.2607786 1.409824
[29,] 1.2672404 1.358234 1.3355942 1.1505823 1.2371248 1.1996455 1.2571573 1.390658
[30,] 1.2606311 1.343862 1.3239077 1.1419534 1.2324156 1.1861923 1.2462949 1.377868
[31,] 1.2738452 1.330368 1.3180467 1.1313618 1.2213377 1.1899330 1.2383299 1.375009
[32,] 1.3044313 1.312865 1.3263104 1.1220931 1.2288433 1.1919858 1.2670499 1.392987
[33,] 1.3221666 1.301087 1.3110667 1.1080303 1.2048885 1.1885705 1.2611224 1.382668
[34,] 1.3077804 1.295422 1.3380041 1.1004214 1.2003924 1.1851393 1.2437748 1.380126
[35,] 1.3092344 1.284525 1.3281103 1.0911793 1.2108800 1.1765054 1.2311523 1.363539
[36,] 1.2980398 1.273696 1.3547900 1.0772488 1.1942777 1.1874548 1.2454449 1.352586
[37,] 1.2916987 1.441771 1.3593647 1.0685662 1.1900318 1.1737496 1.2393052 1.347274
[38,] 1.2833957 1.428688 1.3462308 1.0598936 1.1872831 1.1962062 1.2311950 1.352421
[39,] 1.2814624 1.416346 1.3397520 1.0559661 1.1775819 1.1841897 1.2282545 1.343114
[40,] 1.3065421 1.412748 1.3291347 1.0705093 1.1785036 1.2083389 1.2322148 1.385103
[41,] 1.2933227 1.417122 1.3232407 1.0586334 1.1698707 1.1975535 1.2270472 1.370773
[42,] 1.2988670 1.411595 1.3170359 1.0488167 1.1618012 1.2175568 1.2180186 1.353139
[43,] 1.2862150 1.406519 1.3262476 1.0466292 1.1617163 1.2075459 1.2092453 1.335192
[44,] 1.2964794 1.422680 1.3144578 1.0566730 1.1571652 1.2036462 1.2160821 1.318690
[45,] 1.2852409 1.427680 1.3083835 1.0868666 1.2166375 1.1952897 1.2059123 1.302767
[46,] 1.2932239 1.415875 1.3021275 1.1426720 1.2074016 1.1921669 1.1973826 1.294759
> THETA2.EST[,21:40]
           [,1]      [,2]      [,3]     [,4]      [,5]      [,6]      [,7]      [,8]      [,9]     [,10]     [,11]     [,12]
 [1,] 0.4814886 1.6494900 79.309320 1.119315 0.4493297 0.2231302 0.4999521 1.0196397 0.3911351 0.9052717 1.1318691 0.8941994
 [2,] 0.5753398 1.1123639 79.309320 1.274693 0.8501079 0.2584874 1.1295355 0.9042562 0.9210095 0.7261533 0.8422751 1.2477051
 [3,] 0.8263142 0.9384477 79.309320 1.059551 0.7577788 0.7948740 1.0183861 0.8852537 0.8434159 0.9279021 0.7253475 1.1554878
 [4,] 0.7943302 1.7315909 79.309320 1.670955 0.8558470 1.2458540 0.9412229 0.8542353 0.8904777 0.8914330 0.9587799 1.0357446
 [5,] 0.8331572 1.5867089  1.317854 1.568583 0.8005501 1.2661987 0.9037886 1.0521514 0.8323892 0.8493648 0.9611237 0.9798580
 [6,] 0.8161146 1.4741548  1.482994 1.690729 0.9930552 1.2043545 1.2744846 0.9776995 0.8886032 0.8416273 0.8650936 0.9321013
 [7,] 0.7831391 1.5600764  1.557989 1.639073 1.1035234 1.2050577 1.3749614 0.9610336 1.0310900 0.9713924 0.8935247 0.9137253
 [8,] 0.7701084 1.5587097  1.542949 1.624010 1.3774831 1.1648321 1.3619929 0.9162228 1.0382760 1.1317790 0.8422839 1.0331054
 [9,] 0.7542654 1.5294084  1.546943 1.614367 1.3258548 1.1633394 1.5546721 0.9182717 1.0726378 1.0629990 1.0017926 1.1622717
[10,] 0.9993659 1.4667290  1.551679 1.575458 1.3382855 1.1768308 1.5069993 0.8899108 1.0432115 1.0281033 0.9663204 1.4844046
[11,] 0.9549171 1.3907476  1.537288 1.545747 1.3182116 1.2102793 1.5740086 0.8921721 1.0091667 1.1240442 0.9522220 1.4896488
[12,] 0.9945556 1.3944647  1.462108 1.535532 1.3048215 1.1983987 1.6415462 0.9551126 1.0085601 1.2831297 0.9470572 1.5852378
[13,] 1.1099048 1.3840140  1.400582 1.564830 1.3204491 1.1507243 1.5680228 0.9305300 1.0120109 1.2698058 0.9404146 1.4705025
[14,] 1.0817647 1.4401865  1.420740 1.561256 1.3415792 1.1115341 1.5585617 0.9319832 1.0151465 1.2371552 0.9825097 1.4561846
[15,] 1.0749427 1.3997869  1.425722 1.543707 1.3320232 1.1499874 1.5039150 0.9142642 1.0531965 1.2585063 0.9991082 1.4021811
[16,] 1.0417951 1.3597080  1.385090 1.526810 1.3021915 1.1535883 1.4784538 0.9495893 1.1700331 1.2369767 1.0033731 1.3839969
[17,] 1.0376458 1.3658641  1.338724 1.505261 1.3405839 1.1884283 1.4808332 1.0212236 1.1921193 1.2429242 0.9862183 1.4298470
[18,] 1.1073761 1.3246317  1.326189 1.489654 1.3474599 1.2327620 1.4412224 1.0661338 1.1774486 1.2223789 1.0176992 1.3967654
[19,] 1.1075557 1.3356057  1.351471 1.479153 1.3529831 1.2907914 1.4631603 1.0473131 1.1799178 1.2484027 1.0067315 1.3888145
[20,] 1.1561143 1.3046544  1.318624 1.480764 1.3422238 1.2865067 1.4685782 1.0790333 1.1943051 1.2727388 1.0135747 1.3794582
[21,] 1.1520512 1.2808057  1.285834 1.465157 1.5081049 1.2622992 1.4274028 1.0797088 1.2067242 1.2499361 1.0026587 1.4242099
[22,] 1.1446881 1.3006365  1.273430 1.476309 1.5828154 1.2406813 1.3862851 1.0800060 1.1996688 1.2459880 0.9934944 1.4399433
[23,] 1.1364038 1.3553466  1.259203 1.454442 1.5982655 1.2333293 1.3468100 1.0795357 1.1946176 1.4097645 1.0386705 1.3853927
[24,] 1.1405457 1.3322383  1.248367 1.444145 1.5917929 1.2218093 1.3265876 1.0591421 1.1869013 1.3974796 1.0115741 1.3624878
[25,] 1.1349131 1.3123945  1.240295 1.418975 1.5704801 1.1982783 1.3326605 1.0488935 1.2430500 1.3751985 1.0161666 1.4836395
[26,] 1.1381028 1.3573028  1.248132 1.451540 1.5436868 1.1972066 1.3048618 1.0543357 1.2250466 1.3730243 1.0075540 1.4969767
[27,] 1.1211692 1.3462084  1.261121 1.430352 1.5196641 1.1870483 1.3327961 1.0543215 1.2516485 1.3596237 1.0495186 1.4971693
[28,] 1.1139051 1.3872971  1.252990 1.432279 1.5405883 1.1924827 1.3541285 1.0548646 1.2370710 1.3447701 1.0991805 1.4824645
[29,] 1.1117699 1.5541725  1.242310 1.417829 1.5189311 1.1823547 1.3434543 1.1807293 1.2208816 1.3260641 1.0870035 1.5199916
[30,] 1.1078427 1.5636531  1.240726 1.410235 1.5028098 1.1833392 1.3403318 1.1825347 1.2107555 1.3188006 1.0730976 1.5653391
[31,] 1.0971157 1.5601113  1.228788 1.401255 1.4947659 1.1712757 1.3281742 1.1715389 1.2101543 1.3060017 1.1083290 1.5981263
[32,] 1.1072999 1.5354766  1.237204 1.392932 1.4820391 1.1554979 1.3186835 1.1686852 1.2139787 1.2968762 1.0934181 1.5892966
[33,] 1.1004163 1.5217385  1.229352 1.397687 1.4890210 1.1388649 1.3342000 1.1524648 1.2064851 1.2825590 1.1031060 1.5703859
[34,] 1.1020726 1.5075359  1.221322 1.422024 1.4727809 1.1483258 1.3993213 1.2026488 1.2158214 1.2992445 1.1039727 1.5731260
[35,] 1.1116626 1.5140116  1.216603 1.413712 1.4609986 1.2117845 1.3985451 1.1902880 1.2370782 1.3187629 1.0894688 1.5583658
[36,] 1.0939917 1.4917979  1.204316 1.432174 1.4900019 1.2014399 1.3777899 1.1861149 1.2267628 1.3147283 1.1201344 1.5507862
[37,] 1.0881090 1.4701612  1.195946 1.417945 1.4837540 1.2494163 1.3613584 1.1776103 1.2140286 1.4135402 1.1142612 1.5542157
[38,] 1.0737803 1.4510435  1.187733 1.450525 1.4749184 1.2490193 1.3651195 1.1638831 1.2181291 1.4133276 1.1027433 1.5346561
[39,] 1.0589717 1.4414441  1.194365 1.436607 1.4658106 1.2325015 1.3472522 1.1806914 1.2063980 1.4074542 1.1357560 1.5252720
[40,] 1.1202537 1.4509675  1.196187 1.422359 1.4622156 1.2433139 1.3382817 1.1784282 1.2231310 1.3939892 1.1727545 1.5062913
[41,] 1.1101852 1.4437018  1.188523 1.416592 1.4531772 1.2363014 1.3233239 1.2663077 1.2138161 1.3796084 1.1635356 1.4927203
[42,] 1.0962098 1.4308259  1.179356 1.402274 1.4463432 1.2300969 1.3195493 1.3643855 1.2422270 1.3657188 1.1525517 1.4821015
[43,] 1.0846278 1.4302257  1.171366 1.390519 1.4329675 1.2189119 1.3346935 1.3800417 1.2371146 1.3527420 1.1453198 1.4701423
[44,] 1.0719318 1.4232935  1.170276 1.391597 1.4248333 1.2202543 1.3322263 1.4112640 1.2429387 1.3529921 1.1321438 1.4583259
[45,] 1.0853611 1.4176555  1.165147 1.426373 1.4445120 1.2084458 1.3344872 1.4167285 1.2406682 1.3673961 1.1392749 1.4524067
[46,] 1.0805011 1.4140342  1.155242 1.424510 1.4306218 1.2570226 1.3349115 1.4178910 1.2362766 1.3547302 1.1304372 1.4573179
         [,13]     [,14]     [,15]     [,16]     [,17]     [,18]     [,19]    [,20]
 [1,] 1.539252 0.7037454 0.3217169  6.786549 0.5718079 0.8772364 0.3349494 2.560375
 [2,] 1.241801 1.4984553 0.6402797 10.883318 0.6165217 0.6185933 0.4682891 2.018404
 [3,] 1.299636 1.2619184 1.3259541  3.845496 0.5673328 0.9048103 0.4268452 1.464401
 [4,] 1.345588 1.1395320 1.4072351  2.141975 0.6205749 1.2161665 0.4184655 1.389983
 [5,] 1.328964 1.2586372 1.3658058  1.805383 1.3430763 1.1902758 0.4147287 1.261851
 [6,] 1.425422 1.1378897 1.3106850  1.518262 1.3363977 1.1953747 0.9643018 1.202730
 [7,] 1.454414 1.0726487 1.2683790  1.413599 1.3417627 1.1534305 1.1737622 1.417555
 [8,] 1.401631 1.0283498 1.2377804  1.355810 1.3223204 1.2285666 1.1456957 1.786037
 [9,] 1.374699 0.9925228 1.1957549  1.298896 1.2932817 1.1982396 1.1056319 1.669163
[10,] 1.358473 1.0699545 1.1891186  1.274976 1.3638767 1.1497640 1.1765255 1.652732
[11,] 1.312111 1.0661867 1.1698845  1.285074 1.3763696 1.1744920 1.1659842 1.636235
[12,] 1.447052 1.1253251 1.2021551  1.245435 1.3894771 1.1291781 1.3533405 1.558516
[13,] 1.436034 1.1000391 1.1323677  1.333850 1.3218434 1.1232306 1.3220254 1.506966
[14,] 1.402014 1.2069890 1.0752671  1.280514 1.3371184 1.1071026 1.2900436 1.474842
[15,] 1.382831 1.2255973 1.0559489  1.268248 1.2995741 1.0912387 1.2685539 1.447817
[16,] 1.387995 1.1980200 1.0482471  1.229259 1.3373582 1.0785208 1.2708686 1.454087
[17,] 1.497995 1.2148879 1.0416628  1.207491 1.3815305 1.1581730 1.2485285 1.435211
[18,] 1.457698 1.2105793 1.0295423  1.183005 1.3427524 1.3032342 1.2268872 1.401164
[19,] 1.414753 1.1877546 1.0253635  1.161422 1.3022793 1.2692971 1.2040380 1.389853
[20,] 1.423893 1.1794988 1.0231911  1.136671 1.2950389 1.2934345 1.1991188 1.386842
[21,] 1.408128 1.1751812 1.0206912  1.121779 1.3030043 1.2665886 1.1899227 1.378235
[22,] 1.369551 1.1708454 1.0077133  1.104534 1.2820164 1.2570302 1.2383674 1.363899
[23,] 1.401824 1.1936785 1.0278013  1.104884 1.2466055 1.2816877 1.2430156 1.336161
[24,] 1.384105 1.1943465 1.0221602  1.092940 1.3636070 1.3147018 1.2201441 1.359905
[25,] 1.358477 1.1722710 1.0347892  1.097403 1.4505358 1.4197556 1.2274441 1.348185
[26,] 1.334406 1.2382550 1.0436438  1.084217 1.4268862 1.4353340 1.2250684 1.381742
[27,] 1.313831 1.2182067 1.0313845  1.171265 1.4186292 1.4318185 1.2098543 1.375460
[28,] 1.311151 1.2012754 1.0303888  1.176721 1.3898822 1.4838072 1.2131150 1.347729
[29,] 1.324896 1.1918374 1.0203246  1.210480 1.4035946 1.4677908 1.2305123 1.350499
[30,] 1.313585 1.2117156 1.0124234  1.213050 1.3810869 1.5167961 1.2232774 1.349647
[31,] 1.304950 1.2286754 1.0127799  1.196437 1.3625590 1.5367112 1.2248388 1.340911
[32,] 1.308561 1.2163685 1.0312617  1.181802 1.3473468 1.5191360 1.2126367 1.335334
[33,] 1.320163 1.2006973 1.0313241  1.171533 1.3274507 1.5113460 1.2015998 1.326952
[34,] 1.328555 1.2736162 1.0243701  1.178379 1.3449717 1.5509841 1.2265730 1.389842
[35,] 1.334338 1.2694161 1.0202461  1.179249 1.3886765 1.5396997 1.2195221 1.382279
[36,] 1.328711 1.2780353 1.0135756  1.213189 1.3781014 1.5261376 1.2635234 1.420394
[37,] 1.316193 1.2716182 1.0095722  1.202872 1.3655260 1.5264114 1.3112892 1.407252
[38,] 1.319319 1.2690191 1.0051706  1.195403 1.3548223 1.5226964 1.3099701 1.415625
[39,] 1.310172 1.2670012 1.0297891  1.191626 1.3554319 1.5167002 1.3115468 1.401233
[40,] 1.301879 1.3057205 1.0223391  1.186308 1.3383361 1.5587146 1.3110113 1.396163
[41,] 1.292981 1.2944069 1.0596551  1.179261 1.3374320 1.5408003 1.3085296 1.378919
[42,] 1.284481 1.3467929 1.0539720  1.172770 1.3380031 1.5350579 1.3111816 1.364914
[43,] 1.289963 1.3324953 1.0529857  1.175317 1.3638469 1.5177225 1.3060244 1.350786
[44,] 1.274672 1.3271972 1.0502514  1.188658 1.3685168 1.5093868 1.3087594 1.374379
[45,] 1.264581 1.3262041 1.0477368  1.182657 1.3636224 1.4944867 1.4586916 1.393373
[46,] 1.252790 1.3168744 1.0409199  1.189609 1.3545141 1.4846817 1.5225419 1.379831
> THETA2.EST[,41:50]
           [,1]      [,2]      [,3]      [,4]      [,5]      [,6]     [,7]     [,8]     [,9]     [,10]
 [1,] 1.3077362 0.2231302 0.9431664 0.3789454 0.9071038 0.7817236 1.681181 1.868661 2.651485 0.6420999
 [2,] 1.2485040 1.3361464 0.8937597 0.4582780 0.6130972 1.1595936 1.426993 1.244353 2.387563 1.3742939
 [3,] 1.1241775 1.4007505 0.8213873 1.0489605 0.5093153 1.1872241 1.273754 1.321659 2.022844 1.0691295
 [4,] 0.9989689 1.3903338 1.0959335 1.4795087 0.6292053 1.2923021 1.114765 1.749146 1.728956 0.8549058
 [5,] 0.9367939 1.3898934 1.0183444 1.4282192 0.8937591 1.2106486 1.039748 1.588058 1.781364 0.9443412
 [6,] 0.8912060 1.3899600 1.3609220 1.5027495 1.0601517 1.2670655 1.061876 1.475157 1.752827 0.8997175
 [7,] 1.2326774 1.3911001 1.7050151 1.7475945 1.1319011 1.2529181 1.260652 1.297495 1.598531 0.8932486
 [8,] 1.1861603 1.4071771 1.7369928 1.7077099 1.0669207 1.2408740 1.203141 1.253143 1.561779 0.8587475
 [9,] 1.1348517 1.4051681 1.5894710 1.6330066 1.0979488 1.2744780 1.194893 1.331168 1.459104 0.8528853
[10,] 1.3456594 1.4283431 1.5623824 1.6129669 1.0671499 1.2097369 1.212062 1.220731 1.696898 1.1314058
[11,] 1.3092679 1.3556176 1.5646148 1.6104813 1.1328750 1.2074236 1.189366 1.196479 1.773397 1.1177796
[12,] 1.2859588 1.3546514 1.5182888 1.5476046 1.0837246 1.1681848 1.164408 1.197869 1.905470 1.0984128
[13,] 1.2807334 1.3439084 1.4776251 1.5631523 1.0574990 1.3440986 1.155779 1.154083 1.912487 1.0785209
[14,] 1.2684309 1.3952485 1.4304208 1.5313439 1.0243651 1.3111161 1.157367 1.103302 1.795656 1.0935566
[15,] 1.2569057 1.3424448 1.4074526 1.6239346 1.1158253 1.2861163 1.139545 1.109274 1.687553 1.0914221
[16,] 1.3307362 1.2974534 1.3917281 1.6000564 1.3238566 1.2297186 1.127393 1.280984 1.620167 1.0783206
[17,] 1.3441072 1.2977221 1.3561967 1.5678994 1.3907476 1.2236191 1.117518 1.308045 1.557666 1.0576376
[18,] 1.3233859 1.3603317 1.3424845 1.5204157 1.3694260 1.2030711 1.108934 1.309709 1.548235 1.1739035
[19,] 1.3137376 1.3524120 1.3123006 1.5117707 1.3789116 1.1743694 1.108935 1.289465 1.523507 1.2204328
[20,] 1.3642900 1.3065085 1.2826279 1.5324302 1.3464850 1.1656879 1.144326 1.280888 1.476657 1.2683863
[21,] 1.3887708 1.2799436 1.2729595 1.5005639 1.3376378 1.1503529 1.151457 1.270847 1.465827 1.2557615
[22,] 1.4204658 1.2588598 1.2612801 1.4863957 1.3706868 1.1399689 1.156589 1.252652 1.477371 1.2442165
[23,] 1.4049851 1.2368184 1.2822983 1.4990905 1.3469361 1.1325773 1.191662 1.244799 1.482365 1.2365074
[24,] 1.3818499 1.2958802 1.2763849 1.4729260 1.3713451 1.1244174 1.221163 1.228040 1.471224 1.2451436
[25,] 1.3778555 1.2703023 1.3121505 1.4767735 1.3632389 1.1412494 1.208342 1.211592 1.444330 1.2514479
[26,] 1.3639706 1.2721501 1.3012523 1.4687061 1.3563438 1.1355426 1.218470 1.187021 1.424430 1.2574790
[27,] 1.3566279 1.3630865 1.2923263 1.4614605 1.4395400 1.1489020 1.238054 1.193641 1.423327 1.3238928
[28,] 1.3475896 1.3408996 1.2984677 1.4711928 1.5047661 1.1310419 1.258877 1.182173 1.413565 1.3176634
[29,] 1.3518820 1.3193269 1.2828188 1.4860740 1.5919123 1.1351797 1.257113 1.171186 1.413572 1.3084628
[30,] 1.3484321 1.3030151 1.2730558 1.6171368 1.5765526 1.1492758 1.247170 1.166959 1.415641 1.3111326
[31,] 1.3380413 1.2866784 1.2616382 1.5976379 1.5625042 1.1581708 1.272591 1.158028 1.425719 1.3106622
[32,] 1.3526698 1.2680361 1.2855247 1.5851141 1.6414332 1.1466383 1.271089 1.151675 1.437643 1.3020592
[33,] 1.4361924 1.2541736 1.3205755 1.5684902 1.6764978 1.1406828 1.276889 1.167943 1.449864 1.2919262
[34,] 1.4131538 1.2525583 1.3185784 1.5619267 1.6684434 1.1318919 1.270054 1.170461 1.443543 1.2947625
[35,] 1.3815674 1.3149630 1.3078054 1.5423236 1.6560116 1.1528866 1.265031 1.229259 1.435237 1.2808670
[36,] 1.3420778 1.3332641 1.3090060 1.5283217 1.6369580 1.1426100 1.255856 1.222873 1.428711 1.2746810
[37,] 1.3347621 1.3267950 1.2963686 1.5116831 1.6233638 1.2197447 1.255521 1.207295 1.426880 1.2790402
[38,] 1.3425335 1.3193744 1.2828858 1.5430629 1.6047090 1.2189917 1.247822 1.192022 1.421386 1.2723416
[39,] 1.3796129 1.3832836 1.2761034 1.5094080 1.5869354 1.2115025 1.284323 1.182149 1.418963 1.2706249
[40,] 1.3669303 1.3742405 1.2900524 1.4936202 1.5754121 1.2015266 1.284577 1.174991 1.418156 1.2694042
[41,] 1.3584246 1.3792541 1.2907203 1.4860536 1.5712657 1.2094344 1.287024 1.170434 1.415917 1.2638182
[42,] 1.4085679 1.3663233 1.2794221 1.4769062 1.5766847 1.1965472 1.274508 1.164487 1.401996 1.2637717
[43,] 1.4302424 1.3453030 1.2887991 1.4667758 1.5749694 1.1937995 1.282781 1.160172 1.387391 1.2564012
[44,] 1.4713580 1.3382502 1.2797055 1.4572708 1.5622568 1.1845629 1.272566 1.159101 1.378725 1.2526934
[45,] 1.4692100 1.3301880 1.2807151 1.4462199 1.5554438 1.2385768 1.280300 1.162968 1.384748 1.2708425
[46,] 1.4530422 1.3377493 1.2716811 1.4395584 1.5438332 1.2363005 1.275622 1.156866 1.379020 1.2639741
> mean(THETA1.EST[nleft,])
[1] 1.012128
> mean(THETA2.EST[nleft,])
[1] 1.303207
> min(THETA1.EST)
[1] 0.07082163
> min(THETA2.EST)
[1] 0.2231302
> max(THETA1.EST)
[1] 57.34871
> max(THETA2.EST)
[1] 79.30932
> max(THETA1.EST,THETA2.EST)
[1] 79.30932
> dim(MIN.EIG.K1H)
[1]  46 100
> dim(MIN.EIG.K2H)
[1]  46 100
> min(MIN.EIG.K1H)
[1] 1
> min(MIN.EIG.K2H)
[1] 1
> max(MIN.EIG.K1H)
[1] 2077.263
> max(MIN.EIG.K2H)
[1] 4839.939
> #---------------#---------------
> av.sd.iter <- apply(M.COUNT.N,1,function(x) sqrt((NRUN-1)/NRUN*var(x)))
> av.sd.iter
 [1] 0.4999000 0.4800000 0.4918333 0.4995998 0.4999000 0.4983974 0.4974937 0.4974937 0.4995998 0.4995998 0.4990992 0.4999000
[13] 0.4950758 0.4963869 0.4935585 0.4800000 0.4877499 0.4918333 0.4898979 0.4828043 0.4918333 0.4800000 0.4918333 0.4853864
[25] 0.4769696 0.4800000 0.4769696 0.4800000 0.4737088 0.4769696 0.4702127 0.4702127 0.4702127 0.4702127 0.4737088 0.4664762
[37] 0.4737088 0.4664762 0.4737088 0.4664762 0.4702127 0.4582576 0.4664762 0.4702127 0.4664762 0.4624932
> count2 <- c(1,2,3,4,5,6,16,26,36,46)
> av.sd.iter[count2]
 [1] 0.4999000 0.4800000 0.4918333 0.4995998 0.4999000 0.4983974 0.4800000 0.4800000 0.4664762 0.4624932
> round(av.sd.iter[count2],digits = 4)
 [1] 0.4999 0.4800 0.4918 0.4996 0.4999 0.4984 0.4800 0.4800 0.4665 0.4625
> 