dim(M.COUNT)
[1] 46 50
> M.COUNT.N <- 1-M.COUNT
> #-----------------------------
> M.COUNT.N[nleft,]
 [1] 1 1 1 1 1 0 1 0 1 1 1 1 1 1 1 1 1 1 1 1 0 1 1 1 1 1 1 1 0 0 1 1 1 0 0 1 1 1 1 0 0 1 1 1 1 1 1 1 1 1
> E11[nleft,]
 [1] 0.7865184 0.8252730 0.8516384 0.7353110 0.8608019 0.8993486 0.8805775 0.8491869 0.8399119 0.7880200 0.8532712 0.7957778
[13] 0.7942686 0.8713347 0.7592782 0.8729643 0.8760471 0.8681187 0.7629208 0.8555498 0.8623368 0.8913816 0.7910000 0.8343761
[25] 0.8169951 0.8836494 0.8543894 0.8755996 0.9271748 0.8919673 0.8880125 0.8764479 0.7647853 0.8628659 0.8631080 0.8692970
[37] 0.7838812 0.8061189 0.8915625 0.8824833 0.8242689 0.8348539 0.8508699 0.7162285 0.7472253 0.8254888 0.7711942 0.8770987
[49] 0.9055749 0.8357343
> E12[nleft,]
 [1] 0.7899723 0.8272863 0.8539839 0.7373872 0.8633413 0.9019765 0.8828632 0.8520543 0.8421370 0.7902553 0.8554786 0.7981694
[13] 0.7974112 0.8737494 0.7614756 0.8748709 0.8790190 0.8697991 0.7646364 0.8576401 0.8650704 0.8946562 0.7939664 0.8365989
[25] 0.8195479 0.8860082 0.8567030 0.8787830 0.9302095 0.8951479 0.8900175 0.8793703 0.7666142 0.8662639 0.8662738 0.8718790
[37] 0.7865309 0.8075528 0.8946435 0.8863442 0.8273068 0.8376752 0.8544887 0.7190777 0.7491236 0.8282603 0.7734272 0.8797700
[49] 0.9082290 0.8378730
> E22[nleft,]
 [1] 0.7740984 0.8164833 0.8443003 0.7224972 0.8538466 0.8944715 0.8750015 0.8420604 0.8334093 0.7785059 0.8462989 0.7862157
[13] 0.7842975 0.8649434 0.7472563 0.8672682 0.8692159 0.8628591 0.7517810 0.8486509 0.8560313 0.8853379 0.7824378 0.8272957
[25] 0.8086402 0.8781673 0.8472916 0.8694727 0.9231788 0.8859062 0.8838306 0.8697392 0.7530345 0.8556812 0.8555207 0.8621960
[37] 0.7740816 0.7969075 0.8865807 0.8757956 0.8158737 0.8270136 0.8419793 0.7036357 0.7357927 0.8170708 0.7607038 0.8707942
[49] 0.9008080 0.8278608
> E21[nleft,]
 [1] 0.7764392 0.8179470 0.8461124 0.7240700 0.8556347 0.8960622 0.8765395 0.8439636 0.8349429 0.7802392 0.8478555 0.7879276
[13] 0.7864700 0.8665725 0.7489443 0.8686384 0.8712346 0.8640846 0.7531287 0.8501765 0.8577940 0.8873836 0.7845052 0.8288016
[25] 0.8105155 0.8797535 0.8490026 0.8714038 0.9249151 0.8879013 0.8851781 0.8717065 0.7544787 0.8578117 0.8575772 0.8639824
[37] 0.7758625 0.7981340 0.8884416 0.8781721 0.8178762 0.8288961 0.8444450 0.7058055 0.7373877 0.8189506 0.7625434 0.8725742
[49] 0.9024518 0.8294492
> E1.dif[nleft,]
 [1] 0.003453884 0.002013236 0.002345552 0.002076165 0.002539364 0.002627898 0.002285733 0.002867368 0.002225154 0.002235330
[11] 0.002207384 0.002391652 0.003142554 0.002414748 0.002197417 0.001906663 0.002971876 0.001680396 0.001715568 0.002090316
[21] 0.002733553 0.003274592 0.002966368 0.002222814 0.002552790 0.002358752 0.002313607 0.003183348 0.003034714 0.003180600
[31] 0.002005006 0.002922383 0.001828884 0.003397984 0.003165848 0.002582025 0.002649744 0.001433905 0.003080960 0.003860945
[41] 0.003037929 0.002821398 0.003618786 0.002849171 0.001898310 0.002771497 0.002233039 0.002671297 0.002654025 0.002138653
> E2.dif[nleft,]
 [1] 0.002340823 0.001463765 0.001812036 0.001572810 0.001788105 0.001590764 0.001537986 0.001903110 0.001533653 0.001733345
[11] 0.001556655 0.001711929 0.002172497 0.001629056 0.001687921 0.001370208 0.002018631 0.001225476 0.001347658 0.001525565
[21] 0.001762751 0.002045753 0.002067474 0.001505869 0.001875302 0.001586257 0.001711000 0.001931121 0.001736336 0.001995051
[31] 0.001347497 0.001967376 0.001444153 0.002130485 0.002056532 0.001786471 0.001780883 0.001226511 0.001860934 0.002376434
[41] 0.002002485 0.001882481 0.002465731 0.002169737 0.001594972 0.001879777 0.001839665 0.001779968 0.001643808 0.001588311
> SUM.E1E2[nleft,]
 [1] 0.005794707 0.003477001 0.004157588 0.003648975 0.004327469 0.004218662 0.003823719 0.004770478 0.003758807 0.003968675
[11] 0.003764039 0.004103581 0.005315050 0.004043804 0.003885338 0.003276871 0.004990507 0.002905871 0.003063225 0.003615881
[21] 0.004496303 0.005320345 0.005033842 0.003728683 0.004428092 0.003945009 0.004024607 0.005114468 0.004771050 0.005175651
[31] 0.003352503 0.004889759 0.003273037 0.005528469 0.005222380 0.004368496 0.004430627 0.002660416 0.004941894 0.006237379
[41] 0.005040415 0.004703879 0.006084517 0.005018908 0.003493282 0.004651274 0.004072704 0.004451264 0.004297833 0.003726964
> dim(M.COUNT.N)
[1] 46 50
> dim(E11)
[1] 46 50
> hit.iter <- apply(M.COUNT.N,1,mean)
> hit.iter
 [1] 0.50 0.38 0.40 0.52 0.42 0.46 0.58 0.60 0.58 0.58 0.52 0.56 0.62 0.62 0.68 0.74 0.68 0.66 0.64 0.64 0.60 0.66 0.64 0.68 0.70
[26] 0.70 0.72 0.68 0.74 0.72 0.70 0.72 0.72 0.72 0.72 0.74 0.76 0.76 0.74 0.78 0.76 0.78 0.78 0.78 0.80 0.82
> E11.iter <- apply(E11,1,mean)
> E12.iter <- apply(E12,1,mean)
> E22.iter <- apply(E22,1,mean)
> E21.iter <- apply(E21,1,mean)
> E1.dif.iter <- apply(E1.dif,1,mean)
> E2.dif.iter <- apply(E2.dif,1,mean)
> SUM.E1E2.iter <- apply(SUM.E1E2,1,mean)
> E11.iter
 [1] 0.9692469 0.9659062 0.9629030 0.9593533 0.9549453 0.9504385 0.9475495 0.9433546 0.9402328 0.9366370 0.9332607 0.9295316
[13] 0.9263190 0.9222660 0.9192067 0.9165326 0.9138655 0.9103219 0.9074727 0.9052945 0.9021804 0.8998999 0.8977982 0.8955021
[25] 0.8931038 0.8904651 0.8879584 0.8859227 0.8830251 0.8807056 0.8785139 0.8756402 0.8728551 0.8689355 0.8655389 0.8619334
[37] 0.8588160 0.8560824 0.8530044 0.8503934 0.8482088 0.8462414 0.8440038 0.8422661 0.8399440 0.8386418
> E12.iter
 [1] 0.9695220 0.9663261 0.9634185 0.9599156 0.9555476 0.9510706 0.9482235 0.9440735 0.9410018 0.9374553 0.9341235 0.9304580
[13] 0.9272908 0.9233019 0.9202983 0.9176958 0.9151370 0.9116486 0.9088469 0.9067229 0.9036535 0.9014451 0.8994219 0.8971550
[25] 0.8948392 0.8922564 0.8897892 0.8878059 0.8849704 0.8826619 0.8805358 0.8777027 0.8749454 0.8710381 0.8676865 0.8641148
[37] 0.8610414 0.8583499 0.8552944 0.8527209 0.8505807 0.8486599 0.8464596 0.8447549 0.8424870 0.8412184
> E22.iter
 [1] 0.9693692 0.9659175 0.9628257 0.9591793 0.9546370 0.9499881 0.9469762 0.9425782 0.9392636 0.9354816 0.9318913 0.9279366
[13] 0.9245312 0.9201877 0.9169114 0.9140048 0.9111239 0.9073770 0.9043325 0.9019775 0.8986309 0.8961688 0.8938790 0.8914658
[25] 0.8888883 0.8860556 0.8833825 0.8812019 0.8781260 0.8756904 0.8733287 0.8702481 0.8672992 0.8631893 0.8595760 0.8558034
[37] 0.8525031 0.8495474 0.8462715 0.8434657 0.8411278 0.8389997 0.8366324 0.8347557 0.8322617 0.8308424
> E21.iter
 [1] 0.9696304 0.9662636 0.9632186 0.9596002 0.9550846 0.9504587 0.9474776 0.9431141 0.9398353 0.9360870 0.9325326 0.9286187
[13] 0.9252470 0.9209493 0.9177135 0.9148525 0.9120338 0.9083215 0.9053059 0.9029868 0.8996735 0.8972556 0.8950118 0.8926188
[25] 0.8900911 0.8872951 0.8846474 0.8824997 0.8794601 0.8770358 0.8747118 0.8716611 0.8687347 0.8646395 0.8610595 0.8573076
[37] 0.8540367 0.8511140 0.8478564 0.8450784 0.8427673 0.8406701 0.8383281 0.8364734 0.8340092 0.8326137
> E1.dif.iter
 [1] 0.0002750809 0.0004199080 0.0005155145 0.0005623223 0.0006022826 0.0006321492 0.0006740016 0.0007189062 0.0007689547
[10] 0.0008182538 0.0008627888 0.0009263405 0.0009718648 0.0010359911 0.0010915973 0.0011631622 0.0012715483 0.0013266845
[19] 0.0013742789 0.0014283990 0.0014731623 0.0015452455 0.0016237105 0.0016528886 0.0017354001 0.0017913737 0.0018307788
[28] 0.0018832201 0.0019452581 0.0019563311 0.0020218857 0.0020625614 0.0020902719 0.0021025858 0.0021475992 0.0021813868
[37] 0.0022254295 0.0022674582 0.0022899978 0.0023275686 0.0023719256 0.0024185145 0.0024557762 0.0024888198 0.0025430148
[46] 0.0025766237
> E2.dif.iter
 [1] 0.0002612094 0.0003460542 0.0003928956 0.0004208191 0.0004476128 0.0004705445 0.0005013934 0.0005358958 0.0005717506
[10] 0.0006053855 0.0006413282 0.0006821243 0.0007157642 0.0007616243 0.0008020651 0.0008477301 0.0009099199 0.0009445341
[19] 0.0009734440 0.0010092895 0.0010425784 0.0010867824 0.0011328120 0.0011529951 0.0012027766 0.0012394672 0.0012649209
[28] 0.0012978569 0.0013341067 0.0013453619 0.0013830461 0.0014130150 0.0014354212 0.0014501493 0.0014835221 0.0015041812
[37] 0.0015336226 0.0015665660 0.0015849416 0.0016127263 0.0016395007 0.0016704288 0.0016957035 0.0017177297 0.0017474606
[46] 0.0017712622
> SUM.E1E2.iter
 [1] 0.0005362904 0.0007659622 0.0009084101 0.0009831413 0.0010498954 0.0011026937 0.0011753950 0.0012548020 0.0013407053
[10] 0.0014236393 0.0015041170 0.0016084649 0.0016876290 0.0017976154 0.0018936624 0.0020108923 0.0021814682 0.0022712186
[19] 0.0023477229 0.0024376885 0.0025157407 0.0026320279 0.0027565225 0.0028058837 0.0029381768 0.0030308409 0.0030956996
[28] 0.0031810770 0.0032793647 0.0033016929 0.0034049318 0.0034755764 0.0035256930 0.0035527351 0.0036311213 0.0036855680
[37] 0.0037590520 0.0038340242 0.0038749394 0.0039402949 0.0040114263 0.0040889433 0.0041514797 0.0042065494 0.0042904754
[46] 0.0043478860
> sel.iter <- c(1,2,3,4,5,6,16,26,36,nleft)
> hit.iter[sel.iter]
 [1] 0.50 0.38 0.40 0.52 0.42 0.46 0.74 0.70 0.74 0.82
> E11.iter[sel.iter]
 [1] 0.9692469 0.9659062 0.9629030 0.9593533 0.9549453 0.9504385 0.9165326 0.8904651 0.8619334 0.8386418
> E12.iter[sel.iter]
 [1] 0.9695220 0.9663261 0.9634185 0.9599156 0.9555476 0.9510706 0.9176958 0.8922564 0.8641148 0.8412184
> E22.iter[sel.iter]
 [1] 0.9693692 0.9659175 0.9628257 0.9591793 0.9546370 0.9499881 0.9140048 0.8860556 0.8558034 0.8308424
> E21.iter[sel.iter]
 [1] 0.9696304 0.9662636 0.9632186 0.9596002 0.9550846 0.9504587 0.9148525 0.8872951 0.8573076 0.8326137
> E1.dif.iter[sel.iter]
 [1] 0.0002750809 0.0004199080 0.0005155145 0.0005623223 0.0006022826 0.0006321492 0.0011631622 0.0017913737 0.0021813868
[10] 0.0025766237
> E2.dif.iter[sel.iter]
 [1] 0.0002612094 0.0003460542 0.0003928956 0.0004208191 0.0004476128 0.0004705445 0.0008477301 0.0012394672 0.0015041812
[10] 0.0017712622
> SUM.E1E2.iter[sel.iter]
 [1] 0.0005362904 0.0007659622 0.0009084101 0.0009831413 0.0010498954 0.0011026937 0.0020108923 0.0030308409 0.0036855680
[10] 0.0043478860
> dim(THETA1.EST)
[1] 46 50
> dim(THETA2.EST)
[1] 46 50
> round(E11.iter[sel.iter])
 [1] 1 1 1 1 1 1 1 1 1 1
> round(E11.iter[sel.iter], digits = 4)
 [1] 0.9692 0.9659 0.9629 0.9594 0.9549 0.9504 0.9165 0.8905 0.8619 0.8386
> round(E11.iter[sel.iter], digits = 4)
 [1] 0.9692 0.9659 0.9629 0.9594 0.9549 0.9504 0.9165 0.8905 0.8619 0.8386
> round(E12.iter[sel.iter], digits = 4)
 [1] 0.9695 0.9663 0.9634 0.9599 0.9555 0.9511 0.9177 0.8923 0.8641 0.8412
> round(E22.iter[sel.iter], digits = 4)
 [1] 0.9694 0.9659 0.9628 0.9592 0.9546 0.9500 0.9140 0.8861 0.8558 0.8308
> round(E21.iter[sel.iter], digits = 4)
 [1] 0.9696 0.9663 0.9632 0.9596 0.9551 0.9505 0.9149 0.8873 0.8573 0.8326
> round(E1.dif.iter[sel.iter], digits = 4)
 [1] 0.0003 0.0004 0.0005 0.0006 0.0006 0.0006 0.0012 0.0018 0.0022 0.0026
> round(E2.dif.iter[sel.iter], digits = 4)
 [1] 0.0003 0.0003 0.0004 0.0004 0.0004 0.0005 0.0008 0.0012 0.0015 0.0018
> round(SUM.E1E2.iter[sel.iter], digits = 4)
 [1] 0.0005 0.0008 0.0009 0.0010 0.0010 0.0011 0.0020 0.0030 0.0037 0.0043
> dim(THETA1.EST)
[1] 46 50
> dim(THETA2.EST)
[1] 46 50
> THETA1.EST[,1:20]
            [,1]      [,2]      [,3]      [,4]      [,5]      [,6]      [,7]      [,8]      [,9]     [,10]     [,11]    [,12]
 [1,] 51.1969614 0.9747651 0.1551417 0.2297506 0.2216559 0.7733360 0.5714501 0.7092509 0.2733031 0.2911394 0.4744931 3.936411
 [2,] 51.1933036 0.8083000 1.7024208 0.1502610 0.7894866 0.7143132 0.3648204 1.0427652 0.7165739 0.4077225 0.8182684 3.526707
 [3,]  0.8269416 0.6528855 1.5666888 0.5531465 0.7286774 0.8197113 0.5914642 0.9995698 0.6664199 0.5687224 0.9257820 2.393877
 [4,]  0.8019720 0.5618536 1.1687053 0.5914291 0.9405267 0.7395540 0.5808188 0.9490912 0.6489660 0.7252993 0.7623940 1.887446
 [5,]  0.7487504 0.5178195 1.0797958 0.5276736 0.8451168 0.9765266 0.5741394 1.1165501 0.6003458 0.6817015 0.7065058 1.593579
 [6,]  0.7954641 0.6345484 0.9971593 0.6407872 0.7812350 0.8960337 0.5984219 1.2122455 0.6018089 0.9579671 0.6782800 1.447018
 [7,]  0.7262906 0.6038301 0.9867750 0.8737842 0.8319019 0.7897551 0.5674978 1.1120169 0.7132877 1.1815779 0.7115769 1.291249
 [8,]  0.6689797 0.8985837 1.0831038 0.9069008 1.0362839 0.9427595 0.6701548 1.1864116 0.7070281 1.1159650 0.6698906 1.251655
 [9,]  0.6986421 0.8115859 1.0707138 0.8681034 0.9861006 0.8717313 0.8182404 1.1294211 0.9372409 1.0802403 0.7109481 1.312698
[10,]  0.6862823 0.8253464 1.1415455 0.8213504 0.9823116 1.0632096 0.7928330 1.0862509 0.9820186 1.0306843 0.7695230 1.402321
[11,]  0.6723049 0.7763960 1.1460303 0.7908092 0.9368128 1.1000176 0.8600648 1.0106672 0.9540644 1.0182164 0.8981548 1.433686
[12,]  0.6597812 0.8391231 1.1204571 0.8279949 1.0786197 1.0450941 0.8237271 1.0025647 0.9669485 0.9930751 1.0309150 1.344238
[13,]  0.6647132 0.8020881 1.0504799 0.8056791 1.2068894 1.0819083 0.8575516 0.9943359 0.9373962 0.9625921 0.9955410 1.352603
[14,]  0.7495700 0.7733806 1.1119717 0.7870516 1.2312541 1.0399034 0.9010366 0.9697148 0.9112128 0.9728581 0.9533245 1.318575
[15,]  0.8183482 0.7506209 1.1362871 0.7684548 1.1850211 0.9935981 0.8947995 0.9739479 0.8861361 0.9420769 0.9190349 1.273969
[16,]  0.7812106 0.7503038 1.1394807 0.7978724 1.1682827 0.9605389 1.0343501 0.9335121 0.9209754 0.9491229 0.9490718 1.255282
[17,]  0.7513067 0.7850652 1.2138790 0.7954165 1.1435418 0.9792020 1.0653622 1.0501792 0.8767952 0.9519195 1.0054444 1.238306
[18,]  0.7303464 0.7737344 1.1821158 0.9361931 1.2385774 0.9545832 1.0363743 1.1117155 0.8518159 0.9519028 1.0116935 1.223925
[19,]  0.7261536 0.7741043 1.1538481 0.9498437 1.2097141 0.9736777 1.0331363 1.0732053 0.8463717 0.9812367 1.0509040 1.240657
[20,]  0.7301931 0.7796168 1.1359470 0.9475831 1.2195468 1.0051822 1.0929134 1.0455409 0.8309185 0.9676018 1.0232223 1.235978
[21,]  0.7102112 0.8732187 1.1339455 0.9595986 1.1911563 1.0331080 1.0646627 1.0207989 0.8335104 0.9647501 1.0016549 1.217005
[22,]  0.6944946 0.9508505 1.1220333 0.9386976 1.1644286 0.9929982 1.0501716 0.9904446 0.8513822 0.9539420 0.9719732 1.182193
[23,]  0.7142670 1.0679482 1.1050315 0.9645483 1.1366260 0.9819660 1.0271875 0.9707271 0.8715291 0.9394167 0.9457185 1.254684
[24,]  0.7084129 1.0577973 1.0871851 0.9511289 1.1393622 0.9591543 1.0468072 0.9487155 0.8628910 0.9251610 0.9681929 1.227663
[25,]  0.6992959 1.0426159 1.0678269 0.9338742 1.1198200 1.0190712 1.0285432 0.9525308 0.8505565 0.9797742 0.9472250 1.207771
[26,]  0.6874085 1.0188836 1.0543447 0.9285929 1.1072765 0.9932246 1.0491766 0.9364515 0.8615429 0.9544725 0.9511750 1.189464
[27,]  0.6793553 0.9973701 1.0391631 0.9480640 1.0943835 1.0436532 1.0498986 0.9197956 0.8484925 0.9318347 0.9361333 1.179146
[28,]  0.6834052 0.9764414 1.0460024 0.9275183 1.1096340 1.0237925 1.0309663 0.9150857 0.8363612 0.9252539 0.9335824 1.165832
[29,]  0.6815705 1.0201544 1.0268295 0.9802665 1.1072250 1.0275614 1.0151255 0.9430945 0.8433767 0.9181785 0.9479587 1.142644
[30,]  0.6729558 1.0051241 1.0490397 0.9898991 1.0885437 1.0325326 1.0076043 0.9449104 0.8446371 0.9034755 0.9360225 1.127211
[31,]  0.6746200 0.9944396 1.0336511 0.9783440 1.0858324 1.0108999 0.9983162 0.9319245 0.8349698 0.9115377 0.9253235 1.124834
[32,]  0.7502227 0.9777816 1.0246408 0.9705499 1.1026661 1.0046945 0.9916854 0.9792056 0.8635761 0.9182372 0.9716620 1.150916
[33,]  0.7480271 0.9654283 1.0215045 0.9599528 1.0836705 1.0309877 0.9820189 0.9634002 0.8667675 0.9149905 0.9698366 1.137206
[34,]  0.7636507 0.9543017 1.0198834 0.9466611 1.0736830 1.0524615 0.9744052 0.9514170 0.8684439 0.9110608 0.9522179 1.135585
[35,]  0.8849359 0.9746224 1.0427932 0.9401570 1.0795435 1.0514603 0.9638397 0.9495211 0.8858322 0.9001127 0.9373567 1.117851
[36,]  0.8725399 0.9833936 1.0358505 0.9302196 1.0872830 1.0346293 0.9784399 0.9367143 0.9042941 0.9037283 0.9595207 1.104598
[37,]  0.8557831 0.9631361 1.0260765 0.9149434 1.0776418 1.0584132 0.9907577 0.9433426 0.9173491 0.8978236 0.9504996 1.099298
[38,]  0.8525208 0.9784376 1.0332649 0.9011684 1.0812543 1.0402197 0.9772003 0.9302031 0.9340266 0.9121623 0.9412101 1.110025
[39,]  0.8422325 0.9715763 1.0438336 0.8950638 1.0718585 1.0260324 0.9689952 0.9980299 0.9331487 0.8988440 0.9389732 1.096892
[40,]  0.8628722 0.9837634 1.0445651 0.8981556 1.0623674 1.0443956 0.9605757 0.9961766 0.9357349 0.9073340 0.9459714 1.117090
[41,]  0.8710058 1.0280735 1.0799061 0.9004237 1.0565071 1.0286672 0.9614162 1.0112548 0.9404647 0.9122418 0.9515094 1.099033
[42,]  0.8622682 1.0156279 1.0725433 0.8941810 1.0504402 1.0249967 0.9564600 0.9924779 0.9326097 0.9184492 0.9408561 1.082570
[43,]  0.8543354 1.0185539 1.0621822 0.9000046 1.0885459 1.0305498 0.9753295 0.9827932 0.9230638 0.9067068 0.9341820 1.066638
[44,]  0.8486119 1.0541659 1.0544951 0.8994446 1.1376417 1.0213880 0.9739232 0.9740264 0.9144976 0.9048913 0.9340201 1.049479
[45,]  0.8369985 1.0465758 1.0522166 0.8960870 1.1210692 1.0147847 0.9861091 0.9673889 0.9047926 0.8955085 0.9270051 1.034417
[46,]  0.8455001 1.0370433 1.0436657 0.8889975 1.1393419 1.0061794 0.9858618 0.9602194 0.9058124 0.8976407 0.9217064 1.029855
          [,13]     [,14]      [,15]     [,16]     [,17]     [,18]     [,19]      [,20]
 [1,] 0.4179837 1.4642789 54.3259910 0.9556427 0.3779299 0.5734850 0.2883722  7.0726986
 [2,] 0.4135270 1.0801243 54.3167977 1.1758291 0.7065120 1.0911837 0.4548231 13.0162159
 [3,] 0.5572514 0.9144192 57.3487127 0.9410883 0.7062682 0.9080323 1.1201275  4.2537836
 [4,] 0.5090965 1.4768693 57.3487127 1.4066836 0.6785356 0.8304145 1.0971884  2.2003417
 [5,] 0.5901745 1.2923192 51.1939001 1.3125055 0.6526047 0.9787262 1.0134547  1.7593302
 [6,] 0.5720508 1.1663178  1.2616940 1.3700946 0.7700526 0.8682997 0.9550443  1.4269453
 [7,] 0.5299630 1.1924110  1.2276050 1.3167147 0.8059478 0.9107459 0.9035091  1.2899773
 [8,] 0.5165591 1.2049433  1.2238495 1.2983770 1.0110220 0.8496400 0.8658462  1.2067396
 [9,] 0.5009425 1.1851124  1.2081311 1.3146695 0.9612718 0.8037823 0.8256108  1.1677335
[10,] 0.7864550 1.1072861  1.1760781 1.2715519 0.9980159 0.8505690 0.8355829  1.1250612
[11,] 0.7443404 1.0306064  1.1526268 1.2384416 0.9748856 0.8620323 0.8198170  1.0947516
[12,] 0.7533355 1.0473255  1.0959700 1.2263807 0.9518014 0.8809080 0.9266344  1.0684088
[13,] 0.8237652 1.0220832  1.0328651 1.2438659 0.9892752 0.8456015 0.8679674  1.1126744
[14,] 0.8190219 1.1151240  1.0812692 1.2404162 1.0404938 0.9834698 0.8321955  1.0500578
[15,] 0.8018243 1.0658974  1.0608530 1.2137796 1.0102104 0.9634352 0.8157837  1.0497437
[16,] 0.7723890 1.0191599  1.0567819 1.1844115 0.9865305 0.9312731 0.8186334  1.0094341
[17,] 0.7753811 1.0324771  1.0112060 1.1565577 1.0152621 0.9652905 0.8079577  0.9800703
[18,] 0.8095669 0.9875059  1.0020371 1.1387709 1.0166952 0.9612356 0.7976167  0.9562688
[19,] 0.8118644 1.0111145  1.0491377 1.1265016 1.0278301 0.9351226 0.7930820  0.9300618
[20,] 0.9014625 0.9770485  1.0156917 1.1328461 1.0164140 0.9240718 0.7922649  0.9030835
[21,] 0.8968335 0.9598667  0.9899846 1.1307937 1.2061551 0.9180481 0.7823018  0.8849580
[22,] 0.8864275 0.9944085  0.9756337 1.1523827 1.2464155 0.9155246 0.7738629  0.8683966
[23,] 0.8787767 1.0523034  0.9620440 1.1280959 1.2391763 0.9616107 0.7901141  0.8569184
[24,] 0.8821334 1.0219584  0.9510408 1.1135222 1.2186628 0.9647171 0.7767127  0.8387737
[25,] 0.8764346 1.0068700  0.9403654 1.1067887 1.1957730 0.9422656 0.7821257  0.8433011
[26,] 0.8877102 1.0685729  0.9558808 1.1589381 1.1704391 0.9674316 0.8034392  0.8288194
[27,] 0.8698880 1.0521216  0.9782065 1.1377598 1.1436471 0.9491780 0.7914426  0.8981424
[28,] 0.8618994 1.0703780  0.9640311 1.1425600 1.1533140 0.9358612 0.7839471  0.8894389
[29,] 0.8610015 1.2034080  0.9484493 1.1248986 1.1300690 0.9311176 0.7724998  0.8983750
[30,] 0.8570559 1.1893508  0.9464242 1.1184231 1.1130666 0.9493574 0.7607114  0.9210010
[31,] 0.8439774 1.2220588  0.9338565 1.1074624 1.1102102 0.9507609 0.7627866  0.9068884
[32,] 0.8610834 1.2033514  0.9487462 1.0963886 1.0965869 0.9349156 0.7758199  0.8905024
[33,] 0.8523693 1.2125977  0.9385258 1.1081264 1.1095204 0.9203692 0.7693166  0.8805132
[34,] 0.8620886 1.2092214  0.9323562 1.1569094 1.0931452 0.9651474 0.7631532  0.8972778
[35,] 0.8792815 1.2051122  0.9352182 1.1489558 1.0841594 0.9666031 0.7609895  0.9020248
[36,] 0.8622899 1.1815113  0.9207178 1.1569320 1.1116177 0.9664865 0.7537967  0.9196641
[37,] 0.8581309 1.1594567  0.9103446 1.1489936 1.1050126 0.9717743 0.7487291  0.9075825
[38,] 0.8438257 1.1423670  0.9020134 1.1727607 1.0926602 0.9628339 0.7423336  0.8984661
[39,] 0.8305835 1.1294088  0.9144726 1.1626161 1.0808800 0.9570762 0.7600018  0.8941467
[40,] 0.8622467 1.1291736  0.9187964 1.1490646 1.0786726 0.9878856 0.7524889  0.8919903
[41,] 0.8492935 1.1246093  0.9102072 1.1468069 1.0683186 0.9779963 0.7690110  0.8828974
[42,] 0.8405720 1.1112304  0.8995293 1.1326734 1.0698810 1.0133724 0.7606594  0.8762310
[43,] 0.8288579 1.1091911  0.8897302 1.1206900 1.0567966 1.0079098 0.7611323  0.8810960
[44,] 0.8183053 1.0999898  0.8916750 1.1168765 1.0470921 1.0022387 0.7575951  0.9056585
[45,] 0.8223687 1.0922263  0.8864878 1.1365246 1.0777049 1.0024550 0.7550074  0.8971029
[46,] 0.8189712 1.0887950  0.8758936 1.1401587 1.0660528 0.9920729 0.7480620  0.9086509
> THETA1.EST[,21:40]
           [,1]      [,2]      [,3]     [,4]      [,5]      [,6]      [,7]      [,8]      [,9]     [,10]     [,11]     [,12]
 [1,] 0.4433593 0.7332548 0.2682740 2.387139 1.1334575 1.3382610 0.6960010 1.5436920 2.0071798 0.7409000 0.8397593 0.3275691
 [2,] 0.5432612 0.5662091 0.2766515 1.866165 0.9244136 0.9727217 0.4808776 0.9779132 1.1081724 0.4791560 0.7358778 0.4750892
 [3,] 0.4378301 0.6619137 0.3149375 1.315225 0.8327754 0.7718577 1.9490131 0.7255809 1.0587769 0.6974388 0.6562500 0.6939649
 [4,] 0.4801694 0.8814689 0.2816118 1.243637 0.7235873 0.6358367 1.3369686 0.5938746 1.1850209 0.6544592 0.9764302 0.6230257
 [5,] 1.1555323 0.8648859 0.2919799 1.101074 0.6718264 0.8780047 1.4492232 0.5982077 1.1336344 0.6219713 1.0033857 0.5960296
 [6,] 1.0706998 0.8274362 0.7104326 1.050988 0.6452616 0.8572493 1.5555170 0.5957471 1.0589945 0.5959914 0.9218619 0.5834229
 [7,] 1.0237012 0.7815360 0.7859154 1.193811 0.8669286 0.8419291 1.5132195 0.7537943 0.9966131 0.5823627 1.0228307 0.5516971
 [8,] 1.0096828 0.9444576 0.7819211 1.496730 0.8228374 0.8149565 1.4104534 0.7409847 0.9429475 0.5688448 0.9834816 0.5347096
 [9,] 0.9727133 0.9134804 0.7517680 1.392792 0.7940720 0.8229571 1.4763845 0.8050374 0.9060652 0.5435215 0.9330925 0.5515582
[10,] 1.1012714 0.8660778 0.8770486 1.380950 0.9368464 0.9191653 1.3908261 0.9645643 0.8755859 0.7519785 0.8887289 0.7318450
[11,] 1.1313175 0.9349366 0.8760729 1.363390 0.9093235 0.8937300 1.3067211 1.2285946 0.8733151 0.7392971 0.8665355 0.8871875
[12,] 1.1625456 0.8838751 1.0129050 1.277673 0.8988025 0.9024001 1.2610592 1.3554808 0.8960431 0.8218770 0.8598825 0.8585843
[13,] 1.0892784 0.8628705 0.9687698 1.214480 0.9015920 0.9010745 1.2032948 1.3509708 0.8715278 0.7980372 0.8405307 0.8542736
[14,] 1.1018211 0.8411352 0.9337098 1.178275 0.8936084 0.8748990 1.1600237 1.2806328 0.8545501 0.7562251 0.8901915 0.8385460
[15,] 1.0648673 0.8198759 0.9124194 1.148233 0.9030186 1.0263690 1.1348537 1.2306276 0.9017660 0.7212548 0.9511428 0.8197252
[16,] 1.1394750 0.7984320 0.9326289 1.167478 0.9357806 0.9851366 1.1054760 1.1735301 0.9473123 0.6943962 0.9872566 0.9096066
[17,] 1.1600011 0.8494449 0.9062874 1.146519 0.9705107 0.9429326 1.0849776 1.2143192 0.9619392 0.7591946 0.9834251 0.8907970
[18,] 1.1182629 1.0685109 0.8883921 1.116958 0.9440103 0.9287220 1.0528251 1.2987389 0.9495054 0.7730944 1.0292213 0.9459409
[19,] 1.0764189 1.0246073 0.8692624 1.101479 0.9522695 0.9367168 1.0909771 1.3360407 0.9712895 0.7708276 1.0092453 0.9611464
[20,] 1.0686708 1.0224292 0.8651272 1.105501 1.0314006 1.0578893 1.0678395 1.2887542 0.9493624 0.7466791 1.0067271 1.0151203
[21,] 1.0986123 0.9928435 0.8550523 1.102111 1.0716015 1.1983514 1.0675469 1.2623860 0.9344189 0.7262974 1.0108486 1.0346555
[22,] 1.0647163 0.9832674 0.9359466 1.087373 1.1334309 1.1698366 1.0447127 1.2263695 1.0026401 0.9014779 0.9975791 1.0066330
[23,] 1.0312005 1.0002329 0.9485567 1.056530 1.1129580 1.1791319 1.0469194 1.2950554 0.9875920 0.8793945 1.0392868 1.0079747
[24,] 1.1290997 1.0179628 0.9217643 1.099564 1.0854758 1.1685645 1.0246592 1.3067624 0.9764200 0.8849772 1.0479124 0.9841019
[25,] 1.1722686 1.1008438 0.9446353 1.087888 1.0819529 1.1610242 1.0021245 1.2840406 0.9957354 0.8698837 1.0245996 0.9693060
[26,] 1.1475752 1.0984588 0.9584166 1.143514 1.0667234 1.1732239 1.0138892 1.2521361 0.9806822 0.8642311 1.0065464 0.9612216
[27,] 1.1288734 1.0842301 0.9383005 1.143446 1.0580557 1.1542900 0.9966669 1.2887220 1.0052057 0.9035849 1.0189167 0.9496579
[28,] 1.1006864 1.1752402 0.9481299 1.114193 1.0526102 1.1842750 0.9837152 1.2570780 1.0357383 0.8890978 1.0074345 0.9533189
[29,] 1.1052007 1.1692921 0.9789791 1.106970 1.0618949 1.1686471 0.9891864 1.2294600 1.0756790 0.8847617 0.9855452 0.9453739
[30,] 1.0902883 1.2125135 0.9639371 1.096222 1.0490103 1.1533692 0.9731054 1.2232252 1.0645961 0.8737804 1.0453168 0.9503607
[31,] 1.0791504 1.2163748 0.9581002 1.081608 1.0444124 1.1440196 0.9583158 1.2059847 1.0582292 0.8665816 1.0341530 0.9503004
[32,] 1.0591095 1.2014649 0.9417766 1.075236 1.0707881 1.1510637 0.9519897 1.2095710 1.0440883 0.8638860 1.0224345 0.9584126
[33,] 1.0410969 1.1912286 0.9351415 1.063763 1.1421888 1.1443975 0.9398415 1.1853464 1.0284027 0.9099746 1.0343397 0.9529263
[34,] 1.0851820 1.2609503 0.9861763 1.165044 1.1163937 1.1552528 0.9611871 1.1639007 1.0192634 0.8994070 1.0563936 0.9700976
[35,] 1.1198946 1.2475775 0.9775088 1.152293 1.1114586 1.1908276 0.9877289 1.1428237 1.0216053 0.8875998 1.0380319 0.9539262
[36,] 1.1040341 1.2295914 1.0332426 1.181142 1.0695916 1.1793233 0.9795665 1.1304625 1.0172311 0.9506239 1.1345911 0.9794251
[37,] 1.0898716 1.2289411 1.0520854 1.160468 1.0649720 1.1634811 0.9970797 1.1226466 1.0038095 0.9563278 1.1311494 0.9935131
[38,] 1.0765850 1.2191833 1.0384393 1.159338 1.0820101 1.1527635 0.9823755 1.1389576 1.0007355 1.0018141 1.1338578 0.9886506
[39,] 1.0789591 1.2084528 1.0348624 1.144047 1.1229460 1.1442550 0.9736947 1.1215011 1.0010067 1.0285130 1.1235559 0.9752514
[40,] 1.0613930 1.2322400 1.0349835 1.132444 1.1040261 1.1398502 0.9869700 1.1130154 0.9883185 1.0168048 1.1083451 0.9672460
[41,] 1.0678386 1.2130835 1.0324410 1.114337 1.0996120 1.1362856 0.9949164 1.1308727 0.9904725 1.0073500 1.1388631 0.9776708
[42,] 1.0622233 1.2139912 1.0374188 1.105737 1.1301961 1.1430214 0.9832165 1.1436898 0.9984606 1.0043139 1.1415469 0.9725982
[43,] 1.0760117 1.1958557 1.0301356 1.089678 1.1303102 1.1545965 0.9734828 1.1382809 0.9969064 0.9944409 1.1335277 0.9784169
[44,] 1.0740506 1.1854208 1.0364592 1.101120 1.1451132 1.1948906 0.9704693 1.1713650 0.9880661 1.0512916 1.1184525 0.9950126
[45,] 1.0792049 1.1692648 1.1677205 1.130482 1.1587522 1.1871248 0.9660535 1.1620674 0.9769631 1.0501983 1.1288361 1.0127646
[46,] 1.0696029 1.1589772 1.1922249 1.121850 1.1435922 1.1844169 0.9573677 1.1520170 0.9679340 1.0431304 1.1228980 1.0075097
           [,13]     [,14]     [,15]     [,16]     [,17]     [,18]     [,19]     [,20]
 [1,] 54.3936918 0.2297737 0.4226644 0.5239635 1.1907235 0.6497729 0.1054677 0.9406233
 [2,]  1.4102517 0.9641536 0.5317154 0.4860401 0.7957427 0.9245854 0.3764161 1.0992861
 [3,]  1.1186495 1.1520449 0.4634278 0.5380155 0.7858946 0.8968624 0.9793264 1.2901051
 [4,]  1.0776921 1.2521085 0.5420384 0.5405774 0.8277182 0.8089626 0.9002287 1.1745240
 [5,]  0.9523548 1.1328255 0.5740524 0.4952036 0.7512133 0.7527240 0.7999173 1.0741590
 [6,]  0.8813552 1.0800677 0.6878719 0.5421557 0.7802197 0.7002102 0.7640527 1.1701566
 [7,]  0.8245785 1.1936035 0.7410301 0.6031622 0.9365318 0.7168119 0.7577547 1.2507990
 [8,]  0.9018617 1.1002945 0.8120073 0.7322044 0.9539208 0.7449930 0.7398286 1.2853546
 [9,]  0.8837384 1.1297391 0.8973948 0.7001157 0.8814905 0.7349437 0.7125380 1.4045162
[10,]  0.8556963 1.0921893 0.8650893 0.6771327 0.8253680 0.7065200 0.7911683 1.3781907
[11,]  0.8643983 1.0568963 0.9840845 0.9533329 0.8251925 0.6952048 0.7380311 1.4214092
[12,]  0.8807049 1.1085608 1.0322688 1.0051048 0.8241320 0.6735687 0.7587323 1.3716735
[13,]  0.8517420 1.0653020 0.9927440 1.0059841 0.7993187 0.6787398 0.7156607 1.3236797
[14,]  0.9022059 1.0303862 1.0751733 0.9743557 0.8231374 0.6608181 0.7734071 1.3521726
[15,]  0.8767429 0.9916897 1.1213548 0.9516653 0.7936385 0.9066758 0.7481399 1.4673961
[16,]  0.8384058 1.0364458 1.0640796 0.9520870 0.8000630 1.0497038 1.1014539 1.4095901
[17,]  0.8359357 1.0118319 1.0163690 0.9833568 0.7891465 1.0726591 1.0514688 1.3660040
[18,]  0.8149224 1.0792326 0.9990145 1.0034649 0.7618065 1.1098004 1.0162403 1.3626224
[19,]  0.8109330 1.0770442 1.0407746 0.9954832 0.7707681 1.1722796 1.0370870 1.3256641
[20,]  0.7895188 1.0431470 1.0194542 0.9780444 0.7524630 1.1389795 1.0130777 1.2948711
[21,]  0.7764966 1.0962524 0.9910786 0.9534779 0.7398953 1.1283028 0.9915727 1.2695853
[22,]  0.7625839 1.0729735 0.9641429 1.1274203 0.7645521 1.1011272 0.9744734 1.2429893
[23,]  0.7921691 1.0571110 1.1617360 1.1177325 0.7582086 1.1049994 0.9876594 1.2818146
[24,]  0.7894287 1.0419266 1.1629189 1.1052137 0.7677524 1.0749826 0.9614886 1.3006370
[25,]  0.7736843 1.0440104 1.1322688 1.1271202 0.7553335 1.0621478 0.9461581 1.4606925
[26,]  0.7665468 1.0211830 1.1519146 1.1390138 0.7560601 1.0559510 0.9313202 1.4691198
[27,]  0.7527938 1.0131392 1.1515383 1.1198749 0.7423009 1.0621790 0.9260352 1.4436459
[28,]  0.7784367 0.9947439 1.1210444 1.1269677 0.7565732 1.0428057 0.9129545 1.4142170
[29,]  0.7784393 0.9868313 1.1107846 1.1160870 0.7425489 1.0488042 0.8947676 1.4588965
[30,]  0.7615306 0.9836486 1.1103732 1.1066394 0.7334161 1.0345362 0.8803114 1.4451938
[31,]  0.7668553 0.9867372 1.1025824 1.0913425 0.7428995 1.0280866 0.8899600 1.4098751
[32,]  0.7581993 0.9754525 1.0899625 1.1078524 0.7294355 1.0198717 0.9426900 1.3890025
[33,]  0.7532928 0.9724802 1.0704712 1.1002501 0.7430364 1.0176644 0.9403685 1.3720527
[34,]  0.7506427 0.9882720 1.0576525 1.1051700 0.7560816 1.0066735 0.9335380 1.4124499
[35,]  0.7573475 0.9771993 1.0370611 1.1040434 0.7883556 1.0092151 0.9467682 1.3901909
[36,]  0.7893234 0.9639239 1.0247152 1.0946564 0.7806639 0.9994446 0.9629946 1.4093717
[37,]  0.7770402 0.9633821 1.0190014 1.0986806 0.7741362 0.9976146 0.9685862 1.3845297
[38,]  0.7697999 0.9571460 1.0055125 1.0916989 0.7689901 0.9881960 0.9534809 1.3615806
[39,]  0.7825192 0.9593029 1.0091203 1.0959266 0.7610829 0.9865672 0.9437867 1.3509779
[40,]  0.7992614 0.9584911 0.9975456 1.0957059 0.7521464 0.9812653 0.9375227 1.3271555
[41,]  0.7858860 0.9938689 1.0004819 1.0849251 0.7698330 0.9785603 0.9254334 1.3267519
[42,]  0.8280467 1.0335675 1.0201529 1.0797060 0.7586536 0.9692097 0.9638723 1.3137936
[43,]  0.8171672 1.0319367 1.0142139 1.0737213 0.7517589 0.9604689 0.9734066 1.3041631
[44,]  0.8174127 1.0305659 1.0032955 1.0654680 0.7683795 0.9682975 0.9671361 1.2859035
[45,]  0.8460836 1.0401797 1.0229481 1.0607656 0.7812103 0.9653065 0.9615584 1.2956468
[46,]  0.8423904 1.0378598 1.0113653 1.0545541 0.7883046 0.9552291 1.0076056 1.2837568
> THETA1.EST[,41:50]
           [,1]      [,2]     [,3]       [,4]      [,5]      [,6]      [,7]      [,8]     [,9]     [,10]
 [1,] 0.3404220 0.3149082 1.525178 57.3487127 1.3258437 0.6551935 0.7191662 0.9967653 2.435576 0.2183795
 [2,] 1.1696952 0.3785504 1.404637  1.2130081 0.9084916 0.4515587 0.8307537 0.4652634 1.099494 0.6528069
 [3,] 1.0658993 0.3366325 1.233178  0.9790793 0.8328796 0.7232899 0.7584085 0.6123847 1.009215 0.6029541
 [4,] 1.1497282 0.6253684 1.076605  1.2443739 0.7886561 0.8503840 0.6892977 0.7197972 1.053970 0.8112004
 [5,] 1.1787580 0.6396945 1.279894  1.1754954 0.7981382 0.9920184 0.8107668 0.6774201 1.147955 1.0740623
 [6,] 1.1145426 1.3633791 1.083096  1.0280382 0.7673635 0.8601660 0.8302498 0.9223651 1.103344 1.0178033
 [7,] 1.1067876 1.1727792 1.000951  1.0582719 0.8078671 0.7945142 0.8923268 0.8716677 1.090280 0.9794220
 [8,] 1.1205734 1.1819563 1.270245  0.9513670 1.0333075 0.8598286 1.2819205 0.8652471 1.224577 0.9119805
 [9,] 1.0551830 1.1714625 1.128845  0.9324513 1.0120529 0.8448455 1.6380536 0.8762891 1.165248 0.9764806
[10,] 1.0466931 1.1272098 1.094078  0.8800592 1.0319117 0.8046876 1.8748918 0.8969440 1.121023 1.0703364
[11,] 1.0921805 1.0895984 1.217583  0.8382971 1.0007610 0.7779010 1.7821042 0.9447692 1.079669 1.0626318
[12,] 1.0500150 1.3304235 1.181355  0.8176550 0.9849372 0.7601793 1.6525563 0.9165208 1.060068 1.0424624
[13,] 1.0821798 1.2878580 1.182366  0.7909611 0.9648411 0.7266334 1.8451972 0.9457369 1.115076 0.9983240
[14,] 1.0827689 1.2865876 1.150923  0.7531204 0.9728204 0.7103855 1.6805232 0.9260250 1.105419 0.9765225
[15,] 1.0559767 1.2556364 1.090755  0.7258123 0.9534392 0.7780193 1.6270118 0.9458568 1.098614 1.0140163
[16,] 1.0670224 1.2178974 1.111660  0.7075657 0.9363467 0.7750584 1.7395763 0.9420054 1.074878 0.9884511
[17,] 1.0481669 1.2106295 1.163307  0.7297704 0.9109258 0.8232195 1.6615317 0.9180220 1.112022 0.9611421
[18,] 1.0205754 1.1859378 1.189635  0.7131863 0.9004188 0.7974277 1.6286216 0.9287249 1.098503 0.9504191
[19,] 0.9901244 1.1538067 1.171553  0.7053643 0.8910000 0.7839446 1.5475299 0.9816423 1.106541 0.9344791
[20,] 0.9729816 1.1768304 1.141755  0.7004967 0.9065080 0.7644920 1.5039470 0.9584265 1.111137 0.9115225
[21,] 1.0089856 1.1379163 1.108205  0.7112956 0.8920514 0.7900154 1.5391061 0.9780278 1.087801 0.9265968
[22,] 0.9909470 1.1198600 1.092780  0.6862989 0.8786948 0.8255759 1.4967060 0.9604821 1.111825 0.9395067
[23,] 0.9963131 1.0790492 1.061699  0.7246237 0.9208843 0.8086482 1.4483544 0.9428329 1.112263 0.9193189
[24,] 1.0427200 1.0636960 1.068761  0.7315965 0.9026395 0.7973692 1.4111780 0.9436022 1.134539 0.8937743
[25,] 1.0235203 1.0354244 1.107364  0.7928097 0.9445697 0.7792890 1.3887774 0.9705749 1.125081 0.9083317
[26,] 1.0960971 1.0374578 1.091713  0.7715712 0.9517441 0.8179237 1.3563586 0.9555152 1.112094 0.9123114
[27,] 1.0849314 1.0733516 1.074266  0.8496973 0.9564670 0.8457327 1.3579394 0.9762995 1.102632 0.9012220
[28,] 1.0680570 1.0556385 1.075570  0.8497565 0.9408890 0.8527953 1.3374731 0.9967205 1.092455 0.9917456
[29,] 1.0541888 1.0364842 1.065783  0.8343217 0.9437108 0.8341933 1.3274463 1.0062818 1.089116 0.9729873
[30,] 1.0432066 1.0303692 1.060509  0.8194481 0.9310652 0.8288526 1.3581421 0.9929195 1.081930 0.9727629
[31,] 1.0334349 1.0171089 1.049281  0.8087195 0.9175187 0.8181091 1.3235680 1.0140738 1.098979 0.9731767
[32,] 1.0239724 1.0212482 1.042583  0.8008631 0.9091167 0.8091465 1.3062137 1.0455176 1.178165 0.9902195
[33,] 1.0162890 1.0173094 1.040750  0.7896471 0.9140206 0.8023972 1.2873478 1.0345822 1.173717 1.0026104
[34,] 1.0258215 1.0284933 1.081106  0.7845479 0.9115369 0.8004195 1.2599224 1.0420212 1.164356 0.9855104
[35,] 1.0139576 1.0335581 1.071722  0.7724974 0.9146683 0.7967378 1.2375209 1.0347695 1.157545 0.9806158
[36,] 1.0276499 1.0442705 1.069703  0.7941453 0.9039122 0.7897849 1.2355959 1.0278173 1.159354 0.9861204
[37,] 1.0172035 1.0488264 1.079154  0.7941564 0.9042322 0.7872432 1.2113047 1.0223490 1.144467 0.9810213
[38,] 1.0676622 1.0397147 1.079535  0.7860035 0.8977285 0.8709996 1.1893804 1.0140161 1.140597 0.9659801
[39,] 1.0659979 1.0381915 1.101079  0.8443259 0.8883705 0.8572718 1.1914501 1.0032011 1.129250 0.9572000
[40,] 1.0584706 1.0298079 1.086565  0.8355033 0.8885161 0.8711212 1.2059589 0.9945491 1.120178 0.9937741
[41,] 1.0462182 1.0205873 1.076761  0.8552267 0.8816607 0.9366121 1.2113729 0.9867415 1.109252 1.0250991
[42,] 1.0891467 1.0944570 1.073098  0.8476571 0.8751909 0.9220314 1.2339710 0.9864374 1.098223 1.0478843
[43,] 1.1200107 1.0844937 1.062095  0.8390928 0.8630452 0.9404579 1.2189978 0.9864190 1.085727 1.0632896
[44,] 1.1229944 1.0750073 1.063803  0.9087237 0.8569845 0.9964035 1.2192604 0.9774347 1.076443 1.0765244
[45,] 1.1100768 1.0677461 1.051954  0.8777810 0.8556594 0.9816995 1.2101052 0.9695637 1.071734 1.1113703
[46,] 1.1191970 1.0577073 1.054200  0.8806797 0.8478438 0.9699773 1.1986089 0.9939928 1.068412 1.1039442
> THETA2.EST[,1:20]
           [,1]      [,2]      [,3]      [,4]      [,5]      [,6]      [,7]      [,8]      [,9]     [,10]     [,11]    [,12]
 [1,] 1.4790362 1.1397545 0.2231302 0.2772553 0.2928047 0.9216680 0.6975569 0.8498131 0.3515623 0.3857536 0.5808818 4.007600
 [2,] 1.3425403 0.8517074 1.8455611 0.2231302 1.1135490 0.7914436 0.5011844 1.1436413 1.0870280 0.6119643 0.9811957 3.475988
 [3,] 1.0928158 0.7840017 1.5187777 0.8357578 1.0340315 1.0754683 0.8261425 1.2303633 0.9624729 0.7121682 0.9779602 2.539251
 [4,] 1.0460835 0.7376431 1.2369782 0.8442213 1.2605027 1.0479300 0.8818676 1.1746866 0.8973858 0.8550496 0.9420213 2.102691
 [5,] 0.9937398 0.7202688 1.2638363 0.7813550 1.1573468 1.1664863 0.9343082 1.2679372 0.9032128 0.7329031 0.9900794 1.814060
 [6,] 1.0044296 0.7679607 1.2082114 0.7898061 1.1230420 1.1400344 0.9383896 1.4503394 0.8812957 1.1834081 0.9592327 1.685434
 [7,] 0.9424992 0.7929668 1.1729538 1.1442525 1.2364373 1.0629507 0.9075188 1.3569800 0.9394413 1.5219237 0.9808681 1.536119
 [8,] 0.8839271 1.0605354 1.3114301 1.1065257 1.3562881 1.1334483 0.9650303 1.3988604 0.9086839 1.4528155 0.9409747 1.484975
 [9,] 0.9490661 1.0284776 1.3344466 1.0662924 1.2983169 1.0866701 1.0296151 1.3545452 1.2086466 1.4121109 0.9848142 1.515646
[10,] 0.9834193 1.0119513 1.4625715 1.0253534 1.2907817 1.2371344 1.0373106 1.3226066 1.3098131 1.3641656 1.0138968 1.612774
[11,] 0.9526970 0.9711757 1.4582654 1.0062853 1.2141423 1.3480261 1.0518754 1.2590404 1.2991725 1.3516884 1.1072227 1.601080
[12,] 0.9413048 1.0720498 1.4386590 1.0767394 1.3964754 1.3202285 1.0293528 1.2516730 1.3104343 1.3304094 1.3030940 1.509218
[13,] 0.9399217 1.0508032 1.3687606 1.0548490 1.5665098 1.3474285 1.0421652 1.2480635 1.2844858 1.3099191 1.3120028 1.566097
[14,] 0.9920534 1.0362490 1.3958217 1.0569796 1.6139786 1.3175886 1.1232744 1.2177323 1.2592181 1.2958604 1.2836664 1.555373
[15,] 1.0322322 1.0166501 1.4036518 1.0523583 1.5709913 1.2822363 1.1682145 1.2329047 1.2352652 1.2700978 1.2557361 1.515708
[16,] 1.0005400 1.0129156 1.3587138 1.1139166 1.5669819 1.2558644 1.2404831 1.1997664 1.2466570 1.2666598 1.2793194 1.485110
[17,] 0.9699857 1.0256805 1.4604287 1.1380856 1.5279967 1.2631459 1.3002107 1.3533241 1.2009047 1.2610693 1.3104082 1.465985
[18,] 0.9490519 1.0283555 1.4385184 1.2355579 1.6187245 1.2451758 1.2729842 1.3388396 1.1788655 1.2591911 1.3297721 1.447328
[19,] 0.9605895 1.0249081 1.4113280 1.2645272 1.5898665 1.2531946 1.2600547 1.2985398 1.1653156 1.2742394 1.3834861 1.456653
[20,] 1.0084951 1.0244861 1.3978648 1.2833954 1.5890887 1.2651919 1.3418817 1.2680793 1.1473791 1.2635895 1.3372137 1.452282
[21,] 0.9942068 1.0746658 1.3953816 1.2761771 1.5655294 1.2699189 1.3269960 1.2469095 1.1469114 1.2605200 1.3039998 1.426527
[22,] 0.9820390 1.1265305 1.3869777 1.2590978 1.5428637 1.2361916 1.3389941 1.2199489 1.1529627 1.2532166 1.2734449 1.394363
[23,] 0.9896100 1.3018979 1.3741425 1.2990252 1.5087933 1.2205577 1.3242718 1.2051892 1.1618487 1.2428293 1.2494833 1.454028
[24,] 0.9945033 1.2743453 1.3605433 1.2786968 1.4977269 1.1944974 1.3677097 1.1847797 1.1548452 1.2306087 1.2947562 1.441699
[25,] 0.9851260 1.2724383 1.3460737 1.2661470 1.4783611 1.2689424 1.3570642 1.1833668 1.1474673 1.2573535 1.2786903 1.432240
[26,] 0.9753930 1.2634121 1.3267971 1.2598454 1.4696459 1.2529967 1.3562675 1.1674172 1.1476309 1.2341378 1.2759107 1.421067
[27,] 0.9679933 1.2548659 1.3167932 1.2683118 1.4591175 1.2620880 1.3678190 1.1566045 1.1339076 1.2162347 1.2636387 1.418501
[28,] 0.9684523 1.2383214 1.3291960 1.2464386 1.4696099 1.2567472 1.3543229 1.1598966 1.1260839 1.2077341 1.2607786 1.409824
[29,] 0.9640323 1.3042837 1.3135362 1.2722675 1.4692082 1.2476697 1.3435400 1.1722272 1.1472725 1.1996455 1.2571573 1.390658
[30,] 0.9540055 1.3017064 1.3588148 1.2730100 1.4510643 1.2400003 1.3412757 1.1849634 1.1379026 1.1861923 1.2462949 1.377868
[31,] 0.9518387 1.2913520 1.3525508 1.2564890 1.4473953 1.2181366 1.3326305 1.1765127 1.1333211 1.1899330 1.2383299 1.375009
[32,] 0.9999354 1.2816378 1.3516981 1.2534346 1.4557381 1.2153868 1.3274530 1.2209395 1.1477169 1.1919858 1.2670499 1.392987
[33,] 0.9900377 1.2729715 1.3618843 1.2392663 1.4347294 1.2419090 1.3150938 1.2064805 1.1397736 1.1885705 1.2611224 1.382668
[34,] 0.9970075 1.2669974 1.3516627 1.2301439 1.4253436 1.2489257 1.3083351 1.1927671 1.1395287 1.1851393 1.2437748 1.380126
[35,] 1.0745737 1.2717931 1.3653796 1.2238572 1.4287186 1.2567478 1.2987297 1.2022034 1.1750478 1.1765054 1.2311523 1.363539
[36,] 1.0628755 1.2706922 1.3592525 1.2149351 1.4345576 1.2383367 1.3047003 1.1908844 1.1816180 1.1874548 1.2454449 1.352586
[37,] 1.0457724 1.2527309 1.3518216 1.2020482 1.4263829 1.2838533 1.3113401 1.1921395 1.1876042 1.1737496 1.2393052 1.347274
[38,] 1.0511910 1.2570365 1.3569693 1.1890851 1.4292387 1.2679500 1.2995237 1.1803366 1.1972918 1.1962062 1.2311950 1.352421
[39,] 1.0450312 1.2506932 1.3581635 1.1823968 1.4216331 1.2597681 1.2923262 1.2332789 1.2116313 1.1841897 1.2282545 1.343114
[40,] 1.0743413 1.2568747 1.3551527 1.1824208 1.4134676 1.2673708 1.2860369 1.2461249 1.2070506 1.2083389 1.2322148 1.385103
[41,] 1.0971448 1.2775376 1.4114925 1.1815164 1.4071853 1.2525445 1.2851032 1.2868560 1.2081785 1.1975535 1.2270472 1.370773
[42,] 1.1002798 1.2680346 1.3975121 1.1758314 1.4012079 1.2456691 1.2843173 1.2660492 1.2050142 1.2175568 1.2180186 1.353139
[43,] 1.0906016 1.2913876 1.3887729 1.1787243 1.4461359 1.2500918 1.3125567 1.2565899 1.1943179 1.2075459 1.2092453 1.335192
[44,] 1.0765438 1.3587776 1.3836290 1.1758057 1.4684609 1.2391602 1.3027908 1.2489376 1.1862407 1.2036462 1.2160821 1.318690
[45,] 1.0654642 1.3521253 1.3789382 1.1668550 1.4527209 1.2429911 1.3337177 1.2439205 1.1781380 1.1952897 1.2059123 1.302767
[46,] 1.0850977 1.3453793 1.3723563 1.1608064 1.4754481 1.2379299 1.3414634 1.2380984 1.1861591 1.1921669 1.1973826 1.294759
          [,13]     [,14]     [,15]    [,16]     [,17]     [,18]     [,19]     [,20]
 [1,] 0.4814886 1.6494900 79.309320 1.119315 0.4493297 0.7037454 0.3217169  6.786549
 [2,] 0.5753398 1.1123639 79.309320 1.274693 0.8501079 1.4984553 0.6402797 10.883318
 [3,] 0.8263142 0.9384477 79.309320 1.059551 0.7577788 1.2619184 1.3259541  3.845496
 [4,] 0.7943302 1.7315909 79.309320 1.670955 0.8558470 1.1395320 1.4072351  2.141975
 [5,] 0.8331572 1.5867089  1.317854 1.568583 0.8005501 1.2586372 1.3658058  1.805383
 [6,] 0.8161146 1.4741548  1.482994 1.690729 0.9930552 1.1378897 1.3106850  1.518262
 [7,] 0.7831391 1.5600764  1.557989 1.639073 1.1035234 1.0726487 1.2683790  1.413599
 [8,] 0.7701084 1.5587097  1.542949 1.624010 1.3774831 1.0283498 1.2377804  1.355810
 [9,] 0.7542654 1.5294084  1.546943 1.614367 1.3258548 0.9925228 1.1957549  1.298896
[10,] 0.9993659 1.4667290  1.551679 1.575458 1.3382855 1.0699545 1.1891186  1.274976
[11,] 0.9549171 1.3907476  1.537288 1.545747 1.3182116 1.0661867 1.1698845  1.285074
[12,] 0.9945556 1.3944647  1.462108 1.535532 1.3048215 1.1253251 1.2021551  1.245435
[13,] 1.1099048 1.3840140  1.400582 1.564830 1.3204491 1.1000391 1.1323677  1.333850
[14,] 1.0817647 1.4401865  1.420740 1.561256 1.3415792 1.2069890 1.0752671  1.280514
[15,] 1.0749427 1.3997869  1.425722 1.543707 1.3320232 1.2255973 1.0559489  1.268248
[16,] 1.0417951 1.3597080  1.385090 1.526810 1.3021915 1.1980200 1.0482471  1.229259
[17,] 1.0376458 1.3658641  1.338724 1.505261 1.3405839 1.2148879 1.0416628  1.207491
[18,] 1.1073761 1.3246317  1.326189 1.489654 1.3474599 1.2105793 1.0295423  1.183005
[19,] 1.1075557 1.3356057  1.351471 1.479153 1.3529831 1.1877546 1.0253635  1.161422
[20,] 1.1561143 1.3046544  1.318624 1.480764 1.3422238 1.1794988 1.0231911  1.136671
[21,] 1.1520512 1.2808057  1.285834 1.465157 1.5081049 1.1751812 1.0206912  1.121779
[22,] 1.1446881 1.3006365  1.273430 1.476309 1.5828154 1.1708454 1.0077133  1.104534
[23,] 1.1364038 1.3553466  1.259203 1.454442 1.5982655 1.1936785 1.0278013  1.104884
[24,] 1.1405457 1.3322383  1.248367 1.444145 1.5917929 1.1943465 1.0221602  1.092940
[25,] 1.1349131 1.3123945  1.240295 1.418975 1.5704801 1.1722710 1.0347892  1.097403
[26,] 1.1381028 1.3573028  1.248132 1.451540 1.5436868 1.2382550 1.0436438  1.084217
[27,] 1.1211692 1.3462084  1.261121 1.430352 1.5196641 1.2182067 1.0313845  1.171265
[28,] 1.1139051 1.3872971  1.252990 1.432279 1.5405883 1.2012754 1.0303888  1.176721
[29,] 1.1117699 1.5541725  1.242310 1.417829 1.5189311 1.1918374 1.0203246  1.210480
[30,] 1.1078427 1.5636531  1.240726 1.410235 1.5028098 1.2117156 1.0124234  1.213050
[31,] 1.0971157 1.5601113  1.228788 1.401255 1.4947659 1.2286754 1.0127799  1.196437
[32,] 1.1072999 1.5354766  1.237204 1.392932 1.4820391 1.2163685 1.0312617  1.181802
[33,] 1.1004163 1.5217385  1.229352 1.397687 1.4890210 1.2006973 1.0313241  1.171533
[34,] 1.1020726 1.5075359  1.221322 1.422024 1.4727809 1.2736162 1.0243701  1.178379
[35,] 1.1116626 1.5140116  1.216603 1.413712 1.4609986 1.2694161 1.0202461  1.179249
[36,] 1.0939917 1.4917979  1.204316 1.432174 1.4900019 1.2780353 1.0135756  1.213189
[37,] 1.0881090 1.4701612  1.195946 1.417945 1.4837540 1.2716182 1.0095722  1.202872
[38,] 1.0737803 1.4510435  1.187733 1.450525 1.4749184 1.2690191 1.0051706  1.195403
[39,] 1.0589717 1.4414441  1.194365 1.436607 1.4658106 1.2670012 1.0297891  1.191626
[40,] 1.1202537 1.4509675  1.196187 1.422359 1.4622156 1.3057205 1.0223391  1.186308
[41,] 1.1101852 1.4437018  1.188523 1.416592 1.4531772 1.2944069 1.0596551  1.179261
[42,] 1.0962098 1.4308259  1.179356 1.402274 1.4463432 1.3467929 1.0539720  1.172770
[43,] 1.0846278 1.4302257  1.171366 1.390519 1.4329675 1.3324953 1.0529857  1.175317
[44,] 1.0719318 1.4232935  1.170276 1.391597 1.4248333 1.3271972 1.0502514  1.188658
[45,] 1.0853611 1.4176555  1.165147 1.426373 1.4445120 1.3262041 1.0477368  1.182657
[46,] 1.0805011 1.4140342  1.155242 1.424510 1.4306218 1.3168744 1.0409199  1.189609
> THETA2.EST[,21:40]
           [,1]      [,2]      [,3]     [,4]      [,5]      [,6]      [,7]      [,8]     [,9]     [,10]     [,11]     [,12]
 [1,] 0.5718079 0.8772364 0.3349494 2.560375 1.3077362 1.5205235 0.8365178 1.7300769 2.191455 0.8859342 0.9942224 0.3493189
 [2,] 0.6165217 0.6185933 0.4682891 2.018404 1.2485040 1.0893485 0.6775032 1.0904573 1.237223 0.6383950 0.8113335 0.6447130
 [3,] 0.5673328 0.9048103 0.4268452 1.464401 1.1241775 0.8566127 2.3104608 0.8276516 1.167335 0.9255833 0.6524554 0.8399873
 [4,] 0.6205749 1.2161665 0.4184655 1.389983 0.9989689 0.6972438 1.6512459 0.6938578 1.366710 0.9424081 1.2266048 0.8215814
 [5,] 1.3430763 1.1902758 0.4147287 1.261851 0.9367939 1.0952209 1.8939840 0.7220290 1.289034 0.9650082 1.1401912 0.7806376
 [6,] 1.3363977 1.1953747 0.9643018 1.202730 0.8912060 1.1450441 1.9570904 0.8246176 1.217186 0.9386430 1.0955973 0.7581271
 [7,] 1.3417627 1.1534305 1.1737622 1.417555 1.2326774 1.2067769 1.8892976 1.0664594 1.159972 0.9054811 1.1547124 0.7242328
 [8,] 1.3223204 1.2285666 1.1456957 1.786037 1.1861603 1.1707596 1.7600866 1.0947104 1.117972 0.8897616 1.1726761 0.7124077
 [9,] 1.2932817 1.1982396 1.1056319 1.669163 1.1348517 1.1520026 1.8388629 1.2024846 1.083299 0.8658818 1.1468691 0.7680746
[10,] 1.3638767 1.1497640 1.1765255 1.652732 1.3456594 1.1853043 1.7609100 1.2931344 1.058305 0.9658801 1.1082642 1.0234700
[11,] 1.3763696 1.1744920 1.1659842 1.636235 1.3092679 1.1711525 1.6687782 1.4405233 1.075409 0.9803911 1.0933151 1.2518305
[12,] 1.3894771 1.1291781 1.3533405 1.558516 1.2859588 1.1740483 1.5984690 1.6091262 1.126248 1.0189438 1.0885007 1.2216878
[13,] 1.3218434 1.1232306 1.3220254 1.506966 1.2807334 1.1719434 1.5426095 1.6556816 1.106329 0.9745417 1.0724352 1.2467336
[14,] 1.3371184 1.1071026 1.2900436 1.474842 1.2684309 1.1506195 1.5080329 1.5972178 1.093347 0.9379323 1.0959299 1.2328646
[15,] 1.2995741 1.0912387 1.2685539 1.447817 1.2569057 1.2522731 1.4867627 1.5516164 1.123630 0.9065813 1.1515342 1.2110336
[16,] 1.3373582 1.0785208 1.2708686 1.454087 1.3307362 1.2220423 1.4600218 1.4981461 1.200222 0.8841123 1.1552604 1.2773652
[17,] 1.3815305 1.1581730 1.2485285 1.435211 1.3441072 1.1792988 1.4416603 1.5148117 1.259724 1.0125745 1.1792194 1.2571813
[18,] 1.3427524 1.3032342 1.2268872 1.401164 1.3233859 1.1805433 1.4185873 1.5630329 1.272019 1.0157973 1.2820423 1.2745781
[19,] 1.3022793 1.2692971 1.2040380 1.389853 1.3137376 1.1714600 1.4425891 1.5513581 1.281820 0.9970030 1.2817281 1.2823437
[20,] 1.2950389 1.2934345 1.1991188 1.386842 1.3642900 1.3421805 1.4298851 1.5070199 1.261520 0.9670178 1.2627162 1.3361330
[21,] 1.3030043 1.2665886 1.1899227 1.378235 1.3887708 1.5322509 1.4285397 1.4831168 1.255477 0.9497807 1.2630986 1.3832622
[22,] 1.2820164 1.2570302 1.2383674 1.363899 1.4204658 1.4965303 1.4081335 1.4456541 1.289117 1.1905026 1.2517643 1.3647173
[23,] 1.2466055 1.2816877 1.2430156 1.336161 1.4049851 1.4857577 1.4019631 1.5419119 1.272209 1.1700900 1.2608907 1.3809249
[24,] 1.3636070 1.3147018 1.2201441 1.359905 1.3818499 1.4830644 1.3845375 1.5674816 1.263895 1.1696573 1.2868891 1.3643216
[25,] 1.4505358 1.4197556 1.2274441 1.348185 1.3778555 1.4655001 1.3631103 1.5540996 1.279667 1.1527205 1.2612407 1.3529352
[26,] 1.4268862 1.4353340 1.2250684 1.381742 1.3639706 1.4889316 1.3683876 1.5283971 1.260976 1.1464356 1.2542046 1.3455520
[27,] 1.4186292 1.4318185 1.2098543 1.375460 1.3566279 1.4806300 1.3529162 1.5921916 1.272178 1.1687598 1.2836291 1.3352333
[28,] 1.3898822 1.4838072 1.2131150 1.347729 1.3475896 1.5387916 1.3478559 1.5687199 1.285998 1.1513162 1.2880040 1.3308071
[29,] 1.4035946 1.4677908 1.2305123 1.350499 1.3518820 1.5269409 1.3484767 1.5480781 1.325998 1.1386117 1.2729412 1.3234087
[30,] 1.3810869 1.5167961 1.2232774 1.349647 1.3484321 1.5150765 1.3342619 1.5418864 1.307704 1.1321530 1.3138035 1.3226286
[31,] 1.3625590 1.5367112 1.2248388 1.340911 1.3380413 1.5094619 1.3226380 1.5288935 1.317138 1.1207050 1.3107393 1.3211161
[32,] 1.3473468 1.5191360 1.2126367 1.335334 1.3526698 1.5054027 1.3150100 1.5307281 1.302363 1.1191187 1.2947555 1.3261356
[33,] 1.3274507 1.5113460 1.2015998 1.326952 1.4361924 1.4939666 1.3027974 1.5085944 1.288839 1.1517487 1.3177143 1.3217432
[34,] 1.3449717 1.5509841 1.2265730 1.389842 1.4131538 1.5009172 1.3164494 1.4909503 1.278007 1.1503982 1.3183595 1.3336794
[35,] 1.3886765 1.5396997 1.2195221 1.382279 1.3815674 1.5121944 1.3405134 1.4713573 1.278202 1.1428676 1.3003007 1.3177859
[36,] 1.3781014 1.5261376 1.2635234 1.420394 1.3420778 1.5023423 1.3328039 1.4564783 1.272138 1.2168962 1.4057210 1.3249221
[37,] 1.3655260 1.5264114 1.3112892 1.407252 1.3347621 1.4903946 1.3615298 1.4491243 1.261698 1.2070743 1.4015862 1.3546604
[38,] 1.3548223 1.5226964 1.3099701 1.415625 1.3425335 1.4826264 1.3489932 1.4532185 1.263970 1.2495515 1.4153794 1.3465182
[39,] 1.3554319 1.5167002 1.3115468 1.401233 1.3796129 1.4762088 1.3403791 1.4382137 1.274298 1.2998504 1.4126671 1.3359184
[40,] 1.3383361 1.5587146 1.3110113 1.396163 1.3669303 1.4708551 1.3430767 1.4323506 1.265828 1.2914248 1.3977049 1.3300791
[41,] 1.3374320 1.5408003 1.3085296 1.378919 1.3584246 1.4669782 1.3462103 1.4524836 1.264364 1.2871081 1.4588749 1.3329736
[42,] 1.3380031 1.5350579 1.3111816 1.364914 1.4085679 1.4759615 1.3363214 1.4596989 1.265364 1.2918847 1.4592515 1.3272228
[43,] 1.3638469 1.5177225 1.3060244 1.350786 1.4302424 1.4815494 1.3268227 1.4533688 1.260304 1.2861690 1.4514514 1.3281777
[44,] 1.3685168 1.5093868 1.3087594 1.374379 1.4713580 1.5272939 1.3253005 1.5010755 1.250136 1.3254803 1.4356514 1.3536565
[45,] 1.3636224 1.4944867 1.4586916 1.393373 1.4692100 1.5138857 1.3233880 1.4958904 1.239404 1.3290899 1.4402029 1.3678863
[46,] 1.3545141 1.4846817 1.5225419 1.379831 1.4530422 1.5056039 1.3143707 1.4813600 1.231666 1.3277403 1.4337128 1.3717846
           [,13]     [,14]     [,15]     [,16]     [,17]     [,18]     [,19]    [,20]
 [1,] 79.3093195 0.2724058 0.5004081 0.6406023 1.3676656 0.7862827 0.2231302 1.103160
 [2,]  1.5418568 1.1460348 0.7231557 0.6481248 0.9587807 1.1283919 0.3800200 1.316484
 [3,]  1.2488352 1.1830980 0.7028470 0.7908063 0.9597768 1.0319346 1.1901449 1.369669
 [4,]  1.1999831 1.4625845 0.7360084 0.7504205 1.0985499 0.9463610 1.1989824 1.330246
 [5,]  1.0761811 1.3810930 0.8141132 0.7113037 1.0152375 0.9063477 1.1013310 1.262275
 [6,]  1.0068686 1.3214361 1.0124128 0.7342235 1.0215387 0.8536912 1.0706287 1.347203
 [7,]  0.9468499 1.3779099 1.0411377 0.7842903 1.1013929 0.8920403 1.0548420 1.486208
 [8,]  1.0837030 1.2988313 1.1624207 1.0055808 1.1288986 0.8835296 1.0287367 1.448630
 [9,]  1.1218813 1.3566136 1.1593180 1.0034625 1.0724406 0.9154938 1.0065266 1.590971
[10,]  1.1319330 1.3559658 1.1281246 0.9868034 1.0278608 0.9092248 1.0557234 1.523037
[11,]  1.1339212 1.3112577 1.1851339 1.2073079 1.0167347 0.8998536 1.0028363 1.574997
[12,]  1.1425621 1.3257888 1.2669938 1.2364597 1.0423762 0.8799680 1.0043698 1.548935
[13,]  1.1153948 1.2838925 1.2336213 1.2916832 1.0319549 0.8785969 0.9546790 1.507641
[14,]  1.1949363 1.2559171 1.2838131 1.2684726 1.0432915 0.8706821 1.0103288 1.515178
[15,]  1.1534367 1.2220671 1.3068479 1.2513675 1.0186827 1.1007035 0.9969986 1.631782
[16,]  1.1278539 1.2838792 1.2588194 1.2605850 1.0204214 1.3413625 1.3421465 1.584469
[17,]  1.1222051 1.2716307 1.2200028 1.2596240 1.0215020 1.3087889 1.2949293 1.546878
[18,]  1.1017793 1.3132858 1.2075243 1.3057036 0.9947791 1.3242983 1.2698930 1.557728
[19,]  1.0948782 1.3313339 1.2322493 1.2807165 1.0010826 1.4006176 1.3134251 1.543729
[20,]  1.0750567 1.3098398 1.2098525 1.2562464 0.9918746 1.3699141 1.2974472 1.510207
[21,]  1.0645115 1.3350418 1.1849470 1.2376830 0.9844051 1.3588533 1.2664511 1.483416
[22,]  1.0528881 1.3186360 1.1621958 1.4512801 1.0043009 1.3373145 1.2371742 1.460500
[23,]  1.0635711 1.3062151 1.4080093 1.4246081 0.9988046 1.3517956 1.2355287 1.483607
[24,]  1.0592578 1.3004187 1.3856825 1.4033016 1.0108257 1.3235518 1.2136566 1.511382
[25,]  1.0459479 1.2902279 1.3698018 1.4415378 1.0040005 1.3004820 1.1927719 1.690460
[26,]  1.0398570 1.2689399 1.3653358 1.4738548 1.0106476 1.3074971 1.1735402 1.726574
[27,]  1.0280883 1.2630986 1.3929768 1.4594819 0.9987314 1.3290672 1.1766615 1.707242
[28,]  1.0440999 1.2465454 1.3642666 1.4598766 1.0011522 1.3099360 1.1747224 1.674684
[29,]  1.0421419 1.2470114 1.3635124 1.4514442 0.9921343 1.3132033 1.1600254 1.696365
[30,]  1.0254901 1.2340753 1.3540712 1.4441161 0.9792721 1.3034467 1.1497981 1.682581
[31,]  1.0257107 1.2446214 1.3394260 1.4310440 1.0102154 1.2979464 1.1845723 1.649456
[32,]  1.0181522 1.2338993 1.3348381 1.4443003 0.9971687 1.2909805 1.2006561 1.634720
[33,]  1.0142812 1.2382837 1.3191444 1.4365402 0.9980915 1.2834443 1.2076867 1.626322
[34,]  1.0105080 1.2616621 1.3132466 1.4390697 1.0246885 1.2753119 1.2131902 1.650600
[35,]  1.0100778 1.2502983 1.2933185 1.4371373 1.0884545 1.2759336 1.2107914 1.628159
[36,]  1.0275810 1.2375801 1.2864516 1.4304245 1.0896444 1.2687301 1.2176598 1.638397
[37,]  1.0142971 1.2326518 1.2823519 1.4343976 1.0770233 1.2664538 1.2187418 1.617584
[38,]  1.0073809 1.2277197 1.2716213 1.4310234 1.0723870 1.2596761 1.2034821 1.595221
[39,]  1.0138553 1.2274052 1.2731179 1.4283291 1.0667936 1.2593148 1.2008997 1.589338
[40,]  1.0215152 1.2264736 1.2598647 1.4223978 1.0596080 1.2555387 1.1947494 1.568119
[41,]  1.0100153 1.2448720 1.2669419 1.4146461 1.0670816 1.2526459 1.1822874 1.577952
[42,]  1.0703743 1.2661831 1.2943693 1.4138445 1.0560378 1.2441951 1.2425684 1.561005
[43,]  1.0732918 1.2635480 1.3002302 1.4041076 1.0509455 1.2375217 1.2689562 1.559536
[44,]  1.0662036 1.2666480 1.2875979 1.3976757 1.0577395 1.2383337 1.2731043 1.542869
[45,]  1.1082774 1.2817451 1.2940066 1.3931502 1.0628891 1.2347174 1.2712092 1.545089
[46,]  1.1176952 1.2881834 1.2837485 1.3879351 1.0776070 1.2263915 1.3335588 1.539081
> THETA2.EST[,41:50]
           [,1]      [,2]     [,3]       [,4]      [,5]      [,6]      [,7]      [,8]     [,9]     [,10]
 [1,] 0.4095838 0.4069561 1.711335 79.3093195 1.5077396 0.7917774 0.8616874 1.1632325 2.606905 0.2831069
 [2,] 1.3113136 0.6355731 1.786550  1.4715287 1.0234234 0.6559628 0.9226610 0.5507820 1.199915 0.8577991
 [3,] 1.2058818 0.5778097 1.556862  1.2878550 0.9202647 0.8449179 0.9822215 0.7576128 1.214920 0.7538695
 [4,] 1.2929119 0.8015228 1.397656  1.4590848 0.9493175 1.1084261 0.8936978 1.0294768 1.225497 1.0707627
 [5,] 1.2641360 0.7798103 1.562420  1.4419622 0.9477077 1.1231176 0.9501138 0.9739003 1.360959 1.4238238
 [6,] 1.2493026 1.6739511 1.368884  1.3145719 0.9275582 1.0500642 1.0077581 1.1114250 1.306103 1.3713971
 [7,] 1.3252447 1.4497888 1.250770  1.3323050 0.9582820 0.9859819 1.0122638 1.0804024 1.293882 1.2791661
 [8,] 1.3215750 1.4314353 1.447529  1.2382491 1.2864561 1.0515190 1.5085748 1.0653214 1.373871 1.2248062
 [9,] 1.2615050 1.4637453 1.300879  1.2076899 1.3050276 1.0907578 1.9675085 1.0663476 1.313040 1.2365159
[10,] 1.2506814 1.4298111 1.301535  1.1623628 1.3676448 1.0735014 2.1258320 1.0778309 1.270347 1.2865666
[11,] 1.2684017 1.3879397 1.483518  1.1258601 1.3221038 1.0552914 2.0590920 1.1561048 1.231687 1.2768183
[12,] 1.2313068 1.5451040 1.495647  1.1038942 1.3080035 1.0452800 1.9440268 1.1548722 1.206231 1.2595033
[13,] 1.2484298 1.4994531 1.492783  1.0983374 1.2914145 1.0161700 2.0721320 1.1710910 1.315972 1.2249962
[14,] 1.2457207 1.4958435 1.461919  1.0590176 1.2928658 1.0003872 1.8923456 1.1561596 1.334083 1.2076858
[15,] 1.2281168 1.4674845 1.404873  1.0328372 1.2791443 1.0297159 1.8516191 1.1659064 1.353770 1.2308340
[16,] 1.2583960 1.4304802 1.417246  1.0151384 1.2658870 1.0225748 2.0061545 1.1712490 1.343114 1.2061553
[17,] 1.2312507 1.4214842 1.494123  1.0239733 1.2459583 1.0481791 1.9388799 1.1572469 1.424928 1.1846436
[18,] 1.2135198 1.4061741 1.557789  1.0087709 1.2372507 1.0302237 1.9104115 1.1902572 1.409596 1.1753362
[19,] 1.1864145 1.3728360 1.551491  0.9982056 1.2212926 1.0216406 1.8382527 1.2091953 1.409572 1.1619389
[20,] 1.1843622 1.3938259 1.504250  0.9836300 1.2275544 1.0076199 1.7709601 1.1883817 1.405910 1.1420570
[21,] 1.2024836 1.3615845 1.472776  0.9912057 1.2165430 1.0147073 1.7892398 1.2294843 1.384241 1.1440518
[22,] 1.2018947 1.3602787 1.444689  0.9641792 1.2058421 1.0338554 1.7657343 1.2105626 1.399635 1.1703065
[23,] 1.1993823 1.3251810 1.413120  0.9851499 1.2283903 1.0196809 1.7301764 1.1991049 1.409173 1.1585602
[24,] 1.2724404 1.3097617 1.434613  0.9836131 1.2145805 1.0246151 1.7034614 1.1902995 1.440994 1.1366859
[25,] 1.2661512 1.2857369 1.497872  1.0100036 1.2294618 1.0022414 1.6842047 1.2392926 1.440299 1.1628295
[26,] 1.3338036 1.2827490 1.470035  0.9925623 1.2332666 1.0240772 1.6573899 1.2242274 1.429325 1.1536009
[27,] 1.3216420 1.3039539 1.456097  1.1374597 1.2339851 1.0629940 1.6553134 1.2664665 1.422641 1.1543106
[28,] 1.3036728 1.2856677 1.475745  1.1613920 1.2210325 1.0969129 1.6391473 1.2738085 1.415874 1.2185846
[29,] 1.2934795 1.2685251 1.466207  1.1456999 1.2341058 1.0871902 1.6321669 1.2894362 1.415748 1.1959776
[30,] 1.2852012 1.2572423 1.458294  1.1328720 1.2179728 1.1013726 1.6510425 1.2773967 1.415438 1.1962197
[31,] 1.2777568 1.2487713 1.447707  1.1235958 1.2079582 1.0853416 1.6207508 1.3106430 1.442059 1.2111004
[32,] 1.2707618 1.2597689 1.440093  1.1240876 1.1997680 1.0814218 1.6037144 1.3752391 1.494964 1.2617847
[33,] 1.2650868 1.2475746 1.435852  1.1166152 1.2011770 1.0764137 1.5903120 1.3748504 1.483114 1.3122248
[34,] 1.2695273 1.2521498 1.458385  1.1097627 1.1971977 1.0745026 1.5659242 1.3781582 1.469673 1.2979931
[35,] 1.2599890 1.2767332 1.450294  1.0996941 1.1965279 1.0742718 1.5487145 1.3733982 1.460210 1.2930051
[36,] 1.2846883 1.2715663 1.450466  1.1083687 1.1876740 1.0631602 1.5451131 1.3683778 1.456475 1.2951390
[37,] 1.2781221 1.2672454 1.451880  1.0984810 1.1870800 1.0599363 1.5229005 1.3713058 1.441924 1.2916406
[38,] 1.3478693 1.2550024 1.457681  1.0915354 1.1819104 1.1157526 1.5036014 1.3655394 1.434842 1.2795283
[39,] 1.3407379 1.2562738 1.467637  1.1266585 1.1736746 1.1050945 1.5024798 1.3560944 1.426309 1.2719566
[40,] 1.3408743 1.2548857 1.452487  1.1190827 1.1694950 1.1359572 1.5013191 1.3495389 1.417442 1.3145885
[41,] 1.3286316 1.2440687 1.442384  1.1332070 1.1649960 1.1685379 1.4966592 1.3429975 1.410025 1.3621641
[42,] 1.3508801 1.3508829 1.438644  1.1279684 1.1560059 1.1575546 1.5108787 1.3417030 1.403825 1.3874241
[43,] 1.3670557 1.3460591 1.428311  1.1175635 1.1460349 1.1945385 1.4980351 1.3491575 1.392568 1.3951033
[44,] 1.3646933 1.3341987 1.427755  1.1544549 1.1401681 1.2807339 1.4960555 1.3386481 1.385050 1.4193268
[45,] 1.3539133 1.3226106 1.417456  1.1239361 1.1382241 1.2695850 1.4892431 1.3321286 1.381724 1.4636543
[46,] 1.3565304 1.3125772 1.417570  1.1203616 1.1318107 1.2629805 1.4804223 1.3473357 1.380175 1.4607012
> mean(THETA1.EST[nleft,])
[1] 1.013953
> mean(THETA2.EST[nleft,])
[1] 1.311297
> min(THETA1.EST)
[1] 0.1054677
> min(THETA2.EST)
[1] 0.2231302
> max(THETA1.EST)
[1] 57.34871
> max(THETA2.EST)
[1] 79.30932
> max(THETA1.EST,THETA2.EST)
[1] 79.30932
> dim(MIN.EIG.K1H)
[1] 46 50
> dim(MIN.EIG.K2H)
[1] 46 50
> min(MIN.EIG.K1H)
[1] 1
> min(MIN.EIG.K2H)
[1] 1
> max(MIN.EIG.K1H)
[1] 2077.263
> max(MIN.EIG.K2H)
[1] 4839.939
> 

av.sd.iter <- apply(M.COUNT.N,1,function(x) sqrt((NRUN-1)/NRUN*var(x)))
> av.sd.iter
 [1] 0.5000000 0.4853864 0.4898979 0.4995998 0.4935585 0.4983974 0.4935585 0.4898979 0.4935585 0.4935585 0.4995998 0.4963869 0.4853864
[14] 0.4853864 0.4664762 0.4386342 0.4664762 0.4737088 0.4800000 0.4800000 0.4898979 0.4737088 0.4800000 0.4664762 0.4582576 0.4582576
[27] 0.4489989 0.4664762 0.4386342 0.4489989 0.4582576 0.4489989 0.4489989 0.4489989 0.4489989 0.4386342 0.4270831 0.4270831 0.4386342
[40] 0.4142463 0.4270831 0.4142463 0.4142463 0.4142463 0.4000000 0.3841875
> count2 <- c(1,2,3,4,5,6,16,26,36,46)
> av.sd.iter[count2]
 [1] 0.5000000 0.4853864 0.4898979 0.4995998 0.4935585 0.4983974 0.4386342 0.4582576 0.4386342 0.3841875
> round(av.sd.iter[count2],digits = 4)
 [1] 0.5000 0.4854 0.4899 0.4996 0.4936 0.4984 0.4386 0.4583 0.4386 0.3842