as.numeric(row.names(xstart))
  [1] 610 296 295 244 609 559 297 660 347 611 346 558 245 659 661 294 397 662 345 711 202 710 243 396 712 201 254 448 560 253 713 149 447
 [34] 762 344 761 293 200 499 498 612 763 508 805 806 754 509 246 807 753 755 252 193 194 813 305 702 195 703 192 304 756 704 701 812 251
 [67] 652 651 303 355 356 306 550 457 406 601 143 653 600 354 705 407 602 458 549 302 405 456 650 144 357 353 599 196 757 408 561 199 760
[100] 395 548 247 250 706 808 811 459 148 510 198 709 446 809 197 497 145 759 249 248 810 301 758 298 858 862 860 708 146 861 147 707 598
[133] 300 496 859 394 445 547 299 857 649 507 804 752 343 654 242 352 404 700 292 608 142 658  95 495 546 444  94 393  96  93 557 597 455
[166]  92 657 191 150 141  97 342 655 241 656 607 506  91 648  98 291 856 140 190 203 751 803  43 443  44 556 494 606 392  42 240  45 341
[199] 151  90
> setdiff(1:N,as.numeric(row.names(xstart)))
   [1]    1    2    3    4    5    6    7    8    9   10   11   12   13   14   15   16   17   18   19   20   21   22   23   24   25   26
  [27]   27   28   29   30   31   32   33   34   35   36   37   38   39   40   41   46   47   48   49   50   51   52   53   54   55   56
  [53]   57   58   59   60   61   62   63   64   65   66   67   68   69   70   71   72   73   74   75   76   77   78   79   80   81   82
  [79]   83   84   85   86   87   88   89   99  100  101  102  103  104  105  106  107  108  109  110  111  112  113  114  115  116  117
 [105]  118  119  120  121  122  123  124  125  126  127  128  129  130  131  132  133  134  135  136  137  138  139  152  153  154  155
 [131]  156  157  158  159  160  161  162  163  164  165  166  167  168  169  170  171  172  173  174  175  176  177  178  179  180  181
 [157]  182  183  184  185  186  187  188  189  204  205  206  207  208  209  210  211  212  213  214  215  216  217  218  219  220  221
 [183]  222  223  224  225  226  227  228  229  230  231  232  233  234  235  236  237  238  239  255  256  257  258  259  260  261  262
 [209]  263  264  265  266  267  268  269  270  271  272  273  274  275  276  277  278  279  280  281  282  283  284  285  286  287  288
 [235]  289  290  307  308  309  310  311  312  313  314  315  316  317  318  319  320  321  322  323  324  325  326  327  328  329  330
 [261]  331  332  333  334  335  336  337  338  339  340  348  349  350  351  358  359  360  361  362  363  364  365  366  367  368  369
 [287]  370  371  372  373  374  375  376  377  378  379  380  381  382  383  384  385  386  387  388  389  390  391  398  399  400  401
 [313]  402  403  409  410  411  412  413  414  415  416  417  418  419  420  421  422  423  424  425  426  427  428  429  430  431  432
 [339]  433  434  435  436  437  438  439  440  441  442  449  450  451  452  453  454  460  461  462  463  464  465  466  467  468  469
 [365]  470  471  472  473  474  475  476  477  478  479  480  481  482  483  484  485  486  487  488  489  490  491  492  493  500  501
 [391]  502  503  504  505  511  512  513  514  515  516  517  518  519  520  521  522  523  524  525  526  527  528  529  530  531  532
 [417]  533  534  535  536  537  538  539  540  541  542  543  544  545  551  552  553  554  555  562  563  564  565  566  567  568  569
 [443]  570  571  572  573  574  575  576  577  578  579  580  581  582  583  584  585  586  587  588  589  590  591  592  593  594  595
 [469]  596  603  604  605  613  614  615  616  617  618  619  620  621  622  623  624  625  626  627  628  629  630  631  632  633  634
 [495]  635  636  637  638  639  640  641  642  643  644  645  646  647  663  664  665  666  667  668  669  670  671  672  673  674  675
 [521]  676  677  678  679  680  681  682  683  684  685  686  687  688  689  690  691  692  693  694  695  696  697  698  699  714  715
 [547]  716  717  718  719  720  721  722  723  724  725  726  727  728  729  730  731  732  733  734  735  736  737  738  739  740  741
 [573]  742  743  744  745  746  747  748  749  750  764  765  766  767  768  769  770  771  772  773  774  775  776  777  778  779  780
 [599]  781  782  783  784  785  786  787  788  789  790  791  792  793  794  795  796  797  798  799  800  801  802  814  815  816  817
 [625]  818  819  820  821  822  823  824  825  826  827  828  829  830  831  832  833  834  835  836  837  838  839  840  841  842  843
 [651]  844  845  846  847  848  849  850  851  852  853  854  855  863  864  865  866  867  868  869  870  871  872  873  874  875  876
 [677]  877  878  879  880  881  882  883  884  885  886  887  888  889  890  891  892  893  894  895  896  897  898  899  900  901  902
 [703]  903  904  905  906  907  908  909  910  911  912  913  914  915  916  917  918  919  920  921  922  923  924  925  926  927  928
 [729]  929  930  931  932  933  934  935  936  937  938  939  940  941  942  943  944  945  946  947  948  949  950  951  952  953  954
 [755]  955  956  957  958  959  960  961  962  963  964  965  966  967  968  969  970  971  972  973  974  975  976  977  978  979  980
 [781]  981  982  983  984  985  986  987  988  989  990  991  992  993  994  995  996  997  998  999 1000 1001 1002 1003 1004 1005 1006
 [807] 1007 1008 1009 1010 1011 1012 1013 1014 1015 1016 1017 1018 1019 1020 1021 1022 1023 1024 1025 1026 1027 1028 1029 1030 1031 1032
 [833] 1033 1034 1035 1036 1037 1038 1039 1040 1041 1042 1043 1044 1045 1046 1047 1048 1049 1050 1051 1052 1053 1054 1055 1056 1057 1058
 [859] 1059 1060 1061 1062 1063 1064 1065 1066 1067 1068 1069 1070 1071 1072 1073 1074 1075 1076 1077 1078 1079 1080 1081 1082 1083 1084
 [885] 1085 1086 1087 1088 1089 1090 1091 1092 1093 1094 1095 1096 1097 1098 1099 1100 1101 1102 1103 1104 1105 1106 1107 1108 1109 1110
 [911] 1111 1112 1113 1114 1115 1116 1117 1118 1119 1120 1121 1122 1123 1124 1125 1126 1127 1128 1129 1130 1131 1132 1133 1134 1135 1136
 [937] 1137 1138 1139 1140 1141 1142 1143 1144 1145 1146 1147 1148 1149 1150 1151 1152 1153 1154 1155 1156 1157 1158 1159 1160 1161 1162
 [963] 1163 1164 1165 1166 1167 1168 1169 1170 1171 1172 1173 1174 1175 1176 1177 1178 1179 1180 1181 1182 1183 1184 1185 1186 1187 1188
 [989] 1189 1190 1191 1192 1193 1194 1195 1196 1197 1198 1199 1200
 [ reached getOption("max.print") -- omitted 1401 entries ]
> s.all <- sort(c(as.numeric(row.names(xstart)),setdiff(1:N,as.numeric(row.names(xstart)))))
> s.all2 <- sort(c(as.numeric(row.names(xstart)),as.numeric(row.names(xcan))))
> all.equal(1:N,s.all)
[1] TRUE
> all.equal(1:N,s.all2)
[1] TRUE
> nrow(xstart)
[1] 200
> nrow(xstart)-n1 
[1] 196
> nleft
[1] 196
> E11 <- E11[1:(nrow(xstart)-n1)]
> E12 <- E12[1:(nrow(xstart)-n1)]
> E22 <- E22[1:(nrow(xstart)-n1)]
> E21 <- E21[1:(nrow(xstart)-n1)]
> E1.dif <- E1.dif[1:(nrow(xstart)-n1)]
> E2.dif <- E2.dif[1:(nrow(xstart)-n1)]
> SUM.E1E2 <- SUM.E1E2[1:(nrow(xstart)-n1)]
> int.hit.n <- c(1,2,3,4,5,6,16,36,76,116,nrow(xstart)-n1)
> int.hit.n
 [1]   1   2   3   4   5   6  16  36  76 116 196
> E11[int.hit.n]
 [1] 0.9542937 0.9529437 0.9473988 0.9439725 0.9433432 0.9419374 0.9375282 0.9321053 0.9040200 0.9027476 0.9194521
> E12[int.hit.n]
 [1] 0.9547602 0.9534383 0.9481363 0.9448783 0.9443554 0.9434609 0.9458246 0.9438753 0.9163375 0.9194650 0.9365711
> E22[int.hit.n]
 [1] 0.9522821 0.9507583 0.9441844 0.9399308 0.9390047 0.9371916 0.9292436 0.9230800 0.8932594 0.8921954 0.9099212
> E21[int.hit.n]
 [1] 0.9527008 0.9511999 0.9448294 0.9407226 0.9398742 0.9382777 0.9324955 0.9268430 0.8973173 0.8968748 0.9145253
> E1.dif[int.hit.n]
 [1] 0.0004664290 0.0004945469 0.0007375176 0.0009058702 0.0010122611 0.0015234846 0.0082963795 0.0117699781 0.0123174851 0.0167174055
[11] 0.0171189833
> E2.dif[int.hit.n]
 [1] 0.0004187425 0.0004416118 0.0006450450 0.0007917914 0.0008694684 0.0010861460 0.0032519588 0.0037629883 0.0040579026 0.0046794455
[11] 0.0046041509
> SUM.E1E2[int.hit.n]
 [1] 0.0008851714 0.0009361588 0.0013825627 0.0016976616 0.0018817294 0.0026096306 0.0115483383 0.0155329664 0.0163753878 0.0213968510
[11] 0.0217231341
> round(E11[int.hit.n],digits=5)
 [1] 0.95429 0.95294 0.94740 0.94397 0.94334 0.94194 0.93753 0.93211 0.90402 0.90275 0.91945
> round(E12[int.hit.n],digits=5)
 [1] 0.95476 0.95344 0.94814 0.94488 0.94436 0.94346 0.94582 0.94388 0.91634 0.91947 0.93657
> round(E22[int.hit.n],digits=5)
 [1] 0.95228 0.95076 0.94418 0.93993 0.93900 0.93719 0.92924 0.92308 0.89326 0.89220 0.90992
> round(E21[int.hit.n],digits=5)
 [1] 0.95270 0.95120 0.94483 0.94072 0.93987 0.93828 0.93250 0.92684 0.89732 0.89687 0.91453
> round(E1.dif[int.hit.n],digits=5)
 [1] 0.00047 0.00049 0.00074 0.00091 0.00101 0.00152 0.00830 0.01177 0.01232 0.01672 0.01712
> round(E2.dif[int.hit.n],digits=5)
 [1] 0.00042 0.00044 0.00065 0.00079 0.00087 0.00109 0.00325 0.00376 0.00406 0.00468 0.00460
> round(SUM.E1E2[int.hit.n],digits=5)
 [1] 0.00089 0.00094 0.00138 0.00170 0.00188 0.00261 0.01155 0.01553 0.01638 0.02140 0.02172
> ##########################################################
> sel.iter <- c(1,2,3,4,5,6,16,26,36,46)
> E11[sel.iter]
 [1] 0.9542937 0.9529437 0.9473988 0.9439725 0.9433432 0.9419374 0.9375282 0.9350188 0.9321053 0.9286147
> E12[sel.iter]
 [1] 0.9547602 0.9534383 0.9481363 0.9448783 0.9443554 0.9434609 0.9458246 0.9449935 0.9438753 0.9418833
> E22[sel.iter]
 [1] 0.9522821 0.9507583 0.9441844 0.9399308 0.9390047 0.9371916 0.9292436 0.9263332 0.9230800 0.9193724
> E21[sel.iter]
 [1] 0.9527008 0.9511999 0.9448294 0.9407226 0.9398742 0.9382777 0.9324955 0.9298460 0.9268430 0.9232946
> E1.dif[sel.iter]
 [1] 0.0004664290 0.0004945469 0.0007375176 0.0009058702 0.0010122611 0.0015234846 0.0082963795 0.0099746982 0.0117699781 0.0132686391
> E2.dif[sel.iter]
 [1] 0.0004187425 0.0004416118 0.0006450450 0.0007917914 0.0008694684 0.0010861460 0.0032519588 0.0035127343 0.0037629883 0.0039221940
> SUM.E1E2[sel.iter]
 [1] 0.0008851714 0.0009361588 0.0013825627 0.0016976616 0.0018817294 0.0026096306 0.0115483383 0.0134874325 0.0155329664 0.0171908331
> round(E11[sel.iter],digits=5)
 [1] 0.95429 0.95294 0.94740 0.94397 0.94334 0.94194 0.93753 0.93502 0.93211 0.92861
> round(E12[sel.iter],digits=5)
 [1] 0.95476 0.95344 0.94814 0.94488 0.94436 0.94346 0.94582 0.94499 0.94388 0.94188
> round(E22[sel.iter],digits=5)
 [1] 0.95228 0.95076 0.94418 0.93993 0.93900 0.93719 0.92924 0.92633 0.92308 0.91937
> round(E21[sel.iter],digits=5)
 [1] 0.95270 0.95120 0.94483 0.94072 0.93987 0.93828 0.93250 0.92985 0.92684 0.92329
> round(E1.dif[sel.iter],digits=5)
 [1] 0.00047 0.00049 0.00074 0.00091 0.00101 0.00152 0.00830 0.00997 0.01177 0.01327
> round(E2.dif[sel.iter],digits=5)
 [1] 0.00042 0.00044 0.00065 0.00079 0.00087 0.00109 0.00325 0.00351 0.00376 0.00392
> round(SUM.E1E2[sel.iter],digits=5)
 [1] 0.00089 0.00094 0.00138 0.00170 0.00188 0.00261 0.01155 0.01349 0.01553 0.01719
> length(CRIT.vec)
[1] 200
> CRIT.vec <- CRIT.vec[1:nrow(xstart)]
> length(CRIT.vec)
[1] 200
> CRIT.vec
  [1] 2.347536e-12 2.347536e-12 2.347536e-12 2.347536e-12 1.394195e-02 2.031404e-02 2.792275e-02 3.649092e-02 4.630565e-02 5.723365e-02
 [11] 6.928275e-02 8.216808e-02 9.653842e-02 1.132614e-01 1.301825e-01 1.480695e-01 1.667190e-01 1.868891e-01 2.082409e-01 2.306589e-01
 [21] 2.541918e-01 2.790432e-01 3.047389e-01 3.313136e-01 3.589160e-01 3.878041e-01 4.178509e-01 4.495329e-01 4.823468e-01 5.163551e-01
 [31] 5.510663e-01 5.867536e-01 6.231591e-01 6.610775e-01 6.998149e-01 7.389343e-01 7.801801e-01 8.216309e-01 8.641847e-01 9.079537e-01
 [41] 9.521411e-01 9.974887e-01 1.043702e+00 1.090919e+00 1.142097e+00 1.191376e+00 1.240618e+00 1.290563e+00 1.341494e+00 1.394091e+00
 [51] 1.447967e+00 1.501076e+00 1.555533e+00 1.610511e+00 1.665835e+00 1.721424e+00 1.778377e+00 1.836092e+00 1.894841e+00 1.954800e+00
 [61] 2.015684e+00 2.077041e+00 2.138624e+00 2.201008e+00 2.264196e+00 2.327729e+00 2.391710e+00 2.456537e+00 2.522207e+00 2.589274e+00
 [71] 2.659272e+00 2.727738e+00 2.796706e+00 2.866874e+00 2.936722e+00 3.007145e+00 3.082607e+00 3.154849e+00 3.227549e+00 3.301004e+00
 [81] 3.375180e+00 3.452456e+00 3.528274e+00 3.604837e+00 3.682330e+00 3.760857e+00 3.840075e+00 3.919183e+00 3.999288e+00 4.080367e+00
 [91] 4.163963e+00 4.248426e+00 4.331683e+00 4.416042e+00 4.501766e+00 4.587372e+00 4.673135e+00 4.759643e+00 4.846291e+00 4.935735e+00
[101] 5.024597e+00 5.114606e+00 5.205041e+00 5.296974e+00 5.387651e+00 5.478962e+00 5.571003e+00 5.663797e+00 5.758225e+00 5.854157e+00
[111] 5.949825e+00 6.046261e+00 6.142884e+00 6.240245e+00 6.337846e+00 6.436542e+00 6.536166e+00 6.636204e+00 6.736977e+00 6.847273e+00
[121] 6.956833e+00 7.061914e+00 7.207386e+00 7.316692e+00 7.426531e+00 7.542332e+00 7.653667e+00 7.766447e+00 7.877264e+00 7.989461e+00
[131] 8.103096e+00 8.217679e+00 8.332561e+00 8.448822e+00 8.565954e+00 8.684034e+00 8.802195e+00 8.921900e+00 9.043321e+00 9.169430e+00
[141] 9.291835e+00 9.415410e+00 9.540076e+00 9.665392e+00 9.791629e+00 9.948506e+00 1.007827e+01 1.020798e+01 1.034340e+01 1.050225e+01
[151] 1.063452e+01 1.076660e+01 1.089896e+01 1.103342e+01 1.116732e+01 1.130259e+01 1.143799e+01 1.157398e+01 1.171059e+01 1.184667e+01
[161] 1.198356e+01 1.212115e+01 1.226118e+01 1.240187e+01 1.254083e+01 1.268111e+01 1.282168e+01 1.296298e+01 1.310525e+01 1.324853e+01
[171] 1.339212e+01 1.353619e+01 1.368240e+01 1.383083e+01 1.397989e+01 1.412672e+01 1.427479e+01 1.442616e+01 1.457545e+01 1.472582e+01
[181] 1.487515e+01 1.502569e+01 1.517647e+01 1.532846e+01 1.548008e+01 1.563331e+01 1.578671e+01 1.594064e+01 1.609511e+01 1.625051e+01
[191] 1.640623e+01 1.656333e+01 1.671776e+01 1.687350e+01 1.702931e+01 1.718632e+01 1.734445e+01 1.750942e+01 1.766933e+01 1.783040e+01
> xstart
    Var1 Var2
610  9.6  2.2
296  8.0  1.0
295  7.8  1.0
244  7.8  0.8
609  9.4  2.2
559  9.6  2.0
297  8.2  1.0
660  9.4  2.4
347  8.0  1.2
611  9.8  2.2
346  7.8  1.2
558  9.4  2.0
245  8.0  0.8
659  9.2  2.4
661  9.6  2.4
294  7.6  1.0
397  7.8  1.4
662  9.8  2.4
345  7.6  1.2
711  9.4  2.6
202  9.6  0.6
710  9.2  2.6
243  7.6  0.8
396  7.6  1.4
712  9.6  2.6
201  9.4  0.6
254  9.8  0.8
448  7.8  1.6
560  9.8  2.0
253  9.6  0.8
713  9.8  2.6
149  9.2  0.4
447  7.6  1.6
762  9.4  2.8
344  7.4  1.2
761  9.2  2.8
293  7.4  1.0
200  9.2  0.6
499  7.8  1.8
498  7.6  1.8
612 10.0  2.2
763  9.6  2.8
508  9.6  1.8
805  7.8  3.0
806  8.0  3.0
754  7.8  2.8
509  9.8  1.8
246  8.2  0.8
807  8.2  3.0
753  7.6  2.8
755  8.0  2.8
252  9.4  0.8
193  7.8  0.6
194  8.0  0.6
813  9.4  3.0
305  9.8  1.0
702  7.6  2.6
195  8.2  0.6
703  7.8  2.6
192  7.6  0.6
304  9.6  1.0
756  8.2  2.8
704  8.0  2.6
701  7.4  2.6
812  9.2  3.0
251  9.2  0.8
652  7.8  2.4
651  7.6  2.4
303  9.4  1.0
355  9.6  1.2
356  9.8  1.2
306 10.0  1.0
550  7.8  2.0
457  9.6  1.6
406  9.6  1.4
601  7.8  2.2
143  8.0  0.4
653  8.0  2.4
600  7.6  2.2
354  9.4  1.2
705  8.2  2.6
407  9.8  1.4
602  8.0  2.2
458  9.8  1.6
549  7.6  2.0
302  9.2  1.0
405  9.4  1.4
456  9.4  1.6
650  7.4  2.4
144  8.2  0.4
357 10.0  1.2
353  9.2  1.2
599  7.4  2.2
196  8.4  0.6
757  8.4  2.8
408 10.0  1.4
561 10.0  2.0
199  9.0  0.6
760  9.0  2.8
395  7.4  1.4
548  7.4  2.0
247  8.4  0.8
250  9.0  0.8
706  8.4  2.6
808  8.4  3.0
811  9.0  3.0
459 10.0  1.6
148  9.0  0.4
510 10.0  1.8
198  8.8  0.6
709  9.0  2.6
446  7.4  1.6
809  8.6  3.0
197  8.6  0.6
497  7.4  1.8
145  8.4  0.4
759  8.8  2.8
249  8.8  0.8
248  8.6  0.8
810  8.8  3.0
301  9.0  1.0
758  8.6  2.8
298  8.4  1.0
858  8.2  3.2
862  9.0  3.2
860  8.6  3.2
708  8.8  2.6
146  8.6  0.4
861  8.8  3.2
147  8.8  0.4
707  8.6  2.6
598  7.2  2.2
300  8.8  1.0
496  7.2  1.8
859  8.4  3.2
394  7.2  1.4
445  7.2  1.6
547  7.2  2.0
299  8.6  1.0
857  8.0  3.2
649  7.2  2.4
507  9.4  1.8
804  7.6  3.0
752  7.4  2.8
343  7.2  1.2
654  8.2  2.4
242  7.4  0.8
352  9.0  1.2
404  9.2  1.4
700  7.2  2.6
292  7.2  1.0
608  9.2  2.2
142  7.8  0.4
658  9.0  2.4
95   8.6  0.2
495  7.0  1.8
546  7.0  2.0
444  7.0  1.6
94   8.4  0.2
393  7.0  1.4
96   8.8  0.2
93   8.2  0.2
557  9.2  2.0
597  7.0  2.2
455  9.2  1.6
92   8.0  0.2
657  8.8  2.4
191  7.4  0.6
150  9.4  0.4
141  7.6  0.4
97   9.0  0.2
342  7.0  1.2
655  8.4  2.4
241  7.2  0.8
656  8.6  2.4
607  9.0  2.2
506  9.2  1.8
91   7.8  0.2
648  7.0  2.4
98   9.2  0.2
291  7.0  1.0
856  7.8  3.2
140  7.4  0.4
190  7.2  0.6
203  9.8  0.6
751  7.2  2.8
803  7.4  3.0
43   8.4  0.0
443  6.8  1.6
44   8.6  0.0
556  9.0  2.0
494  6.8  1.8
606  8.8  2.2
392  6.8  1.4
42   8.2  0.0
240  7.0  0.8
45   8.8  0.0
341  6.8  1.2
151  9.6  0.4
90   7.6  0.2
