user  system elapsed 
2572.02    0.72 2578.63 
> #-----------------------------------------------------------------------------------------------
> as.numeric(row.names(xstart))
  [1]  18  17  16  15  14  13  12  43  42  41  40  39  38  37  11  36  10  35   9  34   8  33  32   7   6  31   5  30   4  29  28   3  27
 [34]   2   1  26  51  52  53  54  55  56  57  58  59  60  61  62  63  64  65  66  67  68  19  44  69  20  45  70  76  77  78  79  80  81
 [67]  82  83  84  85  86  87  88  89  90  91  92  93  94  95  21  46  71  96  22  47  72  97  23  48  73  98  24  49  74  99  25  50  75
[100] 100 101 102 103 104 105 106 107 108 109 110 111 112 113 114 115 116 117 118 119 120 121 122 123 124 125 126 127 128 129 130 131 132
[133] 133 134 135 136 137 138 139 140 141 142 143 144 145 146 147 148 149 150 151 152 153 154 155 156 157 158 159 160 161 162 163 164 165
[166] 166 167 168 169 170 171 172 173 174 175 176 177 178 179 180 181 182 183 184 185 186 187 188 189 190 191 192 193 194 195 196 197 198
[199] 199 200
> setdiff(1:N,as.numeric(row.names(xstart)))
  [1] 201 202 203 204 205 206 207 208 209 210 211 212 213 214 215 216 217 218 219 220 221 222 223 224 225 226 227 228 229 230 231 232 233
 [34] 234 235 236 237 238 239 240 241 242 243 244 245 246 247 248 249 250 251 252 253 254 255 256 257 258 259 260 261 262 263 264 265 266
 [67] 267 268 269 270 271 272 273 274 275 276 277 278 279 280 281 282 283 284 285 286 287 288 289 290 291 292 293 294 295 296 297 298 299
[100] 300 301 302 303 304 305 306 307 308 309 310 311 312 313 314 315 316 317 318 319 320 321 322 323 324 325 326 327 328 329 330 331 332
[133] 333 334 335 336 337 338 339 340 341 342 343 344 345 346 347 348 349 350 351 352 353 354 355 356 357 358 359 360 361 362 363 364 365
[166] 366 367 368 369 370 371 372 373 374 375 376 377 378 379 380 381 382 383 384 385 386 387 388 389 390 391 392 393 394 395 396 397 398
[199] 399 400 401 402 403 404 405 406 407 408 409 410 411 412 413 414 415 416 417 418 419 420 421 422 423 424 425 426 427 428 429 430 431
[232] 432 433 434 435 436 437 438 439 440 441 442 443 444 445 446 447 448 449 450 451 452 453 454 455 456 457 458 459 460 461 462 463 464
[265] 465 466 467 468 469 470 471 472 473 474 475 476 477 478 479 480 481 482 483 484 485 486 487 488 489 490 491 492 493 494 495 496 497
[298] 498 499 500 501 502 503 504 505 506 507 508 509 510 511 512 513 514 515 516 517 518 519 520 521 522 523 524 525 526 527 528 529 530
[331] 531 532 533 534 535 536 537 538 539 540 541 542 543 544 545 546 547 548 549 550 551 552 553 554 555 556 557 558 559 560 561 562 563
[364] 564 565 566 567 568 569 570 571 572 573 574 575 576 577 578 579 580 581 582 583 584 585 586 587 588 589 590 591 592 593 594 595 596
[397] 597 598 599 600 601 602 603 604 605 606 607 608 609 610 611 612 613 614 615 616 617 618 619 620 621 622 623 624 625
> s.all <- sort(c(as.numeric(row.names(xstart)),setdiff(1:N,as.numeric(row.names(xstart)))))
> s.all2 <- sort(c(as.numeric(row.names(xstart)),as.numeric(row.names(xcan))))
> all.equal(1:N,s.all)
[1] TRUE
> all.equal(1:N,s.all2)
[1] TRUE
> nrow(xstart)
[1] 200
> nrow(xstart)-n1 
[1] 196
> nleft
[1] 196
> M.COUNT[nleft,]
  [1] 0 0 0 0 0 0 0 0 0 0 0 0 0 0 0 0 0 0 0 0 0 0 0 0 0 0 0 0 0 0 0 0 0 0 0 0 0 0 0 0 0 0 0 0 0 0 0 0 0 0 0 0 0 0 0 0 0 0 0 0 0 0 0 0 0 0 0
 [68] 0 0 0 0 0 0 0 0 0 0 0 0 0 0 0 0 0 0 0 0 0 0 0 0 0 0 0 0 0 0 0 0 0
> M.COUNT <- M.COUNT[1:(nrow(xstart)-n1),]
> dim(M.COUNT)
[1] 196 100
> M.COUNT[nrow(xstart)-n1,]
  [1] 0 0 0 0 0 0 0 0 0 0 0 0 0 0 0 0 0 0 0 0 0 0 0 0 0 0 0 0 0 0 0 0 0 0 0 0 0 0 0 0 0 0 0 0 0 0 0 0 0 0 0 0 0 0 0 0 0 0 0 0 0 0 0 0 0 0 0
 [68] 0 0 0 0 0 0 0 0 0 0 0 0 0 0 0 0 0 0 0 0 0 0 0 0 0 0 0 0 0 0 0 0 0
> M.COUNT.N <- 1-M.COUNT
> M.COUNT.N[nrow(xstart)-n1,]
  [1] 1 1 1 1 1 1 1 1 1 1 1 1 1 1 1 1 1 1 1 1 1 1 1 1 1 1 1 1 1 1 1 1 1 1 1 1 1 1 1 1 1 1 1 1 1 1 1 1 1 1 1 1 1 1 1 1 1 1 1 1 1 1 1 1 1 1 1
 [68] 1 1 1 1 1 1 1 1 1 1 1 1 1 1 1 1 1 1 1 1 1 1 1 1 1 1 1 1 1 1 1 1 1
> av.hit.iter <- apply(M.COUNT.N,1,mean)
> av.hit.run <- apply(M.COUNT.N,2,mean)
> av.hit.iter
  [1] 0.48 0.54 0.53 0.52 0.59 0.65 0.72 0.58 0.74 0.70 0.71 0.67 0.70 0.82 0.77 0.72 0.82 0.75 0.77 0.84 0.84 0.79 0.81 0.87 0.82 0.89 0.82
 [28] 0.90 0.91 0.84 0.92 0.89 0.89 0.89 0.90 0.92 0.91 0.96 0.89 0.88 0.92 0.88 0.96 0.95 0.92 0.92 0.94 0.94 0.92 0.95 0.94 0.95 0.95 0.98
 [55] 0.99 1.00 0.99 0.96 0.97 1.00 0.97 1.00 0.94 0.92 0.96 0.99 0.98 0.96 0.98 0.97 0.99 0.99 0.99 1.00 0.99 0.98 1.00 1.00 1.00 0.99 0.99
 [82] 1.00 0.97 1.00 1.00 0.97 1.00 0.99 0.99 1.00 1.00 0.98 0.99 0.99 1.00 0.99 1.00 0.99 0.99 0.99 0.99 0.99 1.00 1.00 1.00 1.00 1.00 1.00
[109] 1.00 1.00 1.00 1.00 1.00 1.00 0.98 1.00 1.00 1.00 1.00 1.00 1.00 1.00 1.00 1.00 1.00 1.00 0.99 1.00 1.00 0.99 1.00 0.99 1.00 1.00 1.00
[136] 0.99 1.00 1.00 1.00 1.00 1.00 1.00 1.00 1.00 1.00 1.00 0.99 1.00 1.00 1.00 1.00 1.00 1.00 1.00 1.00 1.00 1.00 1.00 1.00 1.00 1.00 1.00
[163] 1.00 1.00 1.00 1.00 1.00 1.00 1.00 1.00 1.00 1.00 1.00 1.00 1.00 1.00 1.00 1.00 1.00 1.00 1.00 1.00 1.00 1.00 1.00 1.00 1.00 1.00 1.00
[190] 1.00 1.00 1.00 1.00 1.00 1.00 1.00
> av.hit.run
  [1] 0.9438776 0.9642857 0.9183673 0.9387755 0.9591837 0.9336735 0.9591837 0.9387755 0.9591837 0.9591837 0.9591837 0.9438776 0.9642857
 [14] 0.9081633 0.9234694 0.9438776 0.9438776 0.9489796 0.9489796 0.9591837 0.9285714 0.9540816 0.9591837 0.9438776 0.9387755 0.9489796
 [27] 0.9540816 0.9489796 0.9489796 0.9438776 0.9285714 0.9438776 0.9489796 0.9489796 0.9540816 0.9438776 0.9693878 0.9438776 0.9540816
 [40] 0.9183673 0.9336735 0.9438776 0.9489796 0.9489796 0.9489796 0.9540816 0.9540816 0.9642857 0.9489796 0.9591837 0.9540816 0.9336735
 [53] 0.9387755 0.9489796 0.9693878 0.9642857 0.9387755 0.9387755 0.9795918 0.9591837 0.9387755 0.9591837 0.9489796 0.9489796 0.9387755
 [66] 0.9336735 0.9591837 0.9744898 0.9438776 0.9438776 0.9438776 0.9336735 0.9642857 0.9642857 0.9438776 0.9489796 0.9387755 0.9285714
 [79] 0.9234694 0.9438776 0.9591837 0.9489796 0.9336735 0.9591837 0.9489796 0.9336735 0.9336735 0.9234694 0.9591837 0.9438776 0.9540816
 [92] 0.9234694 0.9591837 0.9132653 0.9540816 0.9387755 0.9489796 0.9438776 0.9540816 0.9285714
> dim(M.COUNT.N)
[1] 196 100
> nrow(M.COUNT.N)
[1] 196
> length(av.hit.iter)
[1] 196
> E11
  [1] 0.9791889 0.9770765 0.9749575 0.9728316 0.9706988 0.9685591 0.9664124 0.9642588 0.9620983 0.9599312 0.9577584 0.9555825 0.9534109
 [14] 0.9512619 0.9491797 0.9472578 0.9456684 0.9446616 0.9444808 0.9451836 0.9465175 0.9442365 0.9437946 0.9566436 0.9551042 0.9539790
 [27] 0.9524301 0.9512967 0.9497387 0.9485973 0.9470318 0.9458830 0.9425195 0.9431615 0.9416054 0.9404557 0.9389530 0.9378316 0.9364878
 [40] 0.9354618 0.9329871 0.9337431 0.9324595 0.9333967 0.9343815 0.9351392 0.9335890 0.9334555 0.9420449 0.9407558 0.9392837 0.9390799
 [53] 0.9377837 0.9363204 0.9361200 0.9348270 0.9334132 0.9332357 0.9319756 0.9307161 0.9306142 0.9294654 0.9285938 0.9286935 0.9278374
 [66] 0.9277568 0.9282979 0.9280705 0.9291260 0.9303644 0.9311365 0.9295966 0.9294927 0.9293459 0.9292148 0.9295849 0.9281282 0.9280379
 [79] 0.9278189 0.9265103 0.9252092 0.9251926 0.9250651 0.9238677 0.9229644 0.9231460 0.9232519 0.9223539 0.9222688 0.9228871 0.9234777
 [92] 0.9232312 0.9243284 0.9256414 0.9269557 0.9277559 0.9261445 0.9260331 0.9258765 0.9257363 0.9255930 0.9254493 0.9253049 0.9251600
[105] 0.9250145 0.9248684 0.9247218 0.9245745 0.9244268 0.9242784 0.9241294 0.9239799 0.9238298 0.9236793 0.9235286 0.9233792 0.9232359
[118] 0.9231170 0.9230786 0.9232997 0.9241323 0.9224338 0.9223099 0.9221383 0.9219839 0.9218263 0.9216681 0.9215092 0.9213496 0.9211894
[131] 0.9210285 0.9208669 0.9207047 0.9205419 0.9203783 0.9202141 0.9200492 0.9198837 0.9197176 0.9195513 0.9193862 0.9192275 0.9190944
[144] 0.9190459 0.9192701 0.9201380 0.9183416 0.9182026 0.9180133 0.9178420 0.9176672 0.9174917 0.9173155 0.9171384 0.9169606 0.9167820
[157] 0.9166026 0.9164225 0.9162416 0.9160599 0.9158774 0.9156942 0.9155101 0.9153254 0.9151404 0.9149566 0.9147795 0.9146293 0.9145682
[170] 0.9147949 0.9157011 0.9137948 0.9136378 0.9134278 0.9132366 0.9130417 0.9128459 0.9126492 0.9124516 0.9122530 0.9120536 0.9118533
[183] 0.9116520 0.9114499 0.9112468 0.9110427 0.9108378 0.9106319 0.9104252 0.9102181 0.9100122 0.9098133 0.9096426 0.9095663 0.9097946
[196] 0.9107423
> E12
  [1] 0.9796387 0.9775576 0.9754555 0.9733432 0.9712233 0.9690965 0.9669626 0.9648218 0.9626741 0.9605197 0.9583593 0.9561950 0.9540333
 [14] 0.9518914 0.9498103 0.9478768 0.9462476 0.9451585 0.9448719 0.9455025 0.9468183 0.9446645 0.9444293 0.9578075 0.9564535 0.9551807
 [27] 0.9538178 0.9525363 0.9511649 0.9498748 0.9484961 0.9471981 0.9438736 0.9445128 0.9431413 0.9418398 0.9405147 0.9392386 0.9380489
 [40] 0.9368609 0.9343126 0.9350528 0.9335945 0.9344923 0.9354355 0.9360440 0.9347776 0.9347965 0.9446211 0.9431762 0.9418288 0.9417461
 [53] 0.9402927 0.9389526 0.9388731 0.9374206 0.9361240 0.9360650 0.9346406 0.9334775 0.9334845 0.9321596 0.9313280 0.9315065 0.9304492
 [66] 0.9303212 0.9308813 0.9304293 0.9314304 0.9326528 0.9332577 0.9319672 0.9319785 0.9319321 0.9318510 0.9331172 0.9318054 0.9317753
 [79] 0.9316524 0.9301583 0.9289798 0.9290160 0.9289717 0.9275810 0.9267384 0.9269489 0.9271051 0.9259969 0.9258741 0.9264752 0.9270648
 [92] 0.9265938 0.9276380 0.9289203 0.9302179 0.9308554 0.9294375 0.9294178 0.9293443 0.9292358 0.9291168 0.9289937 0.9288696 0.9287448
[105] 0.9286196 0.9284938 0.9283675 0.9282408 0.9281135 0.9279858 0.9278576 0.9277288 0.9275996 0.9274699 0.9273402 0.9272112 0.9270873
[118] 0.9269788 0.9269244 0.9270556 0.9277247 0.9262021 0.9261634 0.9260699 0.9259400 0.9257991 0.9256538 0.9255073 0.9253600 0.9252121
[131] 0.9250636 0.9249145 0.9247648 0.9246144 0.9244635 0.9243119 0.9241597 0.9240069 0.9238536 0.9237000 0.9235472 0.9233997 0.9232691
[144] 0.9231973 0.9233261 0.9240248 0.9224051 0.9223526 0.9222429 0.9220947 0.9219350 0.9217706 0.9216048 0.9214381 0.9212707 0.9211026
[157] 0.9209337 0.9207641 0.9205938 0.9204227 0.9202509 0.9200784 0.9199051 0.9197311 0.9195569 0.9193834 0.9192154 0.9190654 0.9189782
[170] 0.9191045 0.9198333 0.9181116 0.9180455 0.9179190 0.9177520 0.9175726 0.9173882 0.9172022 0.9170152 0.9168274 0.9166387 0.9164491
[183] 0.9162587 0.9160673 0.9158752 0.9156821 0.9154881 0.9152933 0.9150977 0.9149016 0.9147063 0.9145167 0.9143461 0.9142421 0.9143647
[196] 0.9151255
> E22
  [1] 0.9789246 0.9768231 0.9747181 0.9726068 0.9704887 0.9683637 0.9662319 0.9640930 0.9619472 0.9597944 0.9576349 0.9554695 0.9533015
 [14] 0.9511424 0.9490272 0.9470501 0.9454163 0.9444523 0.9444507 0.9453786 0.9468280 0.9439636 0.9432121 0.9541108 0.9524285 0.9513264
 [27] 0.9496338 0.9485233 0.9468204 0.9457015 0.9439889 0.9428618 0.9393617 0.9400080 0.9382919 0.9371565 0.9354831 0.9343682 0.9328593
 [40] 0.9318378 0.9293074 0.9300713 0.9289857 0.9299733 0.9311302 0.9321096 0.9301637 0.9298426 0.9372841 0.9360066 0.9343674 0.9340926
 [53] 0.9328050 0.9311658 0.9308903 0.9295996 0.9279993 0.9277413 0.9264737 0.9250342 0.9248546 0.9236947 0.9227215 0.9227843 0.9219533
 [66] 0.9219590 0.9225703 0.9224786 0.9237017 0.9250648 0.9260364 0.9242514 0.9240190 0.9238081 0.9236419 0.9235147 0.9218435 0.9216502
 [79] 0.9214195 0.9201052 0.9185970 0.9184811 0.9183428 0.9171330 0.9161068 0.9162327 0.9163644 0.9154865 0.9154796 0.9161552 0.9168620
 [92] 0.9167460 0.9180136 0.9194456 0.9208973 0.9218944 0.9200696 0.9198417 0.9196339 0.9194725 0.9193113 0.9191507 0.9189895 0.9188277
[105] 0.9186653 0.9185022 0.9183386 0.9181742 0.9180093 0.9178436 0.9176774 0.9175105 0.9173429 0.9171747 0.9170061 0.9168379 0.9166747
[118] 0.9165384 0.9165048 0.9168257 0.9178615 0.9159482 0.9157055 0.9154833 0.9153096 0.9151362 0.9149633 0.9147897 0.9146154 0.9144404
[131] 0.9142648 0.9140883 0.9139112 0.9137334 0.9135548 0.9133754 0.9131954 0.9130146 0.9128330 0.9126510 0.9124694 0.9122928 0.9121441
[144] 0.9121022 0.9124312 0.9135117 0.9114906 0.9112267 0.9109841 0.9107926 0.9106012 0.9104103 0.9102186 0.9100261 0.9098328 0.9096387
[157] 0.9094437 0.9092479 0.9090512 0.9088537 0.9086554 0.9084561 0.9082560 0.9080551 0.9078535 0.9076523 0.9074562 0.9072894 0.9072351
[170] 0.9075716 0.9087012 0.9065573 0.9062679 0.9060008 0.9057876 0.9055744 0.9053616 0.9051479 0.9049332 0.9047176 0.9045010 0.9042834
[183] 0.9040649 0.9038453 0.9036247 0.9034031 0.9031805 0.9029568 0.9027322 0.9025068 0.9022816 0.9020618 0.9018728 0.9018027 0.9021462
[196] 0.9033295
> E21
  [1] 0.9792322 0.9771458 0.9750531 0.9729537 0.9708474 0.9687344 0.9666144 0.9644874 0.9623535 0.9602125 0.9580643 0.9559095 0.9537505
 [14] 0.9515977 0.9494848 0.9475029 0.9458497 0.9448426 0.9447828 0.9456706 0.9471106 0.9443528 0.9437152 0.9549361 0.9533331 0.9521845
 [27] 0.9505715 0.9494143 0.9477912 0.9466254 0.9449924 0.9438181 0.9403441 0.9409955 0.9393569 0.9381725 0.9365725 0.9354063 0.9339589
 [40] 0.9328810 0.9303139 0.9310750 0.9298945 0.9308665 0.9319958 0.9329009 0.9311212 0.9308757 0.9389869 0.9376701 0.9360916 0.9358630
 [53] 0.9345354 0.9329556 0.9327257 0.9313937 0.9298492 0.9296351 0.9283235 0.9269289 0.9267878 0.9255775 0.9246197 0.9247056 0.9238095
 [66] 0.9237838 0.9243898 0.9242130 0.9254040 0.9267533 0.9276542 0.9259784 0.9258010 0.9256299 0.9254848 0.9257651 0.9241567 0.9240002
 [79] 0.9237918 0.9224321 0.9209755 0.9208915 0.9207695 0.9195091 0.9185033 0.9186463 0.9187798 0.9178391 0.9178022 0.9184674 0.9191554
 [92] 0.9189587 0.9201937 0.9216088 0.9230459 0.9239774 0.9222335 0.9220500 0.9218724 0.9217218 0.9215697 0.9214175 0.9212646 0.9211112
[105] 0.9209572 0.9208026 0.9206473 0.9204915 0.9203351 0.9201781 0.9200204 0.9198621 0.9197032 0.9195437 0.9193837 0.9192240 0.9190686
[118] 0.9189367 0.9188980 0.9191789 0.9201485 0.9183120 0.9181125 0.9179190 0.9177539 0.9175872 0.9174202 0.9172525 0.9170842 0.9169152
[131] 0.9167455 0.9165750 0.9164039 0.9162321 0.9160596 0.9158864 0.9157125 0.9155378 0.9153624 0.9151865 0.9150107 0.9148394 0.9146928
[144] 0.9146438 0.9149306 0.9159422 0.9140002 0.9137812 0.9135685 0.9133855 0.9132007 0.9130156 0.9128297 0.9126431 0.9124556 0.9122673
[157] 0.9120782 0.9118883 0.9116976 0.9115060 0.9113136 0.9111204 0.9109263 0.9107314 0.9105358 0.9103403 0.9101494 0.9099844 0.9099224
[170] 0.9102147 0.9112719 0.9092114 0.9089696 0.9087342 0.9085301 0.9083241 0.9081176 0.9079101 0.9077018 0.9074925 0.9072823 0.9070710
[183] 0.9068589 0.9066457 0.9064316 0.9062165 0.9060004 0.9057833 0.9055653 0.9053463 0.9051274 0.9049133 0.9047264 0.9046484 0.9049455
[196] 0.9060526
> E1.dif
  [1] 0.0004498222 0.0004810806 0.0004980135 0.0005115826 0.0005245160 0.0005373475 0.0005501870 0.0005630379 0.0005758623 0.0005885592
 [11] 0.0006009051 0.0006124577 0.0006224264 0.0006294338 0.0006306428 0.0006189593 0.0005792760 0.0004968898 0.0003911184 0.0003189307
 [21] 0.0003007525 0.0004280411 0.0006346635 0.0011639089 0.0013492896 0.0012017102 0.0013877080 0.0012396571 0.0014261666 0.0012775783
 [31] 0.0014643518 0.0013150795 0.0013541366 0.0013512897 0.0015358931 0.0013840851 0.0015617457 0.0014070029 0.0015611010 0.0013991539
 [41] 0.0013255103 0.0013096853 0.0011349599 0.0010956439 0.0010539997 0.0009048290 0.0011886260 0.0013410079 0.0025762158 0.0024203704
 [51] 0.0025450503 0.0026662405 0.0025090263 0.0026322289 0.0027531098 0.0025935754 0.0027108227 0.0028293373 0.0026649428 0.0027614084
 [61] 0.0028703303 0.0026941548 0.0027341810 0.0028130135 0.0026118552 0.0025643329 0.0025834163 0.0023587177 0.0023043970 0.0022884967
 [71] 0.0021212641 0.0023705599 0.0024857884 0.0025861578 0.0026362205 0.0035323234 0.0036772093 0.0037374551 0.0038334732 0.0036479597
 [81] 0.0037705700 0.0038234234 0.0039066749 0.0037133329 0.0037740019 0.0038029020 0.0038531758 0.0036430199 0.0036052456 0.0035880767
 [91] 0.0035871739 0.0033626237 0.0033096137 0.0032788996 0.0032622262 0.0030994999 0.0032930675 0.0033846810 0.0034678083 0.0034994782
[101] 0.0035237949 0.0035444588 0.0035647029 0.0035848804 0.0036051095 0.0036254124 0.0036457930 0.0036662529 0.0036867926 0.0037074124
[111] 0.0037281124 0.0037488911 0.0037697438 0.0037906481 0.0038115595 0.0038320771 0.0038513846 0.0038618383 0.0038457410 0.0037559086
[121] 0.0035924487 0.0037683211 0.0038535305 0.0039316083 0.0039560290 0.0039727695 0.0039856598 0.0039980799 0.0040103987 0.0040227400
[131] 0.0040351266 0.0040475625 0.0040600493 0.0040725871 0.0040851764 0.0040978167 0.0041105065 0.0041232406 0.0041359957 0.0041487278
[141] 0.0041610432 0.0041721939 0.0041746788 0.0041513905 0.0040559255 0.0038867778 0.0040634861 0.0041500522 0.0042295829 0.0042527270
[151] 0.0042677967 0.0042788078 0.0042893163 0.0042997101 0.0043101193 0.0043205680 0.0043310603 0.0043415977 0.0043521806 0.0043628092
[161] 0.0043734831 0.0043842006 0.0043949563 0.0044057258 0.0044164643 0.0044267677 0.0044358920 0.0044361263 0.0044099878 0.0043095460
[171] 0.0041322280 0.0043167615 0.0044076490 0.0044912545 0.0045153586 0.0045309445 0.0045422465 0.0045530190 0.0045636715 0.0045743416
[181] 0.0045850544 0.0045958146 0.0046066237 0.0046174822 0.0046283902 0.0046393475 0.0046503521 0.0046613984 0.0046724609 0.0046834927
[191] 0.0046940701 0.0047034213 0.0047034529 0.0046758420 0.0045701149 0.0043831561
> E2.dif
  [1] 0.0003075268 0.0003226564 0.0003349951 0.0003468867 0.0003587366 0.0003706088 0.0003825075 0.0003944171 0.0004062929 0.0004180280
 [11] 0.0004293908 0.0004399358 0.0004489252 0.0004553169 0.0004576342 0.0004527888 0.0004333801 0.0003902944 0.0003320828 0.0002919891
 [21] 0.0002825856 0.0003892290 0.0005031436 0.0008253260 0.0009046685 0.0008581164 0.0009377130 0.0008910208 0.0009707667 0.0009238698
 [31] 0.0010035294 0.0009562804 0.0009823342 0.0009874786 0.0010650177 0.0010159490 0.0010893891 0.0010381065 0.0010995850 0.0010431870
 [41] 0.0010064968 0.0010036614 0.0009088745 0.0008932666 0.0008655889 0.0007912847 0.0009574778 0.0010331692 0.0017027582 0.0016634793
 [51] 0.0017241557 0.0017703954 0.0017303978 0.0017898086 0.0018354646 0.0017941001 0.0018499472 0.0018938358 0.0018497504 0.0018946872
 [61] 0.0019331699 0.0018828023 0.0018981666 0.0019212050 0.0018562434 0.0018247755 0.0018194981 0.0017344351 0.0017022875 0.0016884925
 [71] 0.0016177777 0.0017270128 0.0017820108 0.0018218774 0.0018429207 0.0022504055 0.0023132277 0.0023499482 0.0023723253 0.0023268851
 [81] 0.0023784939 0.0024103295 0.0024266748 0.0023761465 0.0023965047 0.0024136183 0.0024153429 0.0023525835 0.0023225519 0.0023122790
 [91] 0.0022933404 0.0022127495 0.0021801011 0.0021632176 0.0021486412 0.0020830161 0.0021639678 0.0022082642 0.0022384596 0.0022493153
[101] 0.0022583514 0.0022667314 0.0022750924 0.0022834702 0.0022918790 0.0023003202 0.0023087941 0.0023173011 0.0023258413 0.0023344148
[111] 0.0023430214 0.0023516599 0.0023603257 0.0023690023 0.0023776447 0.0023860736 0.0023938846 0.0023983941 0.0023932765 0.0023532753
[121] 0.0022869850 0.0023637611 0.0024069457 0.0024357350 0.0024442946 0.0024509468 0.0024569021 0.0024628282 0.0024687620 0.0024747184
[131] 0.0024806989 0.0024867038 0.0024927332 0.0024987874 0.0025048664 0.0025109699 0.0025170966 0.0025232417 0.0025293881 0.0025354905
[141] 0.0025413723 0.0025466591 0.0025487400 0.0025415419 0.0024994317 0.0024304979 0.0025096175 0.0025545170 0.0025843655 0.0025929330
[151] 0.0025994948 0.0026053226 0.0026111191 0.0026169233 0.0026227507 0.0026286029 0.0026344802 0.0026403829 0.0026463111 0.0026522650
[161] 0.0026582441 0.0026642472 0.0026702691 0.0026762920 0.0026822687 0.0026880163 0.0026931536 0.0026949827 0.0026872462 0.0026430931
[171] 0.0025707696 0.0026541550 0.0027016795 0.0027333473 0.0027425532 0.0027496443 0.0027559626 0.0027622500 0.0027685477 0.0027748723
[181] 0.0027812253 0.0027876071 0.0027940181 0.0028004584 0.0028069281 0.0028134269 0.0028199535 0.0028265024 0.0028330548 0.0028395610
[191] 0.0028458285 0.0028514575 0.0028536075 0.0028456918 0.0027993199 0.0027231355
> SUM.E1E2
  [1] 0.0007573489 0.0008037370 0.0008330086 0.0008584693 0.0008832526 0.0009079563 0.0009326945 0.0009574550 0.0009821551 0.0010065871
 [11] 0.0010302960 0.0010523935 0.0010713516 0.0010847507 0.0010882770 0.0010717480 0.0010126561 0.0008871842 0.0007232013 0.0006109198
 [21] 0.0005833380 0.0008172701 0.0011378071 0.0019892350 0.0022539582 0.0020598266 0.0023254209 0.0021306780 0.0023969333 0.0022014481
 [31] 0.0024678812 0.0022713599 0.0023364709 0.0023387683 0.0026009108 0.0024000341 0.0026511348 0.0024451093 0.0026606860 0.0024423409
 [41] 0.0023320071 0.0023133467 0.0020438345 0.0019889105 0.0019195886 0.0016961138 0.0021461038 0.0023741771 0.0042789739 0.0040838497
 [51] 0.0042692060 0.0044366360 0.0042394240 0.0044220375 0.0045885744 0.0043876755 0.0045607699 0.0047231731 0.0045146932 0.0046560956
 [61] 0.0048035002 0.0045769571 0.0046323477 0.0047342185 0.0044680987 0.0043891083 0.0044029145 0.0040931528 0.0040066845 0.0039769893
 [71] 0.0037390418 0.0040975727 0.0042677992 0.0044080352 0.0044791412 0.0057827288 0.0059904369 0.0060874033 0.0062057985 0.0059748448
 [81] 0.0061490639 0.0062337529 0.0063333497 0.0060894794 0.0061705065 0.0062165203 0.0062685186 0.0059956033 0.0059277974 0.0059003557
 [91] 0.0058805143 0.0055753733 0.0054897147 0.0054421172 0.0054108673 0.0051825160 0.0054570353 0.0055929451 0.0057062679 0.0057487935
[101] 0.0057821464 0.0058111902 0.0058397954 0.0058683506 0.0058969885 0.0059257326 0.0059545871 0.0059835540 0.0060126339 0.0060418272
[111] 0.0060711338 0.0061005510 0.0061300695 0.0061596504 0.0061892042 0.0062181506 0.0062452692 0.0062602323 0.0062390174 0.0061091839
[121] 0.0058794337 0.0061320823 0.0062604761 0.0063673433 0.0064003235 0.0064237163 0.0064425619 0.0064609080 0.0064791607 0.0064974584
[131] 0.0065158255 0.0065342663 0.0065527825 0.0065713745 0.0065900428 0.0066087866 0.0066276031 0.0066464823 0.0066653838 0.0066842184
[141] 0.0067024156 0.0067188530 0.0067234188 0.0066929324 0.0065553572 0.0063172758 0.0065731036 0.0067045692 0.0068139484 0.0068456600
[151] 0.0068672915 0.0068841304 0.0069004354 0.0069166334 0.0069328700 0.0069491708 0.0069655405 0.0069819806 0.0069984918 0.0070150742
[161] 0.0070317272 0.0070484478 0.0070652254 0.0070820178 0.0070987330 0.0071147840 0.0071290456 0.0071311090 0.0070972340 0.0069526392
[171] 0.0067029976 0.0069709164 0.0071093285 0.0072246018 0.0072579118 0.0072805888 0.0072982091 0.0073152690 0.0073322193 0.0073492138
[181] 0.0073662797 0.0073834217 0.0074006419 0.0074179406 0.0074353183 0.0074527744 0.0074703056 0.0074879008 0.0075055157 0.0075230537
[191] 0.0075398986 0.0075548789 0.0075570604 0.0075215337 0.0073694349 0.0071062916
> int.hit.n <- c(1,2,3,4,5,6,16,36,76,116,156,length(av.hit.iter))
> int.hit.n
 [1]   1   2   3   4   5   6  16  36  76 116 156 196
> av.hit.iter[int.hit.n]
 [1] 0.48 0.54 0.53 0.52 0.59 0.65 0.72 0.92 0.98 1.00 1.00 1.00
> E11[int.hit.n]
 [1] 0.9791889 0.9770765 0.9749575 0.9728316 0.9706988 0.9685591 0.9472578 0.9404557 0.9295849 0.9233792 0.9167820 0.9107423
> E12[int.hit.n]
 [1] 0.9796387 0.9775576 0.9754555 0.9733432 0.9712233 0.9690965 0.9478768 0.9418398 0.9331172 0.9272112 0.9211026 0.9151255
> E22[int.hit.n]
 [1] 0.9789246 0.9768231 0.9747181 0.9726068 0.9704887 0.9683637 0.9470501 0.9371565 0.9235147 0.9168379 0.9096387 0.9033295
> E21[int.hit.n]
 [1] 0.9792322 0.9771458 0.9750531 0.9729537 0.9708474 0.9687344 0.9475029 0.9381725 0.9257651 0.9192240 0.9122673 0.9060526
> E1.dif[int.hit.n]
 [1] 0.0004498222 0.0004810806 0.0004980135 0.0005115826 0.0005245160 0.0005373475 0.0006189593 0.0013840851 0.0035323234 0.0038320771
[11] 0.0043205680 0.0043831561
> E2.dif[int.hit.n]
 [1] 0.0003075268 0.0003226564 0.0003349951 0.0003468867 0.0003587366 0.0003706088 0.0004527888 0.0010159490 0.0022504055 0.0023860736
[11] 0.0026286029 0.0027231355
> SUM.E1E2[int.hit.n]
 [1] 0.0007573489 0.0008037370 0.0008330086 0.0008584693 0.0008832526 0.0009079563 0.0010717480 0.0024000341 0.0057827288 0.0062181506
[11] 0.0069491708 0.0071062916
> round(E11[int.hit.n],digits=5)
 [1] 0.97919 0.97708 0.97496 0.97283 0.97070 0.96856 0.94726 0.94046 0.92958 0.92338 0.91678 0.91074
> round(E12[int.hit.n],digits=5)
 [1] 0.97964 0.97756 0.97546 0.97334 0.97122 0.96910 0.94788 0.94184 0.93312 0.92721 0.92110 0.91513
> round(E22[int.hit.n],digits=5)
 [1] 0.97892 0.97682 0.97472 0.97261 0.97049 0.96836 0.94705 0.93716 0.92351 0.91684 0.90964 0.90333
> round(E21[int.hit.n],digits=5)
 [1] 0.97923 0.97715 0.97505 0.97295 0.97085 0.96873 0.94750 0.93817 0.92577 0.91922 0.91227 0.90605
> round(E1.dif[int.hit.n],digits=5)
 [1] 0.00045 0.00048 0.00050 0.00051 0.00052 0.00054 0.00062 0.00138 0.00353 0.00383 0.00432 0.00438
> round(E2.dif[int.hit.n],digits=5)
 [1] 0.00031 0.00032 0.00033 0.00035 0.00036 0.00037 0.00045 0.00102 0.00225 0.00239 0.00263 0.00272
> round(SUM.E1E2[int.hit.n],digits=5)
 [1] 0.00076 0.00080 0.00083 0.00086 0.00088 0.00091 0.00107 0.00240 0.00578 0.00622 0.00695 0.00711
> ##########################################################
> sel.iter <- c(1,2,3,4,5,6,16,26,36,46)
> av.hit.iter[sel.iter]
 [1] 0.48 0.54 0.53 0.52 0.59 0.65 0.72 0.89 0.92 0.92
> E11[sel.iter]
 [1] 0.9791889 0.9770765 0.9749575 0.9728316 0.9706988 0.9685591 0.9472578 0.9539790 0.9404557 0.9351392
> E12[sel.iter]
 [1] 0.9796387 0.9775576 0.9754555 0.9733432 0.9712233 0.9690965 0.9478768 0.9551807 0.9418398 0.9360440
> E22[sel.iter]
 [1] 0.9789246 0.9768231 0.9747181 0.9726068 0.9704887 0.9683637 0.9470501 0.9513264 0.9371565 0.9321096
> E21[sel.iter]
 [1] 0.9792322 0.9771458 0.9750531 0.9729537 0.9708474 0.9687344 0.9475029 0.9521845 0.9381725 0.9329009
> E1.dif[sel.iter]
 [1] 0.0004498222 0.0004810806 0.0004980135 0.0005115826 0.0005245160 0.0005373475 0.0006189593 0.0012017102 0.0013840851 0.0009048290
> E2.dif[sel.iter]
 [1] 0.0003075268 0.0003226564 0.0003349951 0.0003468867 0.0003587366 0.0003706088 0.0004527888 0.0008581164 0.0010159490 0.0007912847
> SUM.E1E2[sel.iter]
 [1] 0.0007573489 0.0008037370 0.0008330086 0.0008584693 0.0008832526 0.0009079563 0.0010717480 0.0020598266 0.0024000341 0.0016961138
> round(av.hit.iter[sel.iter],digits=5)
 [1] 0.48 0.54 0.53 0.52 0.59 0.65 0.72 0.89 0.92 0.92
> round(E11[sel.iter],digits=5)
 [1] 0.97919 0.97708 0.97496 0.97283 0.97070 0.96856 0.94726 0.95398 0.94046 0.93514
> round(E12[sel.iter],digits=5)
 [1] 0.97964 0.97756 0.97546 0.97334 0.97122 0.96910 0.94788 0.95518 0.94184 0.93604
> round(E22[sel.iter],digits=5)
 [1] 0.97892 0.97682 0.97472 0.97261 0.97049 0.96836 0.94705 0.95133 0.93716 0.93211
> round(E21[sel.iter],digits=5)
 [1] 0.97923 0.97715 0.97505 0.97295 0.97085 0.96873 0.94750 0.95218 0.93817 0.93290
> round(E1.dif[sel.iter],digits=5)
 [1] 0.00045 0.00048 0.00050 0.00051 0.00052 0.00054 0.00062 0.00120 0.00138 0.00090
> round(E2.dif[sel.iter],digits=5)
 [1] 0.00031 0.00032 0.00033 0.00035 0.00036 0.00037 0.00045 0.00086 0.00102 0.00079
> round(SUM.E1E2[sel.iter],digits=5)
 [1] 0.00076 0.00080 0.00083 0.00086 0.00088 0.00091 0.00107 0.00206 0.00240 0.00170
> length(CRIT.vec)
[1] 200
> CRIT.vec <- CRIT.vec[1:nrow(xstart)]
> length(CRIT.vec)
[1] 200
> CRIT.vec
  [1] 2.934319e-13 2.934319e-13 2.934319e-13 2.934319e-13 7.202116e-02 1.190139e-01 1.642150e-01 2.065471e-01 2.458811e-01 2.822949e-01
 [11] 3.159167e-01 3.468926e-01 3.753781e-01 4.015328e-01 4.255173e-01 4.474905e-01 4.676073e-01 4.860173e-01 5.028642e-01 5.182885e-01
 [21] 5.324429e-01 5.455474e-01 5.580181e-01 5.707850e-01 5.867255e-01 5.873295e-01 5.925554e-01 6.289599e-01 6.334299e-01 6.398571e-01
 [31] 6.435380e-01 6.488219e-01 6.518625e-01 6.562209e-01 6.587394e-01 6.623449e-01 6.644356e-01 6.674254e-01 6.691644e-01 6.716489e-01
 [41] 6.730976e-01 6.751656e-01 6.763741e-01 6.780980e-01 6.791072e-01 6.805459e-01 6.813894e-01 6.825913e-01 6.832968e-01 6.843017e-01
 [51] 6.846413e-01 6.853105e-01 6.886756e-01 6.892145e-01 6.894775e-01 6.898210e-01 6.902215e-01 6.904170e-01 6.906724e-01 6.909701e-01
 [61] 6.911156e-01 6.913056e-01 6.915270e-01 6.916352e-01 6.917766e-01 6.919413e-01 6.920219e-01 6.921271e-01 6.922496e-01 6.923096e-01
 [71] 6.923879e-01 6.924791e-01 6.925237e-01 6.925820e-01 6.926499e-01 6.926795e-01 6.927212e-01 6.927689e-01 6.928142e-01 6.929662e-01
 [81] 6.929783e-01 6.929940e-01 6.930117e-01 6.930289e-01 6.930368e-01 6.930471e-01 6.930586e-01 6.930698e-01 6.930750e-01 6.930817e-01
 [91] 6.930893e-01 6.930966e-01 6.931000e-01 6.931044e-01 6.931093e-01 6.931141e-01 6.931163e-01 6.931192e-01 6.931225e-01 6.931256e-01
[101] 6.931270e-01 6.931289e-01 6.931310e-01 6.931329e-01 6.931347e-01 6.931363e-01 6.931376e-01 6.931388e-01 6.931399e-01 6.931408e-01
[111] 6.931416e-01 6.931423e-01 6.931429e-01 6.931434e-01 6.931439e-01 6.931443e-01 6.931447e-01 6.931450e-01 6.931452e-01 6.931455e-01
[121] 6.931457e-01 6.931459e-01 6.931460e-01 6.931462e-01 6.931463e-01 6.931464e-01 6.931464e-01 6.931465e-01 6.931466e-01 6.931467e-01
[131] 6.931467e-01 6.931468e-01 6.931468e-01 6.931469e-01 6.931469e-01 6.931470e-01 6.931470e-01 6.931470e-01 6.931470e-01 6.931470e-01
[141] 6.931471e-01 6.931471e-01 6.931471e-01 6.931471e-01 6.931471e-01 6.931471e-01 6.931471e-01 6.931471e-01 6.931471e-01 6.931471e-01
[151] 6.931471e-01 6.931472e-01 6.931472e-01 6.931472e-01 6.931472e-01 6.931472e-01 6.931472e-01 6.931472e-01 6.931472e-01 6.931472e-01
[161] 6.931472e-01 6.931472e-01 6.931472e-01 6.931472e-01 6.931472e-01 6.931472e-01 6.931472e-01 6.931472e-01 6.931472e-01 6.931472e-01
[171] 6.931472e-01 6.931472e-01 6.931472e-01 6.931472e-01 6.931472e-01 6.931472e-01 6.931472e-01 6.931472e-01 6.931472e-01 6.931472e-01
[181] 6.931472e-01 6.931472e-01 6.931472e-01 6.931472e-01 6.931472e-01 6.931472e-01 6.931472e-01 6.931472e-01 6.931472e-01 6.931472e-01
[191] 6.931472e-01 6.931472e-01 6.931472e-01 6.931472e-01 6.931472e-01 6.931472e-01 6.931472e-01 6.931472e-01 6.931472e-01 6.931472e-01
> CRIT.vecU <- CRIT.vecU[1:nrow(xstart)]
> length(CRIT.vecU)
[1] 200
> CRIT.vecU
  [1] 2.935430e-13 2.935430e-13 2.935430e-13 2.935430e-13 7.497161e-02 1.276895e-01 1.819157e-01 2.364586e-01 2.910638e-01 3.456807e-01
 [11] 4.002999e-01 4.549194e-01 5.095391e-01 5.641590e-01 6.187796e-01 6.734019e-01 7.280286e-01 7.826656e-01 8.373256e-01 8.920449e-01
 [21] 9.469613e-01 1.002600e+00 1.060649e+00 1.126214e+00 1.219594e+00 1.222816e+00 1.253880e+00 1.587188e+00 1.637232e+00 1.720961e+00
 [31] 1.771005e+00 1.854734e+00 1.904778e+00 1.988507e+00 2.038551e+00 2.122280e+00 2.172324e+00 2.256053e+00 2.306097e+00 2.389826e+00
 [41] 2.439870e+00 2.523599e+00 2.573643e+00 2.657371e+00 2.707416e+00 2.791144e+00 2.841189e+00 2.924917e+00 2.974961e+00 3.058690e+00
 [51] 3.082829e+00 3.140910e+00 3.603739e+00 3.707176e+00 3.757741e+00 3.831957e+00 3.935394e+00 3.985959e+00 4.060175e+00 4.163612e+00
 [61] 4.214177e+00 4.288393e+00 4.391830e+00 4.442395e+00 4.516611e+00 4.620048e+00 4.670613e+00 4.744829e+00 4.848266e+00 4.898831e+00
 [71] 4.973048e+00 5.076484e+00 5.127049e+00 5.201266e+00 5.304702e+00 5.346533e+00 5.415687e+00 5.506103e+00 5.605815e+00 6.118790e+00
 [81] 6.169404e+00 6.243646e+00 6.338763e+00 6.449917e+00 6.500531e+00 6.574773e+00 6.669890e+00 6.781044e+00 6.831659e+00 6.905900e+00
 [91] 7.001018e+00 7.112171e+00 7.162786e+00 7.237027e+00 7.332145e+00 7.443299e+00 7.493913e+00 7.568155e+00 7.663272e+00 7.774426e+00
[101] 7.822755e+00 7.895647e+00 7.989345e+00 8.092252e+00 8.197639e+00 8.303576e+00 8.409629e+00 8.515706e+00 8.621787e+00 8.727870e+00
[111] 8.833952e+00 8.940035e+00 9.046117e+00 9.152200e+00 9.258282e+00 9.364365e+00 9.470447e+00 9.576530e+00 9.682612e+00 9.788695e+00
[121] 9.894775e+00 1.000085e+01 1.010690e+01 1.021324e+01 1.032635e+01 1.037643e+01 1.045034e+01 1.054496e+01 1.064877e+01 1.075506e+01
[131] 1.086189e+01 1.096884e+01 1.107581e+01 1.118279e+01 1.128977e+01 1.139675e+01 1.150373e+01 1.161071e+01 1.171769e+01 1.182467e+01
[141] 1.193165e+01 1.203863e+01 1.214561e+01 1.225258e+01 1.235956e+01 1.246654e+01 1.257352e+01 1.268045e+01 1.278766e+01 1.290118e+01
[151] 1.295169e+01 1.302586e+01 1.312071e+01 1.322475e+01 1.333127e+01 1.343833e+01 1.354551e+01 1.365271e+01 1.375992e+01 1.386712e+01
[161] 1.397433e+01 1.408154e+01 1.418875e+01 1.429595e+01 1.440316e+01 1.451037e+01 1.461758e+01 1.472479e+01 1.483199e+01 1.493920e+01
[171] 1.504641e+01 1.515361e+01 1.526077e+01 1.536819e+01 1.548179e+01 1.553240e+01 1.560663e+01 1.570154e+01 1.580564e+01 1.591221e+01
[181] 1.601932e+01 1.612656e+01 1.623381e+01 1.634108e+01 1.644834e+01 1.655560e+01 1.666286e+01 1.677013e+01 1.687739e+01 1.698465e+01
[191] 1.709192e+01 1.719918e+01 1.730644e+01 1.741370e+01 1.752097e+01 1.762823e+01 1.773549e+01 1.784270e+01 1.795017e+01 1.806378e+01
> xstart
          Var1      Var2
18   7.0833333 0.0000000
17   6.6666667 0.0000000
16   6.2500000 0.0000000
15   5.8333333 0.0000000
14   5.4166667 0.0000000
13   5.0000000 0.0000000
12   4.5833333 0.0000000
43   7.0833333 0.4166667
42   6.6666667 0.4166667
41   6.2500000 0.4166667
40   5.8333333 0.4166667
39   5.4166667 0.4166667
38   5.0000000 0.4166667
37   4.5833333 0.4166667
11   4.1666667 0.0000000
36   4.1666667 0.4166667
10   3.7500000 0.0000000
35   3.7500000 0.4166667
9    3.3333333 0.0000000
34   3.3333333 0.4166667
8    2.9166667 0.0000000
33   2.9166667 0.4166667
32   2.5000000 0.4166667
7    2.5000000 0.0000000
6    2.0833333 0.0000000
31   2.0833333 0.4166667
5    1.6666667 0.0000000
30   1.6666667 0.4166667
4    1.2500000 0.0000000
29   1.2500000 0.4166667
28   0.8333333 0.4166667
3    0.8333333 0.0000000
27   0.4166667 0.4166667
2    0.4166667 0.0000000
1    0.0000000 0.0000000
26   0.0000000 0.4166667
51   0.0000000 0.8333333
52   0.4166667 0.8333333
53   0.8333333 0.8333333
54   1.2500000 0.8333333
55   1.6666667 0.8333333
56   2.0833333 0.8333333
57   2.5000000 0.8333333
58   2.9166667 0.8333333
59   3.3333333 0.8333333
60   3.7500000 0.8333333
61   4.1666667 0.8333333
62   4.5833333 0.8333333
63   5.0000000 0.8333333
64   5.4166667 0.8333333
65   5.8333333 0.8333333
66   6.2500000 0.8333333
67   6.6666667 0.8333333
68   7.0833333 0.8333333
19   7.5000000 0.0000000
44   7.5000000 0.4166667
69   7.5000000 0.8333333
20   7.9166667 0.0000000
45   7.9166667 0.4166667
70   7.9166667 0.8333333
76   0.0000000 1.2500000
77   0.4166667 1.2500000
78   0.8333333 1.2500000
79   1.2500000 1.2500000
80   1.6666667 1.2500000
81   2.0833333 1.2500000
82   2.5000000 1.2500000
83   2.9166667 1.2500000
84   3.3333333 1.2500000
85   3.7500000 1.2500000
86   4.1666667 1.2500000
87   4.5833333 1.2500000
88   5.0000000 1.2500000
89   5.4166667 1.2500000
90   5.8333333 1.2500000
91   6.2500000 1.2500000
92   6.6666667 1.2500000
93   7.0833333 1.2500000
94   7.5000000 1.2500000
95   7.9166667 1.2500000
21   8.3333333 0.0000000
46   8.3333333 0.4166667
71   8.3333333 0.8333333
96   8.3333333 1.2500000
22   8.7500000 0.0000000
47   8.7500000 0.4166667
72   8.7500000 0.8333333
97   8.7500000 1.2500000
23   9.1666667 0.0000000
48   9.1666667 0.4166667
73   9.1666667 0.8333333
98   9.1666667 1.2500000
24   9.5833333 0.0000000
49   9.5833333 0.4166667
74   9.5833333 0.8333333
99   9.5833333 1.2500000
25  10.0000000 0.0000000
50  10.0000000 0.4166667
75  10.0000000 0.8333333
100 10.0000000 1.2500000
101  0.0000000 1.6666667
102  0.4166667 1.6666667
103  0.8333333 1.6666667
104  1.2500000 1.6666667
105  1.6666667 1.6666667
106  2.0833333 1.6666667
107  2.5000000 1.6666667
108  2.9166667 1.6666667
109  3.3333333 1.6666667
110  3.7500000 1.6666667
111  4.1666667 1.6666667
112  4.5833333 1.6666667
113  5.0000000 1.6666667
114  5.4166667 1.6666667
115  5.8333333 1.6666667
116  6.2500000 1.6666667
117  6.6666667 1.6666667
118  7.0833333 1.6666667
119  7.5000000 1.6666667
120  7.9166667 1.6666667
121  8.3333333 1.6666667
122  8.7500000 1.6666667
123  9.1666667 1.6666667
124  9.5833333 1.6666667
125 10.0000000 1.6666667
126  0.0000000 2.0833333
127  0.4166667 2.0833333
128  0.8333333 2.0833333
129  1.2500000 2.0833333
130  1.6666667 2.0833333
131  2.0833333 2.0833333
132  2.5000000 2.0833333
133  2.9166667 2.0833333
134  3.3333333 2.0833333
135  3.7500000 2.0833333
136  4.1666667 2.0833333
137  4.5833333 2.0833333
138  5.0000000 2.0833333
139  5.4166667 2.0833333
140  5.8333333 2.0833333
141  6.2500000 2.0833333
142  6.6666667 2.0833333
143  7.0833333 2.0833333
144  7.5000000 2.0833333
145  7.9166667 2.0833333
146  8.3333333 2.0833333
147  8.7500000 2.0833333
148  9.1666667 2.0833333
149  9.5833333 2.0833333
150 10.0000000 2.0833333
151  0.0000000 2.5000000
152  0.4166667 2.5000000
153  0.8333333 2.5000000
154  1.2500000 2.5000000
155  1.6666667 2.5000000
156  2.0833333 2.5000000
157  2.5000000 2.5000000
158  2.9166667 2.5000000
159  3.3333333 2.5000000
160  3.7500000 2.5000000
161  4.1666667 2.5000000
162  4.5833333 2.5000000
163  5.0000000 2.5000000
164  5.4166667 2.5000000
165  5.8333333 2.5000000
166  6.2500000 2.5000000
167  6.6666667 2.5000000
168  7.0833333 2.5000000
169  7.5000000 2.5000000
170  7.9166667 2.5000000
171  8.3333333 2.5000000
172  8.7500000 2.5000000
173  9.1666667 2.5000000
174  9.5833333 2.5000000
175 10.0000000 2.5000000
176  0.0000000 2.9166667
177  0.4166667 2.9166667
178  0.8333333 2.9166667
179  1.2500000 2.9166667
180  1.6666667 2.9166667
181  2.0833333 2.9166667
182  2.5000000 2.9166667
183  2.9166667 2.9166667
184  3.3333333 2.9166667
185  3.7500000 2.9166667
186  4.1666667 2.9166667
187  4.5833333 2.9166667
188  5.0000000 2.9166667
189  5.4166667 2.9166667
190  5.8333333 2.9166667
191  6.2500000 2.9166667
192  6.6666667 2.9166667
193  7.0833333 2.9166667
194  7.5000000 2.9166667
195  7.9166667 2.9166667
196  8.3333333 2.9166667
197  8.7500000 2.9166667
198  9.1666667 2.9166667
199  9.5833333 2.9166667
200 10.0000000 2.9166667

av.sd.iter <- apply(M.COUNT.N,1,function(x) sqrt((NRUN-1)/NRUN*var(x)))
> av.sd.iter
  [1] 0.49959984 0.49839743 0.49909919 0.49959984 0.49183331 0.47696960 0.44899889 0.49355851 0.43863424 0.45825757 0.45376205 0.47021272
 [13] 0.45825757 0.38418745 0.42083251 0.44899889 0.38418745 0.43301270 0.42083251 0.36660606 0.36660606 0.40730824 0.39230090 0.33630343
 [25] 0.38418745 0.31288976 0.38418745 0.30000000 0.28618176 0.36660606 0.27129320 0.31288976 0.31288976 0.31288976 0.30000000 0.27129320
 [37] 0.28618176 0.19595918 0.31288976 0.32496154 0.27129320 0.32496154 0.19595918 0.21794495 0.27129320 0.27129320 0.23748684 0.23748684
 [49] 0.27129320 0.21794495 0.23748684 0.21794495 0.21794495 0.14000000 0.09949874 0.00000000 0.09949874 0.19595918 0.17058722 0.00000000
 [61] 0.17058722 0.00000000 0.23748684 0.27129320 0.19595918 0.09949874 0.14000000 0.19595918 0.14000000 0.17058722 0.09949874 0.09949874
 [73] 0.09949874 0.00000000 0.09949874 0.14000000 0.00000000 0.00000000 0.00000000 0.09949874 0.09949874 0.00000000 0.17058722 0.00000000
 [85] 0.00000000 0.17058722 0.00000000 0.09949874 0.09949874 0.00000000 0.00000000 0.14000000 0.09949874 0.09949874 0.00000000 0.09949874
 [97] 0.00000000 0.09949874 0.09949874 0.09949874 0.09949874 0.09949874 0.00000000 0.00000000 0.00000000 0.00000000 0.00000000 0.00000000
[109] 0.00000000 0.00000000 0.00000000 0.00000000 0.00000000 0.00000000 0.14000000 0.00000000 0.00000000 0.00000000 0.00000000 0.00000000
[121] 0.00000000 0.00000000 0.00000000 0.00000000 0.00000000 0.00000000 0.09949874 0.00000000 0.00000000 0.09949874 0.00000000 0.09949874
[133] 0.00000000 0.00000000 0.00000000 0.09949874 0.00000000 0.00000000 0.00000000 0.00000000 0.00000000 0.00000000 0.00000000 0.00000000
[145] 0.00000000 0.00000000 0.09949874 0.00000000 0.00000000 0.00000000 0.00000000 0.00000000 0.00000000 0.00000000 0.00000000 0.00000000
[157] 0.00000000 0.00000000 0.00000000 0.00000000 0.00000000 0.00000000 0.00000000 0.00000000 0.00000000 0.00000000 0.00000000 0.00000000
[169] 0.00000000 0.00000000 0.00000000 0.00000000 0.00000000 0.00000000 0.00000000 0.00000000 0.00000000 0.00000000 0.00000000 0.00000000
[181] 0.00000000 0.00000000 0.00000000 0.00000000 0.00000000 0.00000000 0.00000000 0.00000000 0.00000000 0.00000000 0.00000000 0.00000000
[193] 0.00000000 0.00000000 0.00000000 0.00000000
> av.sd.iter[int.hit.n]
 [1] 0.4995998 0.4983974 0.4990992 0.4995998 0.4918333 0.4769696 0.4489989 0.2712932 0.1400000 0.0000000 0.0000000 0.0000000
> round(av.sd.iter[int.hit.n],digits = 4)
 [1] 0.4996 0.4984 0.4991 0.4996 0.4918 0.4770 0.4490 0.2713 0.1400 0.0000 0.0000 0.0000
> count2 <- c(1,2,3,4,5,6,16,26,36,46)
> av.sd.iter[count2]
 [1] 0.4995998 0.4983974 0.4990992 0.4995998 0.4918333 0.4769696 0.4489989 0.3128898 0.2712932 0.2712932
> round(av.sd.iter[count2],digits = 4)
 [1] 0.4996 0.4984 0.4991 0.4996 0.4918 0.4770 0.4490 0.3129 0.2713 0.2713
> av.hit.iter[count2]
 [1] 0.48 0.54 0.53 0.52 0.59 0.65 0.72 0.89 0.92 0.92
> 