nrow(xstart)
[1] 200
> nrow(xstart)-n1 
[1] 196
> nleft
[1] 196
> M.COUNT[nleft,]
  [1] 1 1 1 1 1 1 1 1 1 1 1 1 1 1 1 1 1 1 1 1 1 1 1 1 1 1 1 1 1 1 1 1 1 1 1 1 1 1 1 1 1 1 1 1 1 1 1 1 1 1 1 1 1 1 1 1 1 1 1 1 1 1
 [63] 1 1 1 1 1 1 1 1 1 1 1 1 1 1 1 1 1 1 1 1 1 1 1 1 1 1 1 1 1 1 1 1 1 1 1 1 1 1
> M.COUNT <- M.COUNT[1:(nrow(xstart)-n1),]
> dim(M.COUNT)
[1] 196 100
> M.COUNT[nrow(xstart)-n1,]
  [1] 1 1 1 1 1 1 1 1 1 1 1 1 1 1 1 1 1 1 1 1 1 1 1 1 1 1 1 1 1 1 1 1 1 1 1 1 1 1 1 1 1 1 1 1 1 1 1 1 1 1 1 1 1 1 1 1 1 1 1 1 1 1
 [63] 1 1 1 1 1 1 1 1 1 1 1 1 1 1 1 1 1 1 1 1 1 1 1 1 1 1 1 1 1 1 1 1 1 1 1 1 1 1
> av.hit.iter <- apply(M.COUNT,1,mean)
> av.hit.run <- apply(M.COUNT,2,mean)
> av.hit.iter
  [1] 0.69 0.74 0.69 0.74 0.76 0.76 0.79 0.86 0.70 0.84 0.86 0.84 0.88 0.88 0.87 0.86 0.85 0.90 0.85 0.86 0.86 0.82 0.90 0.94 0.90
 [26] 0.86 0.89 0.90 0.94 0.91 0.92 0.95 0.94 0.94 0.91 0.96 0.92 0.92 0.94 0.97 0.92 0.93 0.91 0.89 0.98 0.91 0.89 0.93 0.93 0.96
 [51] 0.97 0.99 0.98 0.96 0.97 0.95 0.96 0.98 0.95 0.97 0.98 0.95 0.97 0.99 0.98 1.00 0.99 1.00 0.98 0.96 0.99 0.98 0.98 0.99 0.99
 [76] 0.97 0.99 0.98 1.00 0.98 0.99 0.99 0.99 0.98 1.00 1.00 0.99 0.99 0.98 1.00 1.00 0.97 0.99 0.99 1.00 0.99 0.99 1.00 1.00 1.00
[101] 0.98 0.99 0.99 1.00 1.00 0.99 1.00 1.00 1.00 1.00 0.98 0.99 1.00 1.00 0.99 1.00 1.00 1.00 1.00 1.00 1.00 1.00 1.00 1.00 0.99
[126] 0.99 1.00 1.00 1.00 0.99 1.00 1.00 1.00 1.00 1.00 1.00 1.00 1.00 0.99 1.00 1.00 1.00 1.00 1.00 0.99 0.99 1.00 1.00 1.00 1.00
[151] 1.00 1.00 1.00 1.00 1.00 1.00 1.00 1.00 1.00 1.00 1.00 1.00 1.00 1.00 1.00 1.00 1.00 1.00 1.00 1.00 1.00 1.00 1.00 1.00 1.00
[176] 1.00 1.00 1.00 1.00 1.00 1.00 1.00 1.00 1.00 1.00 1.00 1.00 1.00 1.00 1.00 1.00 1.00 0.99 1.00 1.00 1.00
> av.hit.run
  [1] 0.9642857 0.9489796 0.9744898 0.9540816 0.9693878 0.9693878 0.9438776 0.9744898 0.9489796 0.9846939 0.9591837 0.9540816
 [13] 0.9387755 0.9693878 0.9642857 0.9693878 0.9540816 0.9540816 0.9591837 0.9693878 0.9693878 0.9540816 0.9693878 0.9693878
 [25] 0.9642857 0.9795918 0.9540816 0.9744898 0.9744898 0.9744898 0.9795918 0.9489796 0.9489796 0.9489796 0.9642857 0.9489796
 [37] 0.9540816 0.9591837 0.9642857 0.9693878 0.9540816 0.9744898 0.9591837 0.9591837 0.9540816 0.9693878 0.9489796 0.9795918
 [49] 0.9642857 0.9744898 0.9642857 0.9438776 0.9642857 0.9642857 0.9489796 0.9540816 0.9591837 0.9540816 0.9642857 0.9438776
 [61] 0.9438776 0.9642857 0.9438776 0.9591837 0.9693878 0.9744898 0.9489796 0.9540816 0.9642857 0.9693878 0.9540816 0.9744898
 [73] 0.9744898 0.9489796 0.9846939 0.9795918 0.9642857 0.9642857 0.9795918 0.9744898 0.9744898 0.9489796 0.9642857 0.9591837
 [85] 0.9438776 0.9642857 0.9744898 0.9642857 0.9693878 0.9642857 0.9795918 0.9591837 0.9693878 0.9795918 0.9489796 0.9744898
 [97] 0.9744898 0.9795918 0.9642857 0.9693878
> dim(M.COUNT)
[1] 196 100
> nrow(M.COUNT)
[1] 196
> length(av.hit.iter)
[1] 196
> E11
  [1] 0.9351378 0.9308431 0.9265699 0.9222885 0.9180028 0.9137205 0.9094512 0.9052030 0.9009748 0.8967500 0.8925009 0.8882034
 [13] 0.8838509 0.8794536 0.8750283 0.8705944 0.8661840 0.8618738 0.8578542 0.8545413 0.8526382 0.8527304 0.8538372 0.8507597
 [25] 0.8489024 0.8466424 0.8443652 0.8422121 0.8403482 0.8389725 0.8382252 0.8358911 0.8334681 0.8310387 0.8286665 0.8264743
 [37] 0.8247305 0.8239041 0.8244226 0.8241565 0.8238747 0.8228946 0.8210249 0.8188844 0.8171161 0.8162661 0.8167784 0.8164820
 [49] 0.8157199 0.8147472 0.8137150 0.8126661 0.8116181 0.8105770 0.8095420 0.8085060 0.8074593 0.8063959 0.8053153 0.8042213
 [61] 0.8031179 0.8020081 0.8008935 0.7997750 0.7986541 0.7975350 0.7964312 0.7953843 0.7945089 0.7940825 0.7945221 0.7946852
 [73] 0.7942419 0.7936283 0.7930447 0.7926731 0.7927473 0.7934228 0.7936162 0.7931507 0.7924802 0.7917449 0.7910019 0.7902980
 [85] 0.7897312 0.7895481 0.7900946 0.7910573 0.7915225 0.7914096 0.7910918 0.7907069 0.7903068 0.7899237 0.7896192 0.7895743
 [97] 0.7901212 0.7906169 0.7904958 0.7901656 0.7897782 0.7894320 0.7892846 0.7896073 0.7906009 0.7883715 0.7862148 0.7843772
[109] 0.7833224 0.7836777 0.7847191 0.7857660 0.7868214 0.7878965 0.7890155 0.7902945 0.7884154 0.7858725 0.7834135 0.7812904
[121] 0.7796151 0.7782670 0.7768465 0.7749101 0.7723634 0.7694626 0.7664400 0.7633805 0.7603041 0.7572153 0.7541167 0.7510148
[133] 0.7479292 0.7449150 0.7421148 0.7398500 0.7386853 0.7391370 0.7392846 0.7387331 0.7380715 0.7375947 0.7375435 0.7380133
[145] 0.7387545 0.7392783 0.7391088 0.7383784 0.7374729 0.7365249 0.7355651 0.7346000 0.7336307 0.7326584 0.7316863 0.7307255
[157] 0.7298131 0.7290558 0.7287349 0.7292512 0.7269745 0.7238111 0.7204614 0.7170498 0.7136119 0.7101558 0.7066837 0.7031961
[169] 0.6996930 0.6961744 0.6926402 0.6890903 0.6855249 0.6819446 0.6783516 0.6747532 0.6711711 0.6676668 0.6643981 0.6617195
[181] 0.6602531 0.6605673 0.6605303 0.6596575 0.6585171 0.6572832 0.6560164 0.6547356 0.6534464 0.6521506 0.6508486 0.6495405
[193] 0.6482262 0.6469058 0.6455793 0.6442466
> E12
  [1] 0.9357177 0.9316745 0.9275123 0.9232761 0.9190170 0.9147553 0.9105037 0.9062711 0.9020578 0.8978492 0.8936181 0.8893402
 [13] 0.8850080 0.8806319 0.8762284 0.8718155 0.8674222 0.8631173 0.8590691 0.8556471 0.8535329 0.8534717 0.8545542 0.8516842
 [25] 0.8501978 0.8480776 0.8458356 0.8436825 0.8417921 0.8403621 0.8395582 0.8372163 0.8348004 0.8323784 0.8300076 0.8277955
 [37] 0.8259788 0.8250104 0.8254259 0.8251664 0.8249776 0.8240991 0.8222793 0.8201005 0.8182540 0.8172600 0.8176678 0.8178180
 [49] 0.8171728 0.8162840 0.8152930 0.8142901 0.8132870 0.8122917 0.8113037 0.8103166 0.8093204 0.8083073 0.8072760 0.8062305
 [61] 0.8051759 0.8041152 0.8030502 0.8019815 0.8009103 0.7998402 0.7987812 0.7977619 0.7968578 0.7963044 0.7965711 0.7971385
 [73] 0.7967659 0.7961802 0.7955858 0.7951584 0.7951417 0.7958248 0.7962823 0.7958822 0.7952342 0.7945210 0.7937988 0.7931037
 [85] 0.7924998 0.7922091 0.7925973 0.7938784 0.7947033 0.7947014 0.7944549 0.7941200 0.7937690 0.7934240 0.7931232 0.7930005
 [97] 0.7933731 0.7941369 0.7941320 0.7938625 0.7935112 0.7931658 0.7929311 0.7931456 0.7942460 0.7920625 0.7898914 0.7879910
[109] 0.7867817 0.7869976 0.7881102 0.7892278 0.7903506 0.7914816 0.7926096 0.7938563 0.7922439 0.7896974 0.7872293 0.7850758
[121] 0.7833695 0.7820284 0.7806699 0.7788094 0.7763060 0.7734167 0.7704070 0.7673651 0.7643073 0.7612370 0.7581564 0.7550713
[133] 0.7519995 0.7489905 0.7461700 0.7438215 0.7424901 0.7428224 0.7432753 0.7427900 0.7421268 0.7415975 0.7414625 0.7419153
[145] 0.7427730 0.7434632 0.7434826 0.7428035 0.7419208 0.7410020 0.7400736 0.7391405 0.7382035 0.7372636 0.7363231 0.7353907
[157] 0.7344913 0.7336937 0.7332507 0.7335862 0.7316119 0.7284641 0.7251420 0.7217541 0.7183420 0.7149123 0.7114668 0.7080059
[169] 0.7045297 0.7010380 0.6975308 0.6940081 0.6904699 0.6869165 0.6833500 0.6797766 0.6762161 0.6727235 0.6694377 0.6666717
[181] 0.6650259 0.6652120 0.6655172 0.6647323 0.6636317 0.6624332 0.6612048 0.6599643 0.6587165 0.6574624 0.6562024 0.6549365
[193] 0.6536647 0.6523870 0.6511032 0.6498136
> E22
  [1] 0.9353265 0.9309172 0.9266462 0.9223845 0.9181161 0.9138419 0.9095681 0.9053015 0.9010434 0.8967832 0.8925013 0.8881818
 [13] 0.8838231 0.8794339 0.8750245 0.8706045 0.8661942 0.8618614 0.8578133 0.8545635 0.8529663 0.8534416 0.8546950 0.8506657
 [25] 0.8483667 0.8459709 0.8436295 0.8414030 0.8394600 0.8380440 0.8373205 0.8349191 0.8324800 0.8300403 0.8276491 0.8254389
 [37] 0.8237439 0.8231365 0.8239246 0.8236572 0.8232140 0.8219708 0.8198844 0.8176624 0.8159334 0.8153040 0.8160893 0.8150849
 [49] 0.8139179 0.8126048 0.8112797 0.8099489 0.8086226 0.8073038 0.8059902 0.8046730 0.8033421 0.8019927 0.8006272 0.7992504
 [61] 0.7978660 0.7964758 0.7950805 0.7936803 0.7922761 0.7908717 0.7894822 0.7881651 0.7870935 0.7866705 0.7873127 0.7871041
 [73] 0.7863974 0.7855772 0.7848517 0.7844345 0.7845935 0.7853481 0.7852657 0.7845283 0.7836431 0.7827240 0.7818102 0.7809525
 [85] 0.7802915 0.7801753 0.7809476 0.7816381 0.7818958 0.7816041 0.7811297 0.7806149 0.7800955 0.7796052 0.7792336 0.7792527
 [97] 0.7799955 0.7803514 0.7800457 0.7795646 0.7790615 0.7786390 0.7785018 0.7788893 0.7797939 0.7774085 0.7751068 0.7732210
[109] 0.7723537 0.7730191 0.7739381 0.7748627 0.7757986 0.7767700 0.7778334 0.7791240 0.7769318 0.7741930 0.7715847 0.7693347
[121] 0.7675633 0.7661097 0.7645076 0.7623360 0.7595983 0.7565990 0.7535337 0.7504486 0.7473501 0.7442392 0.7411166 0.7379857
[133] 0.7348605 0.7317913 0.7289371 0.7266998 0.7257694 0.7265182 0.7263903 0.7255366 0.7246496 0.7240580 0.7240243 0.7245457
[145] 0.7251880 0.7254657 0.7249326 0.7238812 0.7227267 0.7215527 0.7203723 0.7191867 0.7179962 0.7168014 0.7156053 0.7144212
[157] 0.7133011 0.7124053 0.7121346 0.7128878 0.7102941 0.7069872 0.7035811 0.7001402 0.6966821 0.6932082 0.6897190 0.6862143
[169] 0.6826941 0.6791583 0.6756068 0.6720395 0.6684563 0.6648573 0.6612433 0.6576181 0.6539970 0.6504356 0.6471090 0.6444596
[181] 0.6432473 0.6438823 0.6435344 0.6423221 0.6409024 0.6394281 0.6379371 0.6364373 0.6349302 0.6334160 0.6318947 0.6303663
[193] 0.6288308 0.6272881 0.6257382 0.6241810
> E21
  [1] 0.9358531 0.9315700 0.9273439 0.9231074 0.9188594 0.9146032 0.9103451 0.9060926 0.9018479 0.8976019 0.8933358 0.8890337
 [13] 0.8846934 0.8803238 0.8759346 0.8715340 0.8671402 0.8628161 0.8587579 0.8554541 0.8537440 0.8541338 0.8553750 0.8515199
 [25] 0.8494216 0.8470676 0.8447291 0.8424996 0.8405435 0.8391005 0.8383479 0.8359468 0.8335112 0.8310786 0.8286911 0.8264730
 [37] 0.8247413 0.8240576 0.8247883 0.8245278 0.8241442 0.8229644 0.8209093 0.8186680 0.8168958 0.8161888 0.8169163 0.8161840
 [49] 0.8150816 0.8138129 0.8125208 0.8112268 0.8099387 0.8086591 0.8073855 0.8061094 0.8048204 0.8035131 0.8021891 0.8008534
 [61] 0.7995102 0.7981616 0.7968082 0.7954502 0.7940882 0.7927256 0.7913761 0.7900903 0.7890228 0.7885471 0.7891061 0.7890900
 [73] 0.7884308 0.7876295 0.7869062 0.7864676 0.7865842 0.7873440 0.7873930 0.7867068 0.7858419 0.7849406 0.7840452 0.7832005
 [85] 0.7825322 0.7823662 0.7830603 0.7839119 0.7843225 0.7840952 0.7836638 0.7831830 0.7826970 0.7822359 0.7818790 0.7818647
 [97] 0.7825342 0.7830032 0.7827669 0.7823270 0.7818524 0.7814420 0.7812776 0.7816399 0.7826097 0.7802438 0.7779428 0.7760281
[109] 0.7750784 0.7756669 0.7766375 0.7776137 0.7786000 0.7796155 0.7807011 0.7819903 0.7799135 0.7771771 0.7745579 0.7722936
[121] 0.7705083 0.7690620 0.7674993 0.7653754 0.7626664 0.7596768 0.7566216 0.7535512 0.7504688 0.7473739 0.7442666 0.7411500
[133] 0.7380367 0.7349742 0.7321127 0.7298340 0.7288149 0.7294982 0.7295033 0.7287029 0.7278260 0.7272161 0.7271448 0.7276604
[145] 0.7283735 0.7287555 0.7283365 0.7273335 0.7261995 0.7250483 0.7238930 0.7227335 0.7215692 0.7204007 0.7192308 0.7180713
[157] 0.7169682 0.7160653 0.7157384 0.7164026 0.7139434 0.7106540 0.7072604 0.7038397 0.7004042 0.6969537 0.6934880 0.6900069
[169] 0.6865104 0.6829984 0.6794708 0.6759274 0.6723682 0.6687930 0.6652023 0.6615990 0.6579971 0.6544486 0.6511190 0.6484285
[181] 0.6471221 0.6476879 0.6474901 0.6463437 0.6449559 0.6435102 0.6420506 0.6405841 0.6391113 0.6376319 0.6361457 0.6346525
[193] 0.6331525 0.6316453 0.6301311 0.6286098
> E1.dif
  [1] 0.0005798544 0.0008314345 0.0009423954 0.0009876328 0.0010142085 0.0010348904 0.0010525191 0.0010681195 0.0010830887
 [10] 0.0010991425 0.0011171760 0.0011367211 0.0011570892 0.0011782671 0.0012000623 0.0012210832 0.0012381576 0.0012434451
 [19] 0.0012148703 0.0011057591 0.0008947641 0.0007413102 0.0007169703 0.0009245086 0.0012953844 0.0014352871 0.0014703797
 [28] 0.0014703448 0.0014438825 0.0013896320 0.0013330003 0.0013252313 0.0013323162 0.0013397501 0.0013411022 0.0013211789
 [37] 0.0012483455 0.0011063236 0.0010032514 0.0010098931 0.0011028602 0.0012044972 0.0012543733 0.0012160733 0.0011378751
 [46] 0.0009938844 0.0008893656 0.0013359090 0.0014529671 0.0015368793 0.0015780117 0.0016240134 0.0016689409 0.0017147073
 [55] 0.0017616617 0.0018106253 0.0018610696 0.0019113960 0.0019606555 0.0020092549 0.0020579642 0.0021071117 0.0021566522
 [64] 0.0022064230 0.0022561846 0.0023051319 0.0023499941 0.0023775386 0.0023489084 0.0022218970 0.0020489989 0.0024532168
 [73] 0.0025239186 0.0025518530 0.0025411176 0.0024852951 0.0023944011 0.0024020660 0.0026661570 0.0027314682 0.0027540699
 [82] 0.0027760250 0.0027969439 0.0028056785 0.0027686643 0.0026610106 0.0025027495 0.0028210772 0.0031808489 0.0032918190
 [91] 0.0033631575 0.0034131604 0.0034621308 0.0035002554 0.0035039930 0.0034261825 0.0032518891 0.0035200255 0.0036362428
[100] 0.0036968987 0.0037329982 0.0037338832 0.0036465625 0.0035382854 0.0036451312 0.0036910652 0.0036766751 0.0036138091
[109] 0.0034593039 0.0033198949 0.0033910690 0.0034618224 0.0035292250 0.0035850651 0.0035940467 0.0035618025 0.0038285247
[118] 0.0038249033 0.0038158630 0.0037853646 0.0037543778 0.0037614164 0.0038233931 0.0038992932 0.0039425685 0.0039541546
[127] 0.0039670277 0.0039846034 0.0040031701 0.0040216930 0.0040397169 0.0040565351 0.0040703337 0.0040755698 0.0040551773
[136] 0.0039714435 0.0038047734 0.0036853844 0.0039907625 0.0040569548 0.0040553724 0.0040027476 0.0039189442 0.0039020486
[145] 0.0040185461 0.0041848891 0.0043737753 0.0044250610 0.0044478962 0.0044771326 0.0045084300 0.0045405259 0.0045728085
[154] 0.0046051397 0.0046368557 0.0046652734 0.0046781748 0.0046379123 0.0045157166 0.0043350272 0.0046373654 0.0046529792
[163] 0.0046805682 0.0047042971 0.0047301723 0.0047565065 0.0047830712 0.0048097884 0.0048366297 0.0048635884 0.0048906540
[172] 0.0049178015 0.0049449627 0.0049719682 0.0049984278 0.0050234724 0.0050449764 0.0050566792 0.0050396396 0.0049522394
[181] 0.0047728448 0.0046447379 0.0049869294 0.0050747248 0.0051145524 0.0051500287 0.0051884261 0.0052287551 0.0052700375
[190] 0.0053117791 0.0053538036 0.0053960504 0.0054385017 0.0054811511 0.0055239929 0.0055670146
> E2.dif
  [1] 0.0005266054 0.0006528114 0.0006976715 0.0007228414 0.0007433047 0.0007612570 0.0007770017 0.0007910508 0.0008045072
 [10] 0.0008187298 0.0008345467 0.0008518746 0.0008703471 0.0008898559 0.0009100169 0.0009295068 0.0009459141 0.0009547242
 [19] 0.0009446288 0.0008905774 0.0007777168 0.0006922898 0.0006800049 0.0008541655 0.0010548485 0.0010966336 0.0010996077
 [28] 0.0010966782 0.0010835545 0.0010564587 0.0010274679 0.0010276627 0.0010312241 0.0010382313 0.0010419574 0.0010340762
 [37] 0.0009974538 0.0009210843 0.0008637424 0.0008705661 0.0009301640 0.0009936299 0.0010248721 0.0010056088 0.0009624481
 [46] 0.0008848189 0.0008269671 0.0010991788 0.0011637078 0.0012080141 0.0012411281 0.0012779327 0.0013161403 0.0013552784
 [55] 0.0013952500 0.0014363540 0.0014783682 0.0015204293 0.0015619082 0.0016029810 0.0016441658 0.0016857417 0.0017276914
 [64] 0.0017698767 0.0018121147 0.0018539762 0.0018939023 0.0019252780 0.0019292313 0.0018765741 0.0017934300 0.0019858822
 [73] 0.0020333947 0.0020522601 0.0020545107 0.0020330847 0.0019906815 0.0019958803 0.0021273191 0.0021784442 0.0021987396
 [82] 0.0022166316 0.0022350339 0.0022480137 0.0022406591 0.0021908491 0.0021126590 0.0022737802 0.0024266926 0.0024911444
 [91] 0.0025340768 0.0025681189 0.0026014295 0.0026306090 0.0026454196 0.0026120844 0.0025386974 0.0026518427 0.0027212616
[100] 0.0027623984 0.0027909927 0.0028029981 0.0027757722 0.0027506447 0.0028158091 0.0028352531 0.0028359456 0.0028071730
[109] 0.0027246361 0.0026478348 0.0026994502 0.0027509706 0.0028014108 0.0028454067 0.0028677151 0.0028662669 0.0029816289
[118] 0.0029841699 0.0029732300 0.0029589152 0.0029450428 0.0029523204 0.0029916985 0.0030394212 0.0030681706 0.0030777942
[127] 0.0030879205 0.0031026691 0.0031187275 0.0031346753 0.0031500614 0.0031643255 0.0031762619 0.0031829052 0.0031756462
[136] 0.0031342405 0.0030454299 0.0029799563 0.0031130640 0.0031662641 0.0031764122 0.0031581676 0.0031204444 0.0031147106
[145] 0.0031854356 0.0032897291 0.0034039018 0.0034522353 0.0034727682 0.0034955811 0.0035207519 0.0035467843 0.0035730476
[154] 0.0035993845 0.0036254839 0.0036501194 0.0036670791 0.0036600769 0.0036037976 0.0035148153 0.0036493063 0.0036668428
[163] 0.0036793275 0.0036994121 0.0037220562 0.0037454602 0.0037689969 0.0037926122 0.0038163113 0.0038401038 0.0038639868
[172] 0.0038879381 0.0039118919 0.0039356825 0.0039589362 0.0039808940 0.0040000621 0.0040129996 0.0040100663 0.0039688735
[181] 0.0038747881 0.0038056802 0.0039557006 0.0040216586 0.0040534368 0.0040820970 0.0041134088 0.0041467693 0.0041811146
[190] 0.0042159120 0.0042509621 0.0042862010 0.0043216105 0.0043571853 0.0043929210 0.0044288074
> SUM.E1E2
  [1] 0.001106460 0.001484246 0.001640067 0.001710474 0.001757513 0.001796147 0.001829521 0.001859170 0.001887596 0.001917872
 [11] 0.001951723 0.001988596 0.002027436 0.002068123 0.002110079 0.002150590 0.002184072 0.002198169 0.002159499 0.001996337
 [21] 0.001672481 0.001433600 0.001396975 0.001778674 0.002350233 0.002531921 0.002569987 0.002567023 0.002527437 0.002446091
 [31] 0.002360468 0.002352894 0.002363540 0.002377981 0.002383060 0.002355255 0.002245799 0.002027408 0.001866994 0.001880459
 [41] 0.002033024 0.002198127 0.002279245 0.002221682 0.002100323 0.001878703 0.001716333 0.002435088 0.002616675 0.002744893
 [51] 0.002819140 0.002901946 0.002985081 0.003069986 0.003156912 0.003246979 0.003339438 0.003431825 0.003522564 0.003612236
 [61] 0.003702130 0.003792853 0.003884344 0.003976300 0.004068299 0.004159108 0.004243896 0.004302817 0.004278140 0.004098471
 [71] 0.003842429 0.004439099 0.004557313 0.004604113 0.004595628 0.004518380 0.004385083 0.004397946 0.004793476 0.004909912
 [81] 0.004952809 0.004992657 0.005031978 0.005053692 0.005009323 0.004851860 0.004615409 0.005094857 0.005607541 0.005782963
 [91] 0.005897234 0.005981279 0.006063560 0.006130864 0.006149413 0.006038267 0.005790587 0.006171868 0.006357504 0.006459297
[101] 0.006523991 0.006536881 0.006422335 0.006288930 0.006460940 0.006526318 0.006512621 0.006420982 0.006183940 0.005967730
[111] 0.006090519 0.006212793 0.006330636 0.006430472 0.006461762 0.006428069 0.006810154 0.006809073 0.006789093 0.006744280
[121] 0.006699421 0.006713737 0.006815092 0.006938714 0.007010739 0.007031949 0.007054948 0.007087272 0.007121898 0.007156368
[131] 0.007189778 0.007220861 0.007246596 0.007258475 0.007230823 0.007105684 0.006850203 0.006665341 0.007103826 0.007223219
[141] 0.007231785 0.007160915 0.007039389 0.007016759 0.007203982 0.007474618 0.007777677 0.007877296 0.007920664 0.007972714
[151] 0.008029182 0.008087310 0.008145856 0.008204524 0.008262340 0.008315393 0.008345254 0.008297989 0.008119514 0.007849843
[161] 0.008286672 0.008319822 0.008359896 0.008403709 0.008452229 0.008501967 0.008552068 0.008602401 0.008652941 0.008703692
[171] 0.008754641 0.008805740 0.008856855 0.008907651 0.008957364 0.009004366 0.009045038 0.009069679 0.009049706 0.008921113
[181] 0.008647633 0.008450418 0.008942630 0.009096383 0.009167989 0.009232126 0.009301835 0.009375524 0.009451152 0.009527691
[191] 0.009604766 0.009682251 0.009760112 0.009838336 0.009916914 0.009995822
> int.hit.n <- c(1,2,3,4,5,6,16,36,76,116,156,length(av.hit.iter))
> int.hit.n
 [1]   1   2   3   4   5   6  16  36  76 116 156 196
> av.hit.iter[int.hit.n]
 [1] 0.69 0.74 0.69 0.74 0.76 0.76 0.86 0.96 0.97 1.00 1.00 1.00
> E11[int.hit.n]
 [1] 0.9351378 0.9308431 0.9265699 0.9222885 0.9180028 0.9137205 0.8705944 0.8264743 0.7926731 0.7902945 0.7307255 0.6442466
> E12[int.hit.n]
 [1] 0.9357177 0.9316745 0.9275123 0.9232761 0.9190170 0.9147553 0.8718155 0.8277955 0.7951584 0.7938563 0.7353907 0.6498136
> E22[int.hit.n]
 [1] 0.9353265 0.9309172 0.9266462 0.9223845 0.9181161 0.9138419 0.8706045 0.8254389 0.7844345 0.7791240 0.7144212 0.6241810
> E21[int.hit.n]
 [1] 0.9358531 0.9315700 0.9273439 0.9231074 0.9188594 0.9146032 0.8715340 0.8264730 0.7864676 0.7819903 0.7180713 0.6286098
> E1.dif[int.hit.n]
 [1] 0.0005798544 0.0008314345 0.0009423954 0.0009876328 0.0010142085 0.0010348904 0.0012210832 0.0013211789 0.0024852951
[10] 0.0035618025 0.0046652734 0.0055670146
> E2.dif[int.hit.n]
 [1] 0.0005266054 0.0006528114 0.0006976715 0.0007228414 0.0007433047 0.0007612570 0.0009295068 0.0010340762 0.0020330847
[10] 0.0028662669 0.0036501194 0.0044288074
> SUM.E1E2[int.hit.n]
 [1] 0.001106460 0.001484246 0.001640067 0.001710474 0.001757513 0.001796147 0.002150590 0.002355255 0.004518380 0.006428069
[11] 0.008315393 0.009995822
> round(E11[int.hit.n],digits=4)
 [1] 0.9351 0.9308 0.9266 0.9223 0.9180 0.9137 0.8706 0.8265 0.7927 0.7903 0.7307 0.6442
> round(E12[int.hit.n],digits=4)
 [1] 0.9357 0.9317 0.9275 0.9233 0.9190 0.9148 0.8718 0.8278 0.7952 0.7939 0.7354 0.6498
> round(E22[int.hit.n],digits=4)
 [1] 0.9353 0.9309 0.9266 0.9224 0.9181 0.9138 0.8706 0.8254 0.7844 0.7791 0.7144 0.6242
> round(E21[int.hit.n],digits=4)
 [1] 0.9359 0.9316 0.9273 0.9231 0.9189 0.9146 0.8715 0.8265 0.7865 0.7820 0.7181 0.6286
> round(E1.dif[int.hit.n],digits=4)
 [1] 0.0006 0.0008 0.0009 0.0010 0.0010 0.0010 0.0012 0.0013 0.0025 0.0036 0.0047 0.0056
> round(E2.dif[int.hit.n],digits=4)
 [1] 0.0005 0.0007 0.0007 0.0007 0.0007 0.0008 0.0009 0.0010 0.0020 0.0029 0.0037 0.0044
> round(SUM.E1E2[int.hit.n],digits=4)
 [1] 0.0011 0.0015 0.0016 0.0017 0.0018 0.0018 0.0022 0.0024 0.0045 0.0064 0.0083 0.0100
> length(CRIT.vec)
[1] 200
> CRIT.vec <- CRIT.vec[1:nrow(xstart)]
> length(CRIT.vec)
[1] 200
> CRIT.vec
  [1] 2.074005e-09 2.074005e-09 2.074005e-09 2.074005e-09 2.257877e-02 1.149282e-01 1.913536e-01 2.152910e-01 2.208311e-01
 [10] 2.220680e-01 2.224365e-01 2.226654e-01 2.228557e-01 2.229656e-01 2.229496e-01 2.228092e-01 2.225950e-01 2.223893e-01
 [19] 2.222562e-01 2.221978e-01 2.221803e-01 2.221767e-01 2.221753e-01 2.221729e-01 2.221697e-01 2.221666e-01 1.529100e-01
 [28] 8.935111e-03 9.129947e-02 1.789084e-01 2.133234e-01 2.217162e-01 2.246186e-01 2.261775e-01 2.254243e-01 2.217459e-01
 [37] 2.224177e-01 2.222281e-01 2.221840e-01 2.221742e-01 2.221699e-01 2.221666e-01 2.221643e-01 2.191063e-01 2.094316e-01
 [46] 2.155776e-01 2.276907e-01 2.239535e-01 2.223251e-01 2.221703e-01 2.221613e-01 5.089916e-02 1.888758e-01 2.325958e-01
 [55] 2.438819e-01 2.462947e-01 2.468206e-01 2.469502e-01 2.469851e-01 2.469942e-01 2.470021e-01 2.470005e-01 2.469680e-01
 [64] 2.469140e-01 2.468676e-01 2.468413e-01 2.468303e-01 2.468265e-01 2.468252e-01 2.468239e-01 2.468214e-01 2.468095e-01
 [73] 2.467674e-01 2.473643e-01 2.627568e-01 1.240715e-01 2.335614e-01 2.456076e-01 2.470197e-01 2.468699e-01 2.435754e-01
 [82] 2.266470e-01 1.889383e-01 2.484711e-01 2.484105e-01 2.472928e-01 2.469768e-01 2.468834e-01 2.468140e-01 2.473945e-01
 [91] 2.627755e-01 1.742406e-01 1.297275e-01 2.289828e-01 2.375088e-01 2.382975e-01 2.382935e-01 2.381917e-01 2.375768e-01
[100] 2.348034e-01 2.907350e-01 1.713657e-01 2.385605e-01 2.394517e-01 2.387982e-01 2.391748e-01 2.434347e-01 2.487624e-01
[109] 1.681695e-01 2.174115e-01 2.206791e-01 2.204588e-01 2.184323e-01 2.239966e-01 2.061783e-01 2.061702e-01 2.061527e-01
[118] 2.062950e-01 2.149265e-01 2.151962e-01 1.612108e-01 2.122989e-01 2.225527e-01 2.249315e-01 2.255574e-01 2.243021e-01
[127] 2.225944e-01 2.240264e-01 2.255008e-01 2.237399e-01 2.225216e-01 2.222725e-01 2.222453e-01 2.222440e-01 2.222441e-01
[136] 2.222438e-01 2.222428e-01 2.222407e-01 2.222362e-01 2.222286e-01 2.222174e-01 2.222038e-01 1.678999e-01 2.448772e-01
[145] 2.480956e-01 2.476547e-01 2.452525e-01 2.350889e-01 2.136340e-01 2.094659e-01 2.421152e-01 2.507646e-01 2.480858e-01
[154] 2.472530e-01 2.471164e-01 2.470987e-01 2.470968e-01 2.470963e-01 2.470943e-01 2.470891e-01 2.470702e-01 2.470139e-01
[163] 2.475885e-01 2.629658e-01 1.608628e-01 2.113067e-01 2.205767e-01 2.218657e-01 2.221067e-01 2.221516e-01 2.221600e-01
[172] 2.221615e-01 2.221618e-01 2.221619e-01 2.221619e-01 2.221619e-01 2.221619e-01 2.221619e-01 2.221619e-01 2.221619e-01
[181] 2.221619e-01 2.221619e-01 2.221619e-01 2.221618e-01 2.221618e-01 2.221618e-01 1.678336e-01 2.446276e-01 2.475620e-01
[190] 2.471005e-01 2.469014e-01 2.468444e-01 2.468303e-01 2.468272e-01 2.468265e-01 2.468264e-01 2.468263e-01 2.468263e-01
[199] 2.468263e-01 2.468263e-01
> xstart
          Var1       Var2
372  8.7500000  5.8333333
66   6.2500000  0.8333333
16   6.2500000  0.0000000
556  2.0833333  9.1666667
91   6.2500000  1.2500000
116  6.2500000  1.6666667
141  6.2500000  2.0833333
166  6.2500000  2.5000000
191  6.2500000  2.9166667
216  6.2500000  3.3333333
241  6.2500000  3.7500000
266  6.2500000  4.1666667
291  6.2500000  4.5833333
316  6.2500000  5.0000000
341  6.2500000  5.4166667
366  6.2500000  5.8333333
391  6.2500000  6.2500000
416  6.2500000  6.6666667
441  6.2500000  7.0833333
466  6.2500000  7.5000000
491  6.2500000  7.9166667
516  6.2500000  8.3333333
541  6.2500000  8.7500000
566  6.2500000  9.1666667
591  6.2500000  9.5833333
616  6.2500000 10.0000000
41   6.2500000  0.4166667
615  5.8333333 10.0000000
617  6.6666667 10.0000000
614  5.4166667 10.0000000
613  5.0000000 10.0000000
612  4.5833333 10.0000000
611  4.1666667 10.0000000
610  3.7500000 10.0000000
609  3.3333333 10.0000000
618  7.0833333 10.0000000
619  7.5000000 10.0000000
620  7.9166667 10.0000000
621  8.3333333 10.0000000
622  8.7500000 10.0000000
623  9.1666667 10.0000000
624  9.5833333 10.0000000
625 10.0000000 10.0000000
608  2.9166667 10.0000000
607  2.5000000 10.0000000
606  2.0833333 10.0000000
605  1.6666667 10.0000000
604  1.2500000 10.0000000
603  0.8333333 10.0000000
602  0.4166667 10.0000000
601  0.0000000 10.0000000
590  5.8333333  9.5833333
565  5.8333333  9.1666667
540  5.8333333  8.7500000
515  5.8333333  8.3333333
490  5.8333333  7.9166667
465  5.8333333  7.5000000
440  5.8333333  7.0833333
415  5.8333333  6.6666667
390  5.8333333  6.2500000
365  5.8333333  5.8333333
340  5.8333333  5.4166667
315  5.8333333  5.0000000
290  5.8333333  4.5833333
265  5.8333333  4.1666667
240  5.8333333  3.7500000
215  5.8333333  3.3333333
190  5.8333333  2.9166667
165  5.8333333  2.5000000
140  5.8333333  2.0833333
115  5.8333333  1.6666667
90   5.8333333  1.2500000
65   5.8333333  0.8333333
40   5.8333333  0.4166667
15   5.8333333  0.0000000
589  5.4166667  9.5833333
588  5.0000000  9.5833333
587  4.5833333  9.5833333
586  4.1666667  9.5833333
585  3.7500000  9.5833333
584  3.3333333  9.5833333
583  2.9166667  9.5833333
592  6.6666667  9.5833333
593  7.0833333  9.5833333
594  7.5000000  9.5833333
595  7.9166667  9.5833333
596  8.3333333  9.5833333
597  8.7500000  9.5833333
598  9.1666667  9.5833333
599  9.5833333  9.5833333
600 10.0000000  9.5833333
582  2.5000000  9.5833333
567  6.6666667  9.1666667
568  7.0833333  9.1666667
569  7.5000000  9.1666667
570  7.9166667  9.1666667
571  8.3333333  9.1666667
572  8.7500000  9.1666667
573  9.1666667  9.1666667
574  9.5833333  9.1666667
575 10.0000000  9.1666667
564  5.4166667  9.1666667
563  5.0000000  9.1666667
562  4.5833333  9.1666667
561  4.1666667  9.1666667
560  3.7500000  9.1666667
559  3.3333333  9.1666667
558  2.9166667  9.1666667
557  2.5000000  9.1666667
555  1.6666667  9.1666667
554  1.2500000  9.1666667
553  0.8333333  9.1666667
552  0.4166667  9.1666667
551  0.0000000  9.1666667
581  2.0833333  9.5833333
580  1.6666667  9.5833333
579  1.2500000  9.5833333
578  0.8333333  9.5833333
577  0.4166667  9.5833333
576  0.0000000  9.5833333
550 10.0000000  8.7500000
525 10.0000000  8.3333333
500 10.0000000  7.9166667
475 10.0000000  7.5000000
450 10.0000000  7.0833333
425 10.0000000  6.6666667
400 10.0000000  6.2500000
375 10.0000000  5.8333333
350 10.0000000  5.4166667
325 10.0000000  5.0000000
300 10.0000000  4.5833333
275 10.0000000  4.1666667
250 10.0000000  3.7500000
225 10.0000000  3.3333333
200 10.0000000  2.9166667
175 10.0000000  2.5000000
150 10.0000000  2.0833333
125 10.0000000  1.6666667
100 10.0000000  1.2500000
75  10.0000000  0.8333333
50  10.0000000  0.4166667
25  10.0000000  0.0000000
549  9.5833333  8.7500000
524  9.5833333  8.3333333
499  9.5833333  7.9166667
474  9.5833333  7.5000000
449  9.5833333  7.0833333
424  9.5833333  6.6666667
399  9.5833333  6.2500000
374  9.5833333  5.8333333
349  9.5833333  5.4166667
324  9.5833333  5.0000000
299  9.5833333  4.5833333
274  9.5833333  4.1666667
249  9.5833333  3.7500000
224  9.5833333  3.3333333
199  9.5833333  2.9166667
174  9.5833333  2.5000000
149  9.5833333  2.0833333
124  9.5833333  1.6666667
99   9.5833333  1.2500000
74   9.5833333  0.8333333
49   9.5833333  0.4166667
24   9.5833333  0.0000000
526  0.0000000  8.7500000
501  0.0000000  8.3333333
476  0.0000000  7.9166667
451  0.0000000  7.5000000
426  0.0000000  7.0833333
401  0.0000000  6.6666667
376  0.0000000  6.2500000
351  0.0000000  5.8333333
326  0.0000000  5.4166667
301  0.0000000  5.0000000
276  0.0000000  4.5833333
251  0.0000000  4.1666667
226  0.0000000  3.7500000
201  0.0000000  3.3333333
176  0.0000000  2.9166667
151  0.0000000  2.5000000
126  0.0000000  2.0833333
101  0.0000000  1.6666667
76   0.0000000  1.2500000
51   0.0000000  0.8333333
26   0.0000000  0.4166667
1    0.0000000  0.0000000
527  0.4166667  8.7500000
502  0.4166667  8.3333333
477  0.4166667  7.9166667
452  0.4166667  7.5000000
427  0.4166667  7.0833333
402  0.4166667  6.6666667
377  0.4166667  6.2500000
352  0.4166667  5.8333333
327  0.4166667  5.4166667
302  0.4166667  5.0000000
277  0.4166667  4.5833333
252  0.4166667  4.1666667
227  0.4166667  3.7500000
202  0.4166667  3.3333333
