dim(M.COUNT)
[1] 46 50
> #-----------------------------
> M.COUNT[nleft,]
 [1] 1 1 1 1 1 1 1 1 1 1 1 0 1 1 0 1 1 1 1 1 1 1 1 1 1 1 1 0 1 1 1 1 1 0 1 1 1 1 1 1 1 1 1 1 1 1 1 1 1 1
> E11[nleft,]
 [1] 0.8849210 0.8562224 0.8599201 0.7727729 0.9139158 0.8777382 0.7919059 0.8756227 0.7981041 0.8765552 0.8948679 0.7899905
[13] 0.7936739 0.8860567 0.8637883 0.8074247 0.8788823 0.8664763 0.8241675 0.8975137 0.8976957 0.8711828 0.7991906 0.9013525
[25] 0.8300433 0.7936245 0.8992983 0.7058323 0.9144870 0.8809515 0.9025240 0.8624284 0.8667916 0.7551442 0.8883358 0.8347930
[37] 0.8768181 0.8254725 0.8768813 0.9132234 0.9178764 0.9039925 0.8823547 0.8631047 0.8569220 0.7992321 0.8665295 0.8903968
[49] 0.8764204 0.9005687
> E12[nleft,]
 [1] 0.8873220 0.8588577 0.8624871 0.7745560 0.9170156 0.8805381 0.7930531 0.8785915 0.7995651 0.8793855 0.8976339 0.7917492
[13] 0.7966581 0.8883297 0.8657686 0.8094408 0.8813028 0.8693063 0.8266735 0.9000749 0.8999789 0.8733327 0.8018736 0.9035929
[25] 0.8321758 0.7955250 0.9026157 0.7073745 0.9182139 0.8830075 0.9046489 0.8646696 0.8687807 0.7579171 0.8915850 0.8378808
[37] 0.8788905 0.8273065 0.8789811 0.9159894 0.9214772 0.9066590 0.8852069 0.8650108 0.8605291 0.8011897 0.8691807 0.8931248
[49] 0.8789071 0.9029260
> E22[nleft,]
 [1] 0.8794604 0.8491674 0.8538584 0.7666258 0.9092398 0.8713850 0.7882024 0.8698792 0.7897335 0.8703024 0.8897588 0.7799357
[13] 0.7846751 0.8809039 0.8582652 0.8004534 0.8730186 0.8600832 0.8158020 0.8931484 0.8936139 0.8662492 0.7912604 0.8970934
[25] 0.8232112 0.7852596 0.8941419 0.6944872 0.9090983 0.8760567 0.8990985 0.8564921 0.8611199 0.7437259 0.8837715 0.8279944
[37] 0.8715494 0.8181481 0.8718252 0.9089373 0.9127833 0.8992083 0.8759755 0.8585271 0.8496158 0.7900249 0.8617628 0.8849742
[49] 0.8710174 0.8963172
> E21[nleft,]
 [1] 0.8809819 0.8508988 0.8555324 0.7680300 0.9110862 0.8731043 0.7891804 0.8717684 0.7908972 0.8720729 0.8914604 0.7813789
[13] 0.7867352 0.8823681 0.8596599 0.8018565 0.8746175 0.8618566 0.8175337 0.8947701 0.8950687 0.8676513 0.7930499 0.8984991
[25] 0.8248320 0.7867721 0.8960815 0.6958548 0.9112463 0.8773868 0.9004565 0.8580032 0.8624930 0.7458414 0.8857537 0.8299705
[37] 0.8729048 0.8194878 0.8731849 0.9106198 0.9148418 0.9008691 0.8777958 0.8598551 0.8518490 0.7914930 0.8634293 0.8867019
[49] 0.8726195 0.8978072
> E1.dif[nleft,]
 [1] 0.002400988 0.002635285 0.002566933 0.001783092 0.003099857 0.002799948 0.001147200 0.002968865 0.001460992 0.002830299
[11] 0.002765959 0.001758715 0.002984244 0.002273022 0.001980300 0.002016089 0.002420440 0.002830059 0.002506025 0.002561254
[21] 0.002283235 0.002149962 0.002683009 0.002240380 0.002132451 0.001900516 0.003317471 0.001542192 0.003726863 0.002055990
[31] 0.002124853 0.002241143 0.001989145 0.002772866 0.003249215 0.003087822 0.002072358 0.001834033 0.002099845 0.002765962
[41] 0.003600820 0.002666513 0.002852208 0.001906045 0.003607081 0.001957588 0.002651169 0.002728024 0.002486776 0.002357311
> E2.dif[nleft,]
 [1] 0.0015215260 0.0017314263 0.0016740665 0.0014041960 0.0018463776 0.0017193581 0.0009779852 0.0018892006 0.0011637057
[10] 0.0017704863 0.0017015948 0.0014432185 0.0020601027 0.0014642192 0.0013946851 0.0014031217 0.0015988111 0.0017734506
[19] 0.0017316812 0.0016216763 0.0014548525 0.0014020627 0.0017894568 0.0014056853 0.0016208900 0.0015124785 0.0019396582
[28] 0.0013676085 0.0021480234 0.0013301614 0.0013579734 0.0015110984 0.0013730770 0.0021155101 0.0019821487 0.0019761070
[37] 0.0013553774 0.0013397016 0.0013596367 0.0016824242 0.0020585396 0.0016607665 0.0018202716 0.0013279274 0.0022332295
[46] 0.0014680655 0.0016664733 0.0017276088 0.0016021006 0.0014899654
> SUM.E1E2[nleft,]
 [1] 0.003922514 0.004366711 0.004240999 0.003187288 0.004946234 0.004519306 0.002125185 0.004858066 0.002624697 0.004600785
[11] 0.004467553 0.003201934 0.005044347 0.003737242 0.003374985 0.003419211 0.004019251 0.004603509 0.004237706 0.004182931
[21] 0.003738087 0.003552025 0.004472465 0.003646065 0.003753341 0.003412995 0.005257129 0.002909800 0.005874886 0.003386151
[31] 0.003482826 0.003752241 0.003362222 0.004888376 0.005231364 0.005063929 0.003427736 0.003173735 0.003459481 0.004448386
[41] 0.005659359 0.004327280 0.004672480 0.003233972 0.005840311 0.003425653 0.004317642 0.004455633 0.004088876 0.003847277
> dim(M.COUNT)
[1] 46 50
> dim(E11)
[1] 46 50
> hit.iter <- apply(M.COUNT,1,mean)
> hit.iter
 [1] 0.50 0.70 0.66 0.70 0.74 0.76 0.66 0.66 0.62 0.72 0.66 0.76 0.72 0.70 0.72 0.76 0.74 0.74 0.78 0.76 0.70 0.72 0.70 0.74 0.72
[26] 0.76 0.74 0.72 0.76 0.78 0.76 0.78 0.76 0.80 0.74 0.78 0.72 0.80 0.76 0.84 0.82 0.80 0.84 0.90 0.90 0.92
> E11.iter <- apply(E11,1,mean)
> E12.iter <- apply(E12,1,mean)
> E22.iter <- apply(E22,1,mean)
> E21.iter <- apply(E21,1,mean)
> E1.dif.iter <- apply(E1.dif,1,mean)
> E2.dif.iter <- apply(E2.dif,1,mean)
> SUM.E1E2.iter <- apply(SUM.E1E2,1,mean)
> E11.iter
 [1] 0.9692469 0.9657067 0.9634131 0.9599740 0.9562299 0.9531037 0.9498542 0.9459433 0.9432150 0.9392191 0.9356850 0.9319749
[13] 0.9286315 0.9246443 0.9194108 0.9156369 0.9111575 0.9066489 0.9034308 0.9000628 0.8968747 0.8940414 0.8912713 0.8892298
[25] 0.8876823 0.8863772 0.8847656 0.8830333 0.8804077 0.8785401 0.8764956 0.8751323 0.8736901 0.8725001 0.8713310 0.8705072
[37] 0.8693044 0.8676675 0.8667177 0.8660639 0.8649404 0.8634914 0.8620502 0.8610805 0.8586174 0.8572798
> E12.iter
 [1] 0.9695220 0.9661229 0.9639293 0.9605400 0.9568293 0.9537287 0.9505010 0.9466162 0.9439208 0.9399684 0.9364771 0.9327948
[13] 0.9295073 0.9255617 0.9203797 0.9166399 0.9122301 0.9077355 0.9045748 0.9012402 0.8981153 0.8953383 0.8926389 0.8906698
[25] 0.8891834 0.8879053 0.8863290 0.8846522 0.8820678 0.8802486 0.8782629 0.8769474 0.8755696 0.8744377 0.8733238 0.8725572
[37] 0.8714001 0.8697802 0.8688815 0.8682725 0.8672074 0.8657999 0.8644077 0.8634911 0.8610401 0.8597372
> E22.iter
 [1] 0.9693692 0.9657183 0.9633647 0.9598492 0.9560069 0.9528148 0.9494476 0.9453912 0.9425701 0.9384074 0.9346917 0.9308220
[13] 0.9272972 0.9231364 0.9176628 0.9136507 0.9089278 0.9042192 0.9008092 0.8972039 0.8937901 0.8907733 0.8878218 0.8856048
[25] 0.8839580 0.8825583 0.8808498 0.8789709 0.8761943 0.8741750 0.8719852 0.8704990 0.8689334 0.8675865 0.8663000 0.8653841
[37] 0.8640747 0.8623612 0.8612945 0.8605486 0.8593281 0.8577532 0.8562365 0.8551798 0.8526076 0.8511448
> E21.iter
 [1] 0.9696304 0.9660622 0.9637561 0.9602696 0.9564496 0.9532766 0.9499280 0.9458950 0.9430979 0.9389670 0.9352830 0.9314361
[13] 0.9279483 0.9238181 0.9183808 0.9143964 0.9097174 0.9050218 0.9016471 0.8980677 0.8946961 0.8917130 0.8888026 0.8866322
[25] 0.8850179 0.8836379 0.8819492 0.8801057 0.8773544 0.8753646 0.8732077 0.8717488 0.8702199 0.8689057 0.8676500 0.8667642
[37] 0.8654802 0.8637790 0.8627425 0.8620262 0.8608366 0.8592885 0.8578001 0.8567703 0.8542059 0.8527642
> E1.dif.iter
 [1] 0.0002750809 0.0004162221 0.0005162333 0.0005659052 0.0005993941 0.0006249559 0.0006467209 0.0006729560 0.0007057584
[10] 0.0007492782 0.0007921064 0.0008199755 0.0008758065 0.0009173556 0.0009689382 0.0010029606 0.0010726063 0.0010866415
[19] 0.0011439827 0.0011774202 0.0012406613 0.0012968942 0.0013676215 0.0014400203 0.0015011301 0.0015280930 0.0015634006
[28] 0.0016189347 0.0016600861 0.0017085226 0.0017672991 0.0018150508 0.0018794206 0.0019376836 0.0019928045 0.0020500028
[37] 0.0020957509 0.0021127426 0.0021638191 0.0022086608 0.0022669394 0.0023084988 0.0023575496 0.0024105743 0.0024226193
[46] 0.0024574481
> E2.dif.iter
 [1] 0.0002612094 0.0003439787 0.0003913340 0.0004204108 0.0004427057 0.0004618149 0.0004804088 0.0005038019 0.0005278662
[10] 0.0005595194 0.0005912391 0.0006141236 0.0006511685 0.0006816821 0.0007180181 0.0007456091 0.0007896467 0.0008026487
[19] 0.0008379210 0.0008638709 0.0009059663 0.0009397400 0.0009808248 0.0010274241 0.0010599589 0.0010795965 0.0010993908
[28] 0.0011347306 0.0011600961 0.0011896059 0.0012224829 0.0012497582 0.0012864934 0.0013192015 0.0013499777 0.0013800533
[37] 0.0014054523 0.0014178226 0.0014479713 0.0014775767 0.0015085236 0.0015353669 0.0015636132 0.0015904900 0.0015982139
[46] 0.0016193954
> SUM.E1E2.iter
 [1] 0.0005362904 0.0007602008 0.0009075673 0.0009863160 0.0010420998 0.0010867707 0.0011271297 0.0011767580 0.0012336245
[10] 0.0013087976 0.0013833455 0.0014340991 0.0015269750 0.0015990377 0.0016869564 0.0017485696 0.0018622529 0.0018892902
[19] 0.0019819037 0.0020412910 0.0021466275 0.0022366342 0.0023484463 0.0024674444 0.0025610890 0.0026076895 0.0026627914
[28] 0.0027536654 0.0028201821 0.0028981285 0.0029897820 0.0030648090 0.0031659140 0.0032568851 0.0033427822 0.0034300561
[37] 0.0035012031 0.0035305652 0.0036117904 0.0036862375 0.0037754629 0.0038438657 0.0039211628 0.0040010643 0.0040208332
[46] 0.0040768435
> sel.iter <- c(1,2,3,4,5,6,16,26,36,nleft)
> hit.iter[sel.iter]
 [1] 0.50 0.70 0.66 0.70 0.74 0.76 0.76 0.76 0.78 0.92
> E11.iter[sel.iter]
 [1] 0.9692469 0.9657067 0.9634131 0.9599740 0.9562299 0.9531037 0.9156369 0.8863772 0.8705072 0.8572798
> E12.iter[sel.iter]
 [1] 0.9695220 0.9661229 0.9639293 0.9605400 0.9568293 0.9537287 0.9166399 0.8879053 0.8725572 0.8597372
> E22.iter[sel.iter]
 [1] 0.9693692 0.9657183 0.9633647 0.9598492 0.9560069 0.9528148 0.9136507 0.8825583 0.8653841 0.8511448
> E21.iter[sel.iter]
 [1] 0.9696304 0.9660622 0.9637561 0.9602696 0.9564496 0.9532766 0.9143964 0.8836379 0.8667642 0.8527642
> E1.dif.iter[sel.iter]
 [1] 0.0002750809 0.0004162221 0.0005162333 0.0005659052 0.0005993941 0.0006249559 0.0010029606 0.0015280930 0.0020500028
[10] 0.0024574481
> E2.dif.iter[sel.iter]
 [1] 0.0002612094 0.0003439787 0.0003913340 0.0004204108 0.0004427057 0.0004618149 0.0007456091 0.0010795965 0.0013800533
[10] 0.0016193954
> SUM.E1E2.iter[sel.iter]
 [1] 0.0005362904 0.0007602008 0.0009075673 0.0009863160 0.0010420998 0.0010867707 0.0017485696 0.0026076895 0.0034300561
[10] 0.0040768435
> round(E11.iter[sel.iter], digits = 4)
 [1] 0.9692 0.9657 0.9634 0.9600 0.9562 0.9531 0.9156 0.8864 0.8705 0.8573
> round(E12.iter[sel.iter], digits = 4)
 [1] 0.9695 0.9661 0.9639 0.9605 0.9568 0.9537 0.9166 0.8879 0.8726 0.8597
> round(E22.iter[sel.iter], digits = 4)
 [1] 0.9694 0.9657 0.9634 0.9598 0.9560 0.9528 0.9137 0.8826 0.8654 0.8511
> round(E21.iter[sel.iter], digits = 4)
 [1] 0.9696 0.9661 0.9638 0.9603 0.9564 0.9533 0.9144 0.8836 0.8668 0.8528
> round(E1.dif.iter[sel.iter], digits = 4)
 [1] 0.0003 0.0004 0.0005 0.0006 0.0006 0.0006 0.0010 0.0015 0.0021 0.0025
> round(E2.dif.iter[sel.iter], digits = 4)
 [1] 0.0003 0.0003 0.0004 0.0004 0.0004 0.0005 0.0007 0.0011 0.0014 0.0016
> round(SUM.E1E2.iter[sel.iter], digits = 4)
 [1] 0.0005 0.0008 0.0009 0.0010 0.0010 0.0011 0.0017 0.0026 0.0034 0.0041
> dim(THETA1.EST)
[1] 46 50
> dim(THETA2.EST)
[1] 46 50
> THETA1.EST[,1:20]
           [,1]      [,2]      [,3]      [,4]      [,5]      [,6]      [,7]      [,8]      [,9]     [,10]     [,11]     [,12]
 [1,] 1.1406693 0.2169847 0.6064574 0.4919781 1.4615392 0.6042469 1.1126183 0.3403070 0.1000834 0.2878711 0.4242463 3.2319493
 [2,] 0.7630714 0.4073666 0.3780108 0.8458338 1.1456878 0.9717678 0.9729867 0.5493114 0.2468854 0.3351203 0.7681018 2.8210404
 [3,] 0.6494572 0.3470930 0.5272865 0.8216515 0.9192103 0.7617090 0.8074292 0.5649815 0.4340089 0.4741704 0.8938242 1.8915342
 [4,] 0.5997056 0.3671992 0.7269413 0.8216132 0.7963714 0.6769746 0.7468739 0.8559346 0.5092244 0.6285302 0.6954585 1.5071777
 [5,] 0.9166041 0.5644622 0.8861526 0.7694224 0.9565941 0.7981560 0.7263831 0.8061635 0.7246009 0.5921898 0.6108483 1.3156113
 [6,] 0.9026964 0.5220046 0.7937398 0.7233574 0.9092971 0.7200146 0.7613147 0.7699648 0.7087316 0.8153894 0.5955595 1.1488999
 [7,] 0.9157528 0.7741286 0.9034026 0.7618051 0.8355876 0.6600303 0.7935765 0.8305223 1.0100263 0.8828166 0.6623054 1.2218099
 [8,] 0.8412616 0.6880166 0.8940426 0.7307912 0.8312847 0.6756731 0.7431599 0.7780764 0.9904889 0.8431447 0.6386730 1.1185070
 [9,] 0.8579592 0.7354475 0.8767373 0.7849637 0.8302219 0.7180677 0.8332371 0.7635893 0.9209464 0.8247309 0.6558791 1.0692331
[10,] 0.8673326 0.6870669 0.8493023 0.7543854 0.8021307 0.7207443 0.8041527 0.7547403 0.8806360 0.7965818 0.6835641 1.0811612
[11,] 0.8138110 0.7216444 0.8470382 0.7517958 0.7772437 0.7225285 0.8367311 0.7278756 0.8293652 0.7673736 0.8415136 1.0910615
[12,] 0.8278012 0.6974665 0.8485614 0.7409618 0.7622461 0.6965219 0.8237939 0.7640459 0.7906896 0.7444239 0.8794886 1.0938432
[13,] 0.8500022 0.7360486 0.8210000 0.7177977 0.7941246 0.6738062 0.7990696 0.7372535 0.7594592 0.7329998 0.8408616 1.1388497
[14,] 0.8134835 0.7402156 0.7759410 0.7486923 0.7656477 0.7069669 0.9553990 0.7391056 0.7195979 0.7589817 0.8514143 1.0872305
[15,] 0.7883531 0.7200732 0.7516767 0.7889266 0.8074851 0.7334995 0.9328596 0.8671893 0.6870509 0.7487574 0.8299457 1.0417114
[16,] 0.7652878 0.7418954 0.7302633 0.7893966 0.9311883 0.7192279 0.8959487 0.9370556 0.6689468 0.7746817 0.8919892 1.0357306
[17,] 0.8019906 0.7509967 0.7200413 0.7618830 0.9363884 0.7368131 0.8696040 0.9114384 0.6549396 0.7821434 0.9052982 1.0347146
[18,] 0.7800773 0.7389502 0.7274675 0.7554995 0.9195154 0.7915056 0.8613953 0.8943223 0.6448104 0.7849380 0.8811976 0.9902339
[19,] 0.7633673 0.7393858 0.7078564 0.7396502 0.8856719 0.7706500 0.8371529 0.8732019 0.6544521 0.8071457 0.8981168 1.0222054
[20,] 0.7820549 0.8489950 0.7609756 0.7284830 0.8703450 0.7541257 0.8150724 0.8520050 0.6666031 0.7849049 0.8943948 1.0153835
[21,] 0.7674448 0.9283142 0.7421080 0.7159483 0.8765032 0.7506884 0.8154991 0.8380291 0.6953153 0.7751462 0.8725490 0.9987522
[22,] 0.7621708 0.9480380 0.7224287 0.7015878 0.8916196 0.7386391 0.8539727 0.8210519 0.6941260 0.7622781 0.8470540 0.9740670
[23,] 0.7473421 0.9013221 0.7042391 0.6947000 0.8699213 0.7377094 0.8336232 0.8255409 0.7034422 0.7569456 0.8385824 0.9934914
[24,] 0.7461620 0.8811598 0.6903011 0.7429515 0.8800478 0.7996545 0.8623580 0.8193512 0.6935334 0.7539216 0.8468096 0.9663260
[25,] 0.7587026 0.9032130 0.6783389 0.7510678 0.8637746 0.8221186 0.8515755 0.8042118 0.6864386 0.8046969 0.8250073 0.9452029
[26,] 0.7499195 0.8826975 0.6646592 0.7582842 0.8594318 0.8693340 0.8343582 0.7975051 0.6866165 0.8273075 0.8260712 0.9385429
[27,] 0.7345133 0.8668519 0.6684505 0.7474752 0.8413608 0.8489006 0.8165805 0.8238937 0.7148523 0.8345665 0.8207061 0.9276124
[28,] 0.7208832 0.8669562 0.6585398 0.7813604 0.8402373 0.8405832 0.8396445 0.8147630 0.7326204 0.8292871 0.8043783 0.9129888
[29,] 0.7332586 0.8482830 0.6806387 0.7626335 0.8947126 0.8355778 0.8280556 0.8025788 0.7233967 0.8251120 0.8239938 0.9025763
[30,] 0.7332161 0.8474614 0.6689238 0.7637131 0.8769156 0.8218137 0.8152318 0.8452049 0.7245048 0.8209207 0.8085024 0.8926812
[31,] 0.7224667 0.8359242 0.6693422 0.7632275 0.8614143 0.8346386 0.8088716 0.8303325 0.7634596 0.8135036 0.7927836 0.8858771
[32,] 0.7186767 0.8197524 0.6800399 0.7519165 0.8487415 0.8193218 0.8003796 0.8198563 0.7524225 0.8073380 0.8300693 0.9166371
[33,] 0.7103803 0.8142127 0.6903581 0.7476219 0.8376323 0.8413884 0.7879460 0.8164685 0.7585195 0.7958106 0.8177348 0.9174525
[34,] 0.7074091 0.8312198 0.6926965 0.7375494 0.8293591 0.8387078 0.8049015 0.8063176 0.7760051 0.7846216 0.8053343 0.9098738
[35,] 0.7118808 0.8408464 0.6913485 0.7321315 0.8253109 0.8252396 0.7951571 0.8004756 0.8100881 0.7736450 0.7921251 0.9000012
[36,] 0.7184978 0.8675645 0.6832274 0.7679016 0.8226752 0.8158402 0.7871761 0.7892407 0.8125299 0.7687391 0.8001374 0.9070154
[37,] 0.7123958 0.8721151 0.7092838 0.7666284 0.8110673 0.8320710 0.7852588 0.8419681 0.8061576 0.7639542 0.7876034 0.8904453
[38,] 0.7028524 0.8587043 0.7132265 0.7622175 0.8006708 0.8208771 0.7760397 0.8342872 0.8157091 0.7773515 0.7843699 0.8796080
[39,] 0.7059489 0.8620434 0.7075709 0.7590590 0.7907217 0.8138583 0.7745361 0.8540348 0.8219955 0.7676019 0.7829079 0.8735198
[40,] 0.7062166 0.8930763 0.7083798 0.7496622 0.7815885 0.8065350 0.7662123 0.8679260 0.8111883 0.7672093 0.7747933 0.8925346
[41,] 0.7008016 0.8847976 0.7034267 0.7380919 0.7765461 0.8111557 0.7919064 0.8577223 0.8020415 0.7676279 0.7909511 0.8851187
[42,] 0.7205245 0.8836600 0.7330225 0.7417409 0.7699944 0.8148842 0.7900305 0.8565043 0.7967706 0.7681511 0.7810515 0.8755448
[43,] 0.7267649 0.8896490 0.7451905 0.7920656 0.7623325 0.8166538 0.7992237 0.8460528 0.7902653 0.7607082 0.7778958 0.8693465
[44,] 0.7410954 0.8786221 0.7481534 0.7737335 0.7540488 0.8074188 0.7904584 0.8401332 0.7862138 0.7560575 0.7791452 0.8605085
[45,] 0.7327801 0.8686977 0.7431025 0.8182530 0.7482609 0.8059063 0.7901917 0.8316919 0.7788293 0.7482572 0.7723746 0.8527955
[46,] 0.7323489 0.8704518 0.7360430 0.8055600 0.7410459 0.7972110 0.7801763 0.8248286 0.7700917 0.7454938 0.7709257 0.8436877
          [,13]     [,14]      [,15]     [,16]     [,17]     [,18]     [,19]     [,20]
 [1,] 0.4202946 1.3003273 54.2663846 0.9326615 0.3317868 0.4927947 0.2934033 4.7743818
 [2,] 0.3544016 1.0463686 54.2633383 1.1814238 0.6924704 0.8211266 0.4320227 7.7739396
 [3,] 0.4478329 0.8650320 54.3208607 0.9191476 0.7104564 0.7071812 0.9660442 3.3193429
 [4,] 0.4463884 1.1734300 54.4722929 1.2121068 0.6367341 0.6720598 0.8713025 2.0370846
 [5,] 0.4967545 1.0346662  1.1098212 1.1586144 0.6355134 0.8071749 0.7946748 1.6064206
 [6,] 0.5464996 0.9614055  1.0258108 1.1211533 0.6752885 0.8026354 0.7536103 1.2990845
 [7,] 0.5241005 1.0181067  0.9433542 1.0772311 0.6623287 0.7823813 0.7129174 1.1543793
 [8,] 0.4971472 0.9517667  0.9821463 1.0439118 0.7664488 0.7273380 0.6862962 1.0619903
 [9,] 0.4836752 0.9163927  0.9684314 1.1290319 0.7429893 0.7019547 0.6625084 1.0465023
[10,] 0.6216132 0.9186631  0.9130022 1.0949995 0.7515671 0.7363237 0.6646936 0.9905392
[11,] 0.6099459 0.8908765  0.9534864 1.0835108 0.7228095 0.7554591 0.6661306 0.9425250
[12,] 0.6061610 0.8549384  0.9182479 1.0453548 0.6990495 0.7504811 1.0307972 0.9050435
[13,] 0.6423109 0.8406963  0.9170122 1.0244228 0.7657432 0.7297370 0.9597011 0.9751377
[14,] 0.6491865 0.8831551  0.9451837 1.0591394 0.8066739 0.8507201 0.8695563 0.9258138
[15,] 0.6378899 0.8671469  0.9177439 1.0354500 0.7887884 0.8254861 0.8498371 0.9327519
[16,] 0.6174994 0.8345381  0.9666494 1.0055630 0.7641592 0.8258134 0.8109627 0.9000766
[17,] 0.6027709 0.8472595  0.9478428 0.9783493 0.7908805 0.8470451 0.8054161 0.8808567
[18,] 0.6548279 0.8248701  0.9263848 0.9536922 0.8154224 0.8348414 0.7906896 0.8565623
[19,] 0.6365287 0.8316756  0.9284979 0.9384663 0.8059099 0.8202618 0.7711686 0.8422409
[20,] 0.7231309 0.8166619  0.9027857 0.9305148 0.8058975 0.8070286 0.7749669 0.8203692
[21,] 0.7056825 0.8187726  0.8881443 0.9403982 0.9634685 0.7983621 0.7598479 0.8043921
[22,] 0.6932706 0.8463038  0.8833578 0.9400652 0.9645412 0.7853857 0.7530262 0.7884994
[23,] 0.7079009 0.8439452  0.8602451 0.9240417 0.9504913 0.7807787 0.7532659 0.7800856
[24,] 0.7160450 0.8304690  0.8500648 0.9235592 0.9311373 0.7925414 0.7385017 0.7627782
[25,] 0.7080123 0.8126539  0.8350848 0.9082535 0.9032106 0.7908619 0.7299191 0.7556155
[26,] 0.7232914 0.8551800  0.8502951 0.9878994 0.8931572 0.8245685 0.7691795 0.7440698
[27,] 0.7443231 0.8394132  0.8446435 0.9688452 0.8737603 0.8104414 0.7590985 0.7845676
[28,] 0.7340890 0.8373711  0.8421139 0.9552020 0.8637887 0.7955612 0.7469385 0.7691838
[29,] 0.7315772 0.8981437  0.8272315 0.9495862 0.8609964 0.7859519 0.7351623 0.7860372
[30,] 0.7231054 0.9131678  0.8131060 0.9471903 0.8443948 0.7884042 0.7498437 0.7926503
[31,] 0.7117875 0.9336705  0.8091730 0.9352950 0.8376199 0.7880920 0.7425385 0.7824324
[32,] 0.7326901 0.9188565  0.8145838 0.9205709 0.8317466 0.7789654 0.7357533 0.8248581
[33,] 0.7306793 0.9274576  0.8023241 0.9243449 0.8272192 0.7684011 0.7298043 0.8110517
[34,] 0.7524275 0.9287900  0.7938209 1.0078651 0.8149271 0.7868057 0.7907962 0.8170444
[35,] 0.7598689 0.9272396  0.8222100 0.9921948 0.8099984 0.7834655 0.7807348 0.8089022
[36,] 0.7494752 0.9136651  0.8387248 0.9893784 0.8355385 0.7859098 0.7724773 0.8114680
[37,] 0.7549117 0.9005807  0.8251726 0.9784600 0.8332858 0.7906109 0.7641031 0.8038753
[38,] 0.7521443 0.8897614  0.8176796 0.9793616 0.8214216 0.7824971 0.7631237 0.7952689
[39,] 0.7446419 0.8851005  0.8154076 0.9743816 0.8097072 0.7918559 0.7789006 0.7871895
[40,] 0.7429293 0.8771516  0.8056588 0.9616880 0.8029380 0.8191891 0.7748953 0.7844783
[41,] 0.7447130 0.8685854  0.7934210 0.9495674 0.7931265 0.8141133 0.7816195 0.7749762
[42,] 0.7380180 0.8581730  0.7818022 0.9450405 0.8061050 0.8398503 0.7749243 0.7816332
[43,] 0.7288325 0.8534817  0.7712474 0.9504192 0.7966438 0.8463401 0.7699702 0.7843100
[44,] 0.7202858 0.8444802  0.7724065 0.9430050 0.7880346 0.8409209 0.7652075 0.7987323
[45,] 0.7150156 0.8375797  0.7648936 0.9439215 0.8024944 0.8365487 0.7583437 0.7930512
[46,] 0.7159881 0.8349906  0.7554034 0.9304278 0.7935388 0.8284428 0.7523225 0.7986264
> THETA1.EST[,21:40]
           [,1]      [,2]      [,3]      [,4]      [,5]      [,6]      [,7]      [,8]      [,9]     [,10]     [,11]     [,12]
 [1,] 0.4406742 0.6444288 0.2792678 2.2227514 1.0028576 1.1979468 0.6230854 1.3604637 1.8987412 0.6511418 0.7440717 0.3371497
 [2,] 0.5466722 0.5821355 0.2180280 1.5995773 0.7687077 0.9116412 0.3914644 0.9044895 1.0193905 0.4172190 0.7317104 0.4678320
 [3,] 0.4318315 0.5991848 0.2031916 1.1701678 0.5834590 0.7138216 1.3638568 0.6584746 1.0108959 0.6262159 0.6543319 0.6475416
 [4,] 0.4566822 0.6858937 0.2475659 1.1212267 0.5068236 0.5880280 1.0430867 0.5402195 1.0529285 0.5534337 0.8128161 0.5848703
 [5,] 1.0137013 0.7009187 0.2665620 0.9899367 0.4588069 0.7419654 1.3788798 0.5469430 1.0621742 0.5091033 0.9334656 0.5624171
 [6,] 0.9084486 0.6573459 0.5223128 0.9487090 0.4176396 0.6845157 1.1919533 0.5148400 1.0211803 0.4959464 0.8368835 0.5603642
 [7,] 0.9733667 0.6573891 0.5635502 0.9968554 0.4123150 0.6371962 1.1660448 0.5992181 0.9674724 0.4783812 0.9342710 0.5347837
 [8,] 0.8930214 0.8018514 0.5802544 1.1295046 0.5871406 0.6302001 1.2088790 0.5682142 0.9166732 0.4720027 0.8763924 0.5139631
 [9,] 0.8411733 0.7322648 0.5628942 1.0949179 0.5605438 0.6622412 1.2638815 0.5799097 0.8744193 0.4475835 0.8300744 0.5101874
[10,] 0.9109384 0.7135041 0.6646150 1.1095209 0.5305808 0.7824777 1.2077122 0.7651593 0.8520670 0.7081271 0.7918096 0.6126291
[11,] 0.8837837 0.7419328 0.6674896 1.1083453 0.5048836 0.7421859 1.1409195 0.8959783 0.8549837 0.6640647 0.7760013 0.6796814
[12,] 0.9226091 0.7019056 0.6408227 1.0499574 0.5256774 0.7189211 1.2580468 1.0131622 0.8344137 0.7052089 0.7469402 0.6859849
[13,] 0.8800940 0.6888503 0.6477110 1.0058319 0.5429351 0.7157464 1.1761893 0.9726634 0.8099669 0.7445893 0.7253425 0.7022354
[14,] 0.8659098 0.6880990 0.6225150 0.9837554 0.5463938 0.6954265 1.1114220 0.9721080 0.7973208 0.7695277 0.7636868 0.6835903
[15,] 0.8375296 0.6761619 0.6131717 0.9697772 0.5626008 0.6952378 1.0789464 0.9432965 0.8464213 0.7499576 0.7837671 0.6756997
[16,] 0.8850487 0.6580555 0.6320860 0.9834804 0.7382517 0.7004997 1.0361445 0.9158805 0.8350212 0.7307085 0.8079322 0.7492252
[17,] 0.8835396 0.6788571 0.6308758 0.9813272 0.7330007 0.7084122 1.0019144 0.9484687 0.8459558 0.7402881 0.7872936 0.7622963
[18,] 0.9007679 0.8347029 0.6266401 0.9622864 0.7685546 0.6984801 0.9699846 0.9922073 0.8343686 0.7304504 0.8437123 0.7929920
[19,] 0.8732246 0.8048821 0.6221159 0.9317261 0.7481778 0.7254484 0.9835362 0.9563044 0.8270941 0.7335411 0.8463097 0.7738277
[20,] 0.8475399 0.8019038 0.6258720 0.9210139 0.7380362 0.7772366 0.9701457 0.9260591 0.8111846 0.7394673 0.8464531 0.7968018
[21,] 0.9179957 0.7758179 0.6118442 0.9085729 0.7587011 0.7712254 0.9474036 0.9059405 0.8302243 0.7358202 0.8362357 0.8034648
[22,] 0.8907143 0.7525784 0.6539316 0.9145805 0.7738295 0.7413501 0.9267260 0.8893243 0.8951593 0.8374744 0.8417367 0.7899967
[23,] 0.8667152 0.7642411 0.6925218 0.8998480 0.7618755 0.7176228 0.9389540 0.8770180 0.8766941 0.8111152 0.9113627 0.7799113
[24,] 0.8893318 0.7851703 0.6880765 0.9032053 0.7689704 0.7054967 0.9203123 0.8457296 0.8605099 0.7903619 0.9286201 0.7605466
[25,] 0.8858245 0.8244079 0.6947408 0.8894291 0.7539010 0.7216281 0.9031947 0.8437732 0.8784622 0.7757505 0.9054221 0.7442724
[26,] 0.8667981 0.8058188 0.7266529 0.9387481 0.7567426 0.7541989 0.8989156 0.8342563 0.8682351 0.7569490 0.8825630 0.7299741
[27,] 0.8585201 0.8368268 0.7105228 0.9696606 0.7425019 0.7487786 0.8818076 0.8912854 0.8840952 0.7755498 0.8836179 0.7287433
[28,] 0.8406903 0.9100391 0.7121616 0.9509253 0.7375007 0.7568327 0.8670487 0.8807837 0.9153769 0.7597690 0.8705344 0.7452136
[29,] 0.8464305 0.9221503 0.7319869 0.9504883 0.7314412 0.7449270 0.8802031 0.8784031 0.9535674 0.7471889 0.8512171 0.7493042
[30,] 0.8490688 0.9604754 0.7176333 0.9344866 0.7262706 0.7465156 0.8642191 0.8705860 0.9396566 0.7328745 0.8963211 0.7562583
[31,] 0.8414523 0.9653255 0.7409365 0.9176626 0.7183884 0.7507668 0.8504363 0.8606958 0.9262928 0.7337371 0.8781864 0.7472722
[32,] 0.8311900 0.9486445 0.7293339 0.9018152 0.7107655 0.7594412 0.8400935 0.8654161 0.9135560 0.7300435 0.8651584 0.7486853
[33,] 0.8188260 0.9325306 0.7209139 0.8888012 0.7239306 0.7566613 0.8279978 0.8519748 0.8983327 0.7574387 0.8587834 0.7634454
[34,] 0.8611686 0.9928070 0.7892491 0.9592811 0.7245840 0.7547261 0.8271667 0.8430570 0.8945339 0.7473254 0.8972983 0.7834175
[35,] 0.8663274 0.9760799 0.7797187 0.9451959 0.7179346 0.7970355 0.8401828 0.8312267 0.8886093 0.7368327 0.8843993 0.7727577
[36,] 0.8716212 0.9631918 0.8474583 0.9428421 0.7123138 0.7882406 0.8285572 0.8235459 0.8830269 0.7558433 0.9417635 0.7827395
[37,] 0.8619212 0.9537552 0.8446938 0.9323685 0.7089672 0.7799322 0.8311696 0.8216031 0.8711066 0.7411493 0.9344765 0.7971335
[38,] 0.8549531 0.9424066 0.8334428 0.9219647 0.7022479 0.7730171 0.8325121 0.8167160 0.8651348 0.7811610 0.9393627 0.7959915
[39,] 0.8488621 0.9313329 0.8245121 0.9093041 0.6951061 0.7690308 0.8256950 0.8144089 0.8618656 0.7889936 0.9276714 0.7856608
[40,] 0.8390029 0.9558415 0.8131168 0.9049045 0.6947176 0.7655443 0.8366465 0.8070012 0.8528791 0.7808769 0.9159400 0.7745234
[41,] 0.8436381 0.9460779 0.8113149 0.8931318 0.6908868 0.7615417 0.8279055 0.8258875 0.8613368 0.7787927 0.9218376 0.7817002
[42,] 0.8344157 0.9417808 0.8125783 0.8838527 0.6928193 0.7718145 0.8175601 0.8592792 0.8648245 0.7714952 0.9132927 0.7837539
[43,] 0.8432038 0.9303137 0.8116082 0.8740306 0.7132883 0.7824745 0.8084905 0.8515625 0.8638707 0.7622897 0.9049324 0.7808621
[44,] 0.8339579 0.9200269 0.8054293 0.8879871 0.7151550 0.8158255 0.8045027 0.8727411 0.8556569 0.8145836 0.8963548 0.7894671
[45,] 0.8362147 0.9173003 0.9146512 0.9039696 0.7123190 0.8052821 0.7978152 0.8612468 0.8470775 0.8098890 0.9009464 0.7984353
[46,] 0.8281724 0.9120457 0.9205942 0.8951589 0.7037540 0.8271274 0.7924024 0.8533207 0.8384427 0.8008715 0.8985835 0.7939936
           [,13]     [,14]     [,15]      [,16]     [,17]     [,18]     [,19]     [,20]
 [1,] 54.4090804 0.1987892 0.4210124 51.2318561 0.3840123 0.5887815 0.3611984 0.9004674
 [2,]  1.2533237 0.8783853 0.4931639  1.1344794 0.4281056 0.6602534 0.4289388 0.8158686
 [3,]  1.0014455 1.1063840 0.4274987  0.8283979 1.3378952 0.5902702 0.4401221 1.0207951
 [4,]  0.9814626 1.0421527 0.5059218  0.7271825 1.1153733 0.7526656 0.5986784 0.9095460
 [5,]  0.8788695 0.9620828 0.5085369  0.9807663 1.0853111 0.6855693 0.5353619 0.8185733
 [6,]  0.8117325 1.0382050 0.5632300  0.8656383 0.9462945 0.6821138 0.4941152 0.7827256
 [7,]  0.7673234 1.0212255 0.6262612  0.7876641 0.8581571 0.6505221 0.6369917 0.7399355
 [8,]  0.7969540 0.9626373 0.6446490  0.7756770 0.8488169 0.6326088 0.5814947 0.7049192
 [9,]  0.7581003 1.0233912 0.7636098  0.7514956 0.8449907 0.6469892 0.6024125 0.6766959
[10,]  0.7232791 1.0138069 0.7743883  0.7109856 0.8681696 0.6192319 0.6324664 0.7377984
[11,]  0.7380725 0.9786194 0.8852065  0.7954085 0.8393558 0.6967980 0.5944946 0.7088353
[12,]  0.7268326 1.0644865 0.9311803  0.7604025 0.9120295 0.6824160 0.5937816 0.6831168
[13,]  0.7018572 1.0161756 0.8927444  0.7627654 0.8866945 0.7464590 0.5700481 0.6951138
[14,]  0.7056959 0.9828709 0.9123060  0.7385793 0.9123354 0.8254276 0.6510763 0.6769040
[15,]  0.6958127 0.9569384 0.8870673  0.8001124 0.9106467 0.8178883 0.6281085 0.6662066
[16,]  0.6819828 0.9863482 0.8600166  0.7785016 0.9131038 0.7905042 0.8793833 0.7321714
[17,]  0.6620769 0.9585687 0.8484890  0.7658469 0.9246391 0.7842927 0.8476890 0.7176658
[18,]  0.6491584 0.9513295 0.8468758  0.8184433 0.9259582 0.7867478 0.8165723 0.8015586
[19,]  0.6511344 0.9101852 0.8346284  0.8733333 0.9030933 0.7698491 0.8183071 0.7815082
[20,]  0.6433766 0.8983703 0.8228759  0.8585181 0.9000061 0.7669640 0.8022066 0.7885536
[21,]  0.6364976 0.9914116 0.8122512  0.9191354 0.8861027 0.7502054 0.7889278 0.8210062
[22,]  0.6256873 0.9805788 0.7970627  0.9097897 0.8691286 0.7761281 0.8026355 0.7975757
[23,]  0.6795778 0.9695738 0.9241915  0.8864853 0.8801931 0.7670161 0.8125335 0.8079817
[24,]  0.6933474 0.9514251 0.9229471  0.8759871 0.8633388 0.7493891 0.7998232 0.8040755
[25,]  0.6776700 0.9554502 0.8995770  0.8825010 0.8556736 0.7420122 0.7977227 0.8122736
[26,]  0.6619525 0.9325069 0.9304215  0.8701616 0.8405432 0.7260177 0.7835635 0.8796491
[27,]  0.6496471 0.9135523 0.9289089  0.8510234 0.8285475 0.7178810 0.7771793 0.8738224
[28,]  0.6535772 0.8971045 0.9091706  0.8373462 0.8481799 0.7067581 0.7641556 0.8684183
[29,]  0.6419110 0.8857870 0.9041353  0.8732577 0.8363446 0.7031346 0.7541150 0.8966398
[30,]  0.6292460 0.8798413 0.8962346  0.8675814 0.8574839 0.7030697 0.7433051 0.8905801
[31,]  0.6337739 0.8687500 0.8940909  0.8843103 0.8462451 0.7199336 0.7513169 0.8837037
[32,]  0.6229306 0.8545667 0.8789776  0.8826693 0.8567749 0.7080802 0.7904196 0.8725622
[33,]  0.6195735 0.8511946 0.8687671  0.8837365 0.8451081 0.7190397 0.7785520 0.8845571
[34,]  0.6121993 0.8466225 0.8620346  0.8761203 0.8851877 0.7106144 0.7701131 0.8732533
[35,]  0.6411699 0.8384871 0.8483792  0.8775012 0.8938840 0.7118899 0.8004119 0.8749372
[36,]  0.6446094 0.8281106 0.8398636  0.9113152 0.8883720 0.7073871 0.7922723 0.8933576
[37,]  0.6384360 0.8227582 0.8305631  0.8989658 0.8789546 0.7041570 0.7925649 0.8911964
[38,]  0.6308710 0.8424711 0.8222822  0.9055284 0.8746505 0.6951373 0.7843250 0.8804223
[39,]  0.6462296 0.8338967 0.8135514  0.8971709 0.8680992 0.6890121 0.7832250 0.8694870
[40,]  0.6674445 0.8222642 0.8121463  0.8959354 0.8584103 0.7061672 0.7786412 0.8907662
[41,]  0.6601479 0.8483683 0.8103919  0.9013743 0.8585122 0.6970542 0.7719435 0.8791057
[42,]  0.6719726 0.8647877 0.8194093  0.8918884 0.8510541 0.7006555 0.7894779 0.8706753
[43,]  0.6644029 0.8527802 0.8112465  0.8805126 0.8468871 0.7016719 0.8093437 0.8618536
[44,]  0.6660709 0.8417977 0.8032080  0.8945711 0.8389872 0.6986871 0.8026194 0.8521428
[45,]  0.6814239 0.8621397 0.8215198  0.9045446 0.8475423 0.6983123 0.7976313 0.8437775
[46,]  0.6773938 0.8515129 0.8131801  0.9221728 0.8398280 0.7088575 0.8261131 0.8680663
> THETA1.EST[,41:50]
           [,1]      [,2]      [,3]       [,4]      [,5]      [,6]      [,7]      [,8]      [,9]     [,10]
 [1,] 0.2618846 0.2637943 1.3295097 51.2111819 1.2802414 0.5701611 0.6285060 0.9600418 2.3303729 0.2248401
 [2,] 1.0661499 0.2480285 1.0638510  0.9823920 0.8761875 0.3532384 0.8213664 0.4507176 1.0288688 0.5967859
 [3,] 0.9254671 0.2450131 0.9863185  0.7812655 0.8296871 0.6009993 0.7021892 0.5945056 0.8930268 0.5835949
 [4,] 1.0268405 0.6053429 0.8494308  1.0426929 0.7605861 0.5904100 0.6610600 0.5881196 0.8920407 0.6934132
 [5,] 1.1656100 0.5467965 1.0258045  0.9569717 0.7195242 0.6258330 0.6956137 0.5691608 0.9690186 0.8066492
 [6,] 1.0277505 0.9970988 0.8989650  0.8324812 0.6859683 0.5792336 0.6721506 0.8546142 0.9221684 0.7505981
 [7,] 0.9671151 0.9297758 0.9212826  0.8554812 0.7057150 0.6004420 0.8123942 0.8008729 0.9435985 0.8361295
 [8,] 0.9262449 0.9672355 1.0854442  0.8496856 0.8465719 0.6444550 1.0414041 0.7660732 1.0970438 1.2097983
 [9,] 0.8840396 0.9140621 1.0127246  0.7927623 0.8126720 0.6172811 1.1996985 0.7435889 1.0165133 1.0970042
[10,] 0.8790909 0.8891394 0.9679193  0.7449533 0.7741645 0.6138775 1.3508328 0.7802511 0.9645552 1.0662619
[11,] 0.9004723 0.8573224 0.9946075  0.7075707 0.7528089 0.6014744 1.1760464 0.7491582 0.9385902 1.1711488
[12,] 0.8681005 1.1064701 0.9724644  0.6945143 0.7585579 0.6422136 1.1490844 0.7439166 0.9216264 1.1113388
[13,] 0.8555705 1.0729575 0.9842221  0.6838559 0.7389732 0.6222223 1.3117270 0.7844740 0.9527143 1.1007302
[14,] 0.8560358 1.0434540 0.9411181  0.6668288 0.7441628 0.6001467 1.2229947 0.7682094 0.9376611 1.0475922
[15,] 0.8745887 1.0158403 0.8962529  0.6495478 0.7408638 0.6600826 1.1633362 0.7895833 0.9401292 1.0318870
[16,] 0.8646187 0.9911275 0.8867797  0.6320043 0.7271440 0.6608311 1.2234953 0.7791011 0.9189398 1.0238793
[17,] 0.8453897 1.0051230 0.9099237  0.6445453 0.7092017 0.6762837 1.1683978 0.7665612 0.8870347 1.0089155
[18,] 0.8214000 0.9805980 0.9046416  0.6247723 0.6997276 0.6544322 1.1447011 0.7610636 0.9079241 0.9765929
[19,] 0.7963200 0.9544612 0.8840469  0.6222460 0.6924467 0.6566233 1.1174612 0.8268519 0.8891805 0.9502382
[20,] 0.7841445 0.9882467 0.8553060  0.6492830 0.6839123 0.6498957 1.1159928 0.8089071 0.8837989 0.9510125
[21,] 0.8116059 0.9717418 0.8458907  0.7365440 0.6866640 0.7284907 1.1057812 0.8058695 0.8666046 0.9462025
[22,] 0.7925854 0.9912248 0.8339037  0.7640492 0.6766712 0.7268856 1.0878279 0.7898304 0.9116683 0.9370896
[23,] 0.7963618 1.0206095 0.8132503  0.7617633 0.7169917 0.7213641 1.0930729 0.7740790 0.9038054 0.9200614
[24,] 0.8579084 1.0083426 0.8332908  0.7435902 0.7022053 0.7118332 1.0647880 0.7798205 0.9148223 0.9028383
[25,] 0.8389438 1.0285460 0.8291665  0.7851114 0.7458828 0.7003230 1.0419144 0.7860523 0.8978939 0.8910609
[26,] 0.9023397 1.0083531 0.8526650  0.7708938 0.7484433 0.7266866 1.0272843 0.7726960 0.8823107 0.8888856
[27,] 0.8839892 1.0016811 0.8398025  0.7826069 0.7670623 0.7267339 1.0339615 0.7752396 0.8688864 0.8759456
[28,] 0.8667173 0.9842715 0.8505186  0.7754091 0.7567543 0.7217100 1.0163338 0.7831432 0.8699500 0.9055992
[29,] 0.8635485 0.9744431 0.8381181  0.7667736 0.7782755 0.7217427 1.0048568 0.8060850 0.8732072 0.8915395
[30,] 0.8546026 0.9639307 0.8231133  0.7571022 0.7784264 0.7190479 1.0202924 0.7950992 0.8645875 0.8795875
[31,] 0.8427720 0.9491746 0.8133463  0.7586062 0.7922653 0.7150589 1.0006895 0.8014168 0.8796737 0.8992409
[32,] 0.8409071 0.9460533 0.8046601  0.7461093 0.7830251 0.7155831 1.0021220 0.8074263 0.9273849 0.8939086
[33,] 0.8285151 0.9406979 0.8075013  0.7409971 0.7725877 0.7071316 0.9886208 0.7982515 0.9406750 0.9059930
[34,] 0.8275079 0.9484776 0.8474805  0.7330447 0.7674678 0.7009570 0.9778017 0.8064418 0.9277095 0.8939163
[35,] 0.8154965 0.9379232 0.8355095  0.7265892 0.7691177 0.7035092 0.9671733 0.7970260 0.9182603 0.8829058
[36,] 0.8165886 0.9398818 0.8329338  0.7481782 0.7598520 0.7029268 0.9504046 0.7881017 0.9250111 0.8762004
[37,] 0.8058968 0.9639700 0.8322855  0.7459845 0.7511448 0.6996197 0.9364905 0.7851707 0.9117539 0.8691205
[38,] 0.8479651 0.9595044 0.8272925  0.7347360 0.7421575 0.7790576 0.9295331 0.7763449 0.9051772 0.8597126
[39,] 0.8450647 0.9527301 0.8333977  0.7681829 0.7368524 0.7662220 0.9189304 0.7698688 0.8939630 0.8498944
[40,] 0.8343678 0.9418552 0.8298975  0.7596389 0.7393127 0.7725076 0.9650628 0.7634755 0.8878537 0.8592489
[41,] 0.8250748 0.9304186 0.8220792  0.7641714 0.7323713 0.8091140 0.9665470 0.7599071 0.8789430 0.8645363
[42,] 0.8658460 0.9741755 0.8152085  0.7552706 0.7494197 0.8020121 0.9623422 0.7577566 0.8709317 0.8793115
[43,] 0.8738141 0.9652002 0.8082110  0.7486548 0.7571624 0.8122398 0.9496056 0.7551418 0.8602688 0.8844070
[44,] 0.8802409 0.9567329 0.8104123  0.8119673 0.7498404 0.8441452 0.9492189 0.7507600 0.8514131 0.8796665
[45,] 0.8706165 0.9469083 0.8007457  0.8441846 0.7416188 0.8333984 0.9370022 0.7465835 0.8443055 0.9166167
[46,] 0.8704439 0.9449979 0.7986097  0.8318391 0.7338244 0.8225643 0.9303447 0.7915544 0.8390771 0.9110192
> THETA2.EST[,1:20]
           [,1]      [,2]      [,3]      [,4]      [,5]      [,6]      [,7]      [,8]      [,9]     [,10]     [,11]    [,12]
 [1,] 1.3153057 0.2365699 0.7381558 0.5791496 1.6467006 0.7336270 1.2858456 0.3274196 0.2231302 0.3815440 0.5194946 3.358802
 [2,] 0.9994047 0.5891022 0.5132737 1.0582061 1.2311286 1.0992517 1.0912551 0.7019027 0.2746312 0.5146066 0.9367899 2.853633
 [3,] 0.9489592 0.5547117 0.7938187 0.9525616 0.9483954 0.9434999 0.8885690 0.8518325 0.6073575 0.5938455 0.9590806 2.044052
 [4,] 0.8895672 0.5577430 1.0871523 0.9447277 0.8471031 0.9258020 0.8686575 0.9949694 0.8106775 0.7793705 0.8470783 1.685609
 [5,] 1.1251910 0.6996793 1.1744800 0.9582472 1.1638230 0.9866023 0.8186971 0.9997838 0.9142449 0.6523041 0.8262706 1.480770
 [6,] 1.0549100 0.6593635 1.0604540 0.9089864 1.1939870 0.9058157 0.8581668 1.0225986 0.9605596 1.0439744 0.8081438 1.307571
 [7,] 1.0579097 0.9928148 1.1194091 0.9556932 1.1253787 0.8627056 0.8575573 1.0438542 1.1581956 1.2232083 0.9167338 1.390247
 [8,] 1.0207677 0.9115509 1.1146911 0.9600635 1.1137152 0.8547349 0.8780513 1.0088122 1.0787925 1.1765124 0.9391648 1.290389
 [9,] 1.1259963 0.9186460 1.1047283 0.9785177 1.1527992 0.9627274 0.9344803 0.9957475 1.0323657 1.1600765 0.9396999 1.267232
[10,] 1.1250271 0.8725353 1.0697997 0.9697713 1.1322738 1.0084453 0.9057173 0.9853791 1.0274018 1.1324151 0.9558237 1.347104
[11,] 1.0862703 0.9514876 1.0617756 0.9531283 1.1099113 1.0482330 0.9726765 0.9781443 0.9891790 1.1064053 1.0345452 1.385898
[12,] 1.0837658 0.9554884 1.0498259 0.9604556 1.0893865 1.0285798 1.0045113 0.9959909 0.9590764 1.0676791 1.1072779 1.384476
[13,] 1.0857818 0.9620673 1.0164949 0.9370741 1.0959780 1.0101019 1.0080368 0.9750803 0.9337921 1.0512614 1.0925850 1.410905
[14,] 1.0590975 0.9952520 0.9776406 0.9497918 1.0629860 1.0171185 1.0894140 0.9704426 0.9099657 1.0524058 1.0936876 1.353535
[15,] 1.0407297 0.9720331 0.9548945 0.9699840 1.0848540 1.0185203 1.0657625 1.0366211 0.8824252 1.0431403 1.0776233 1.309132
[16,] 1.0246599 0.9800241 0.9359120 0.9807553 1.1521118 1.0049364 1.0365050 1.0956961 0.8664593 1.0495448 1.1286187 1.308093
[17,] 1.0562551 0.9841179 0.9374168 0.9577627 1.1733765 1.0107903 1.0226521 1.0858038 0.8540899 1.0501186 1.1219817 1.298780
[18,] 1.0380324 0.9751268 0.9389287 0.9530648 1.1490977 1.0421590 1.0166531 1.0643184 0.8446645 1.0413887 1.0936391 1.257785
[19,] 1.0240437 0.9744677 0.9301431 0.9429010 1.1162857 1.0164974 1.0047270 1.0427127 0.8483998 1.0526157 1.0961737 1.271565
[20,] 1.0424264 1.0480424 0.9811650 0.9351208 1.1127439 1.0029359 0.9896410 1.0262511 0.8775070 1.0294964 1.1111395 1.258617
[21,] 1.0374376 1.1450249 0.9616826 0.9258301 1.1208483 1.0010271 0.9867626 1.0122567 0.9395763 1.0185974 1.1036715 1.235615
[22,] 1.0472907 1.1126557 0.9440119 0.9158421 1.1185392 0.9838436 1.0059394 0.9982282 0.9264644 1.0089249 1.0812103 1.210019
[23,] 1.0315505 1.0708401 0.9260412 0.9099300 1.1001610 0.9787147 0.9889084 1.0038360 0.9309162 1.0052598 1.0749580 1.266282
[24,] 1.0366361 1.0641775 0.9133782 0.9337048 1.1290407 1.0034073 1.0236895 0.9928648 0.9208102 1.0055098 1.0902231 1.241139
[25,] 1.0333967 1.0714020 0.9088394 0.9362546 1.1118434 1.0143256 1.0370940 0.9774609 0.9147400 1.0304601 1.0693273 1.227521
[26,] 1.0209236 1.0583205 0.8989700 0.9444556 1.1007800 1.0842226 1.0209204 0.9727493 0.9140100 1.0456868 1.0613331 1.222041
[27,] 1.0042660 1.0504205 0.9054245 0.9512091 1.0816746 1.0655028 1.0055378 0.9867715 0.9312242 1.0821535 1.0439443 1.212455
[28,] 0.9914575 1.0732251 0.9087120 0.9720437 1.0862254 1.0520582 1.0168612 0.9933982 0.9404157 1.0699437 1.0275837 1.200188
[29,] 0.9974931 1.0544122 0.9145308 0.9632615 1.1293299 1.0516985 1.0068792 0.9828672 0.9343573 1.0641659 1.0555685 1.189554
[30,] 0.9961220 1.0518948 0.9059742 0.9635396 1.1123808 1.0356834 0.9963029 1.0096067 0.9317608 1.0606285 1.0432900 1.181393
[31,] 0.9874006 1.0474212 0.9065762 0.9626383 1.0977976 1.0384576 0.9921035 0.9981018 0.9514397 1.0576160 1.0272132 1.176009
[32,] 0.9837152 1.0291968 0.9246724 0.9546400 1.0883578 1.0245649 0.9827714 0.9920087 0.9404821 1.0498771 1.0762960 1.193283
[33,] 0.9757031 1.0285676 0.9504009 0.9548562 1.0774082 1.0690578 0.9722041 0.9920370 0.9572893 1.0403759 1.0699234 1.189821
[34,] 0.9705528 1.0454237 0.9682037 0.9503918 1.0696124 1.0566645 0.9767709 0.9824833 0.9730219 1.0311656 1.0565839 1.180858
[35,] 0.9715999 1.0820068 0.9628999 0.9553456 1.0703005 1.0464534 0.9703079 0.9887507 0.9942659 1.0206477 1.0440768 1.173433
[36,] 0.9753281 1.1052535 0.9570025 1.0081491 1.0636051 1.0370794 0.9661262 0.9784036 1.0220123 1.0158049 1.0623333 1.176366
[37,] 0.9753271 1.0993110 0.9689442 0.9973548 1.0524889 1.0528367 0.9610213 1.0446756 1.0212229 1.0187495 1.0511544 1.160362
[38,] 0.9666285 1.0890479 0.9634094 0.9876730 1.0430506 1.0430176 0.9533826 1.0337986 1.0250017 1.0270582 1.0456145 1.154505
[39,] 0.9826057 1.0833910 0.9643253 0.9933480 1.0338020 1.0393118 0.9553785 1.0763975 1.0349079 1.0173488 1.0431282 1.149070
[40,] 0.9770972 1.1327349 0.9623386 0.9872475 1.0252444 1.0303907 0.9462446 1.0726810 1.0260658 1.0186365 1.0389847 1.159626
[41,] 0.9692315 1.1227751 0.9586094 0.9754040 1.0195148 1.0294697 0.9754408 1.0665397 1.0150848 1.0243100 1.0402816 1.154169
[42,] 0.9805754 1.1170627 0.9707362 0.9742618 1.0120732 1.0434258 0.9919912 1.0584384 1.0147285 1.0247404 1.0309307 1.146455
[43,] 0.9950733 1.1358676 0.9745142 1.0130430 1.0040486 1.0415791 0.9905806 1.0483062 1.0079191 1.0171016 1.0280628 1.140767
[44,] 1.0054223 1.1242722 0.9843185 0.9939554 0.9959657 1.0334720 0.9808694 1.0501799 1.0084648 1.0174634 1.0308412 1.133918
[45,] 0.9991784 1.1129927 0.9770948 1.0131572 0.9900596 1.0349964 0.9798341 1.0494108 1.0032399 1.0094832 1.0273602 1.127958
[46,] 1.0047875 1.1173980 0.9721934 1.0017093 0.9838800 1.0277775 0.9709485 1.0429915 0.9948809 1.0123696 1.0259863 1.120623
          [,13]    [,14]     [,15]    [,16]     [,17]     [,18]     [,19]     [,20]
 [1,] 0.4848812 1.481423 79.309320 1.094687 0.3863789 0.6189115 0.3281967 4.7647639
 [2,] 0.4562152 1.068415 79.309320 1.277512 0.8429613 1.1876771 0.6133085 6.7657039
 [3,] 0.6901729 0.806377 79.309320 1.007199 0.7677096 1.0323364 1.1698854 3.1195259
 [4,] 0.6530249 1.392786 79.309320 1.455601 0.7871939 0.9419962 1.1516658 1.9622942
 [5,] 0.7355165 1.258457  1.165741 1.396816 0.7582429 1.0472961 1.0893246 1.6017400
 [6,] 0.7603338 1.200889  1.217804 1.409653 0.8901881 0.9498020 1.0528384 1.3320144
 [7,] 0.7700244 1.247349  1.200766 1.365406 0.9297340 0.9103072 1.0190354 1.2115826
 [8,] 0.7575379 1.209506  1.229848 1.338375 1.0929033 0.8898893 0.9985778 1.1405068
 [9,] 0.7411141 1.217349  1.225262 1.380797 1.0684893 0.8522135 0.9750865 1.1187019
[10,] 0.8001737 1.200002  1.199246 1.354031 1.0770963 0.9278204 0.9806126 1.0868064
[11,] 0.7864567 1.192837  1.187049 1.330339 1.0542960 0.9315430 0.9873924 1.0724169
[12,] 0.7826165 1.172892  1.161492 1.294360 1.0363298 0.9577491 1.2931788 1.0291387
[13,] 0.8562423 1.162510  1.180897 1.287769 1.0695226 0.9295456 1.1954695 1.1175437
[14,] 0.8362638 1.184907  1.196979 1.305684 1.1533016 1.0329197 1.1222866 1.0737216
[15,] 0.8416143 1.170241  1.176521 1.279397 1.1241955 1.0257105 1.0984282 1.0627454
[16,] 0.8331499 1.137366  1.266209 1.251932 1.1022227 1.0160968 1.0593367 1.0332462
[17,] 0.8331044 1.138701  1.259706 1.226591 1.1098805 1.0632527 1.0487264 1.0099399
[18,] 0.8543022 1.118870  1.237804 1.206038 1.1232312 1.0692264 1.0358660 0.9941891
[19,] 0.8352833 1.114451  1.256820 1.189360 1.1208625 1.0540786 1.0175547 0.9786419
[20,] 0.9581524 1.101150  1.228401 1.178249 1.1247980 1.0434140 1.0134071 0.9586673
[21,] 0.9527456 1.095772  1.207902 1.194840 1.2173019 1.0353793 1.0084626 0.9408959
[22,] 0.9440746 1.108212  1.187425 1.209730 1.2349458 1.0236721 1.0013607 0.9478997
[23,] 0.9518345 1.123362  1.164559 1.196331 1.2363856 1.0181773 1.0155491 0.9349524
[24,] 0.9529268 1.099985  1.153854 1.195169 1.2047659 1.0212552 1.0001838 0.9199782
[25,] 0.9534575 1.087826  1.138567 1.183042 1.1850359 1.0189865 0.9971217 0.9277234
[26,] 0.9553910 1.132632  1.150585 1.221876 1.1746813 1.0370575 1.0141930 0.9165268
[27,] 0.9938264 1.112982  1.144818 1.207145 1.1530249 1.0255369 1.0079571 0.9892777
[28,] 0.9805506 1.122114  1.139676 1.194778 1.1419546 1.0141366 0.9976437 0.9752460
[29,] 0.9779280 1.162370  1.124701 1.190136 1.1371418 1.0072489 0.9867312 1.0114916
[30,] 0.9722210 1.170487  1.113173 1.182990 1.1225062 1.0212726 1.0046899 1.0259041
[31,] 0.9634038 1.193755  1.107424 1.173643 1.1174096 1.0345641 0.9951128 1.0217111
[32,] 0.9764390 1.181132  1.108445 1.160748 1.1068822 1.0264737 0.9929793 1.0469349
[33,] 0.9697641 1.183597  1.096656 1.171312 1.1070229 1.0179930 0.9882879 1.0329610
[34,] 1.0022446 1.181932  1.086169 1.237096 1.0968918 1.0433413 1.0212411 1.0336494
[35,] 0.9935050 1.177161  1.100532 1.223280 1.0926824 1.0528609 1.0129292 1.0248367
[36,] 0.9914335 1.163405  1.114028 1.228245 1.1041244 1.0465607 1.0079106 1.0254132
[37,] 0.9930451 1.149880  1.102766 1.225087 1.0991980 1.0607658 0.9991147 1.0154440
[38,] 0.9907040 1.142240  1.089529 1.238352 1.0884575 1.0544716 0.9973825 1.0067892
[39,] 0.9847447 1.134650  1.087373 1.231685 1.0766927 1.0698708 1.0164998 1.0007639
[40,] 0.9825308 1.129533  1.076142 1.218582 1.0723071 1.0787730 1.0094465 1.0040095
[41,] 0.9820810 1.123108  1.062957 1.210465 1.0632998 1.0693361 1.0117296 0.9989552
[42,] 0.9772470 1.113125  1.049746 1.206555 1.0695593 1.0997735 1.0069480 1.0002661
[43,] 0.9675064 1.111823  1.039190 1.208562 1.0620884 1.0994106 1.0049591 1.0000246
[44,] 0.9590258 1.106182  1.036722 1.202721 1.0529595 1.0942514 1.0009733 1.0207633
[45,] 0.9580172 1.101261  1.034780 1.198873 1.0777962 1.0878531 0.9965710 1.0192260
[46,] 0.9540609 1.101628  1.024389 1.187896 1.0708764 1.0793649 0.9945725 1.0191501
> THETA2.EST[,21:40]
           [,1]      [,2]      [,3]     [,4]      [,5]      [,6]      [,7]      [,8]     [,9]     [,10]     [,11]     [,12]
 [1,] 0.5692080 0.7777846 0.3616577 2.401654 1.1696604 1.3752015 0.7553237 1.5433473 2.084747 0.7861180 0.8894578 0.3621841
 [2,] 0.6195431 0.6612081 0.2625174 1.752690 0.8086794 0.9648936 0.5373531 0.9572389 1.145262 0.4805350 0.8271302 0.6363160
 [3,] 0.5515541 0.8403175 0.3523645 1.296706 0.6045201 0.7179685 1.7046064 0.6856656 1.126923 0.8689687 0.6595351 0.7871439
 [4,] 0.5912665 1.0130219 0.3463897 1.221729 0.5757155 0.6138580 1.3509266 0.5778936 1.236496 0.8320302 1.0416778 0.7306297
 [5,] 1.2033146 1.0114886 0.4119040 1.098456 0.6043571 0.9138353 1.5265050 0.6424670 1.178060 0.8077211 1.0411176 0.7127529
 [6,] 1.1273868 0.9626980 0.7268560 1.059945 0.5811198 0.9313732 1.4463157 0.7023503 1.163579 0.7923818 0.9848839 0.6942252
 [7,] 1.1591620 0.9082401 0.8807052 1.195305 0.5701053 0.9391857 1.4471462 0.8656434 1.116146 0.7639408 1.0621755 0.6620231
 [8,] 1.0926713 0.9805701 0.8795051 1.402815 0.7618012 0.9230191 1.4724903 0.8683637 1.070943 0.7542559 1.0393267 0.6532377
 [9,] 1.0488230 0.9266332 0.8451653 1.330767 0.7149825 0.9191173 1.5518042 0.8981390 1.043683 0.7310289 1.0029891 0.6831753
[10,] 1.1788647 0.9003801 0.8856468 1.335398 0.6923626 0.9729707 1.4658704 1.0039244 1.014836 0.8746902 0.9698193 0.8637631
[11,] 1.1331658 0.9749867 0.8863939 1.333048 0.6766320 0.9331696 1.4135520 1.2145878 1.046513 0.8268091 0.9593209 1.0029271
[12,] 1.1499928 0.9445321 0.8653825 1.284457 0.7095768 0.9249164 1.4791760 1.2474066 1.044263 0.9256720 0.9379832 0.9730918
[13,] 1.1157463 0.9322418 0.8656341 1.247895 0.7836608 0.9377343 1.3987781 1.2324850 1.017847 1.0384506 0.9267360 0.9783975
[14,] 1.1193607 0.9257096 0.8464787 1.231049 0.7637322 0.9193659 1.3352826 1.2073804 1.006522 1.0355267 0.9827999 0.9653924
[15,] 1.0898228 0.9166196 0.8387924 1.213992 0.7698649 0.9132503 1.3065969 1.1847891 1.038702 1.0201297 1.0512723 0.9588145
[16,] 1.1267923 0.9014449 0.8390258 1.218247 0.9789657 0.9086247 1.2658232 1.1659459 1.010853 1.0040310 1.1078647 0.9921509
[17,] 1.1117066 0.9099242 0.8363663 1.213290 0.9498966 0.9122934 1.2336252 1.1841073 1.010818 0.9960133 1.0994179 0.9975327
[18,] 1.1162314 0.9973125 0.8316055 1.185758 0.9649512 0.9126893 1.2051027 1.2102621 1.010997 0.9855539 1.1293952 1.0050267
[19,] 1.0852890 0.9810827 0.8275284 1.160567 0.9517499 0.9266680 1.2202124 1.1807825 1.017270 0.9866610 1.1280712 0.9978556
[20,] 1.0669955 0.9925716 0.8287858 1.158538 0.9382676 0.9569914 1.2005489 1.1577502 1.009041 0.9823566 1.1270331 1.0485071
[21,] 1.1034697 0.9663041 0.8183109 1.159211 0.9780131 0.9312914 1.1853650 1.1377865 1.016600 0.9784680 1.1177475 1.0791125
[22,] 1.0792703 0.9431909 0.8370312 1.156669 0.9688520 0.9165239 1.1617512 1.1247452 1.109365 1.0419993 1.1215525 1.0622559
[23,] 1.0582416 0.9716677 0.8489389 1.153196 0.9549318 0.9018872 1.1624729 1.1101113 1.101045 1.0149814 1.1547449 1.0610449
[24,] 1.0922732 0.9950673 0.8426394 1.174494 0.9735933 0.9013258 1.1436137 1.0851982 1.085953 0.9928217 1.1631408 1.0431622
[25,] 1.0646128 1.0850643 0.8687532 1.164053 0.9762864 0.9172915 1.1271878 1.0793828 1.095595 0.9797133 1.1467548 1.0338984
[26,] 1.0564763 1.0797808 0.9137242 1.189063 0.9697129 0.9247149 1.1287707 1.0686401 1.090473 0.9612038 1.1223412 1.0181954
[27,] 1.0474049 1.0887765 0.9047778 1.205193 0.9588047 0.9352835 1.1171573 1.0981471 1.106908 1.0004892 1.1248786 1.0167709
[28,] 1.0330999 1.1764241 0.9122599 1.187726 0.9613482 0.9663055 1.1048468 1.0903254 1.152008 0.9927197 1.1186719 1.0224600
[29,] 1.0524505 1.1759841 0.9579151 1.179731 0.9632737 0.9606762 1.1103512 1.0872808 1.165911 0.9949119 1.0996691 1.0228406
[30,] 1.0461224 1.1922159 0.9473506 1.164655 0.9652558 0.9592434 1.0959276 1.0815892 1.161190 0.9845852 1.1356957 1.0296830
[31,] 1.0440174 1.1893310 0.9580398 1.148603 0.9659048 0.9577815 1.0827199 1.0736320 1.152078 0.9766336 1.1233725 1.0229422
[32,] 1.0347328 1.1790301 0.9491110 1.132395 0.9597104 0.9787133 1.0735660 1.0850768 1.140524 0.9684001 1.1205099 1.0184328
[33,] 1.0264294 1.1630301 0.9380352 1.118086 0.9645909 0.9895665 1.0663385 1.0721267 1.125780 1.0194626 1.1243949 1.0249247
[34,] 1.0773767 1.2255320 1.0521328 1.224587 0.9649037 0.9990103 1.0737711 1.0657449 1.119127 1.0082895 1.1511696 1.0288653
[35,] 1.1006015 1.2102833 1.0381002 1.220853 0.9596317 1.0578573 1.0938942 1.0559242 1.120581 0.9963931 1.1348874 1.0157425
[36,] 1.1003195 1.1966893 1.0812925 1.227453 0.9544224 1.0474593 1.0852840 1.0500967 1.115731 1.0365872 1.1944815 1.0416348
[37,] 1.0953106 1.1907872 1.0965364 1.213475 0.9512982 1.0401279 1.0786969 1.0436599 1.104597 1.0231487 1.1794781 1.0435687
[38,] 1.0886967 1.1863085 1.0847287 1.210895 0.9483884 1.0348567 1.0783623 1.0397346 1.104176 1.0513298 1.1784497 1.0447916
[39,] 1.0830578 1.1795902 1.0799669 1.199691 0.9430017 1.0299865 1.0709225 1.0375147 1.098777 1.0680239 1.1726347 1.0338819
[40,] 1.0753245 1.1914793 1.0709434 1.192680 0.9388234 1.0275626 1.0889298 1.0315006 1.090242 1.0578043 1.1627728 1.0222050
[41,] 1.0801337 1.1835219 1.0682152 1.180847 0.9348176 1.0224015 1.0841311 1.0395582 1.091923 1.0558963 1.1793267 1.0301178
[42,] 1.0757002 1.1892674 1.0641729 1.174217 0.9353150 1.0237316 1.0736716 1.0752392 1.103880 1.0525215 1.1780428 1.0243015
[43,] 1.0886532 1.1782514 1.0706237 1.164610 0.9423060 1.0266766 1.0680011 1.0633615 1.099726 1.0437387 1.1680456 1.0217599
[44,] 1.0829050 1.1696188 1.0590787 1.170016 0.9392107 1.0430334 1.0687441 1.0981993 1.092569 1.0849472 1.1627944 1.0300011
[45,] 1.0853998 1.1673620 1.1214347 1.185376 0.9407942 1.0348635 1.0656472 1.0914317 1.084433 1.0941054 1.1618748 1.0505861
[46,] 1.0760476 1.1638480 1.1384557 1.180563 0.9314751 1.0462148 1.0592520 1.0868158 1.077155 1.0876509 1.1557875 1.0430367
           [,13]     [,14]     [,15]      [,16]     [,17]     [,18]     [,19]     [,20]
 [1,] 79.3093195 0.2325811 0.4981829 42.6611628 0.5002820 0.7215697 0.4443893 1.0599605
 [2,]  1.3502385 1.0641975 0.6785071  1.2377809 0.6195309 0.8439669 0.6707040 1.0197873
 [3,]  1.1008917 1.1591407 0.6274172  1.0318808 1.5558184 0.8432674 0.6537223 1.1374272
 [4,]  1.0562430 1.2462342 0.6624517  0.9441851 1.3771273 0.9216880 0.7587287 1.0123404
 [5,]  0.9411353 1.1590256 0.7005258  1.0793977 1.4378294 0.8745081 0.7295875 0.9379100
 [6,]  0.8901827 1.2487028 0.8422616  0.9910749 1.2889007 0.8518394 0.6701854 0.9139153
 [7,]  0.8407124 1.2807588 0.9638801  0.9302504 1.2079285 0.8113578 0.8607280 0.8718914
 [8,]  0.9439364 1.2389339 0.9615940  0.9206274 1.1768915 0.7954066 0.8266880 0.8439278
 [9,]  0.9435621 1.2747464 0.9908492  0.9390321 1.1511104 0.8490399 0.8197962 0.8271579
[10,]  0.9288013 1.2643641 0.9637922  0.9056495 1.1629739 0.8485059 0.8207344 0.9362309
[11,]  0.9345666 1.2383189 1.1135505  0.9451195 1.1333290 0.8828899 0.7826096 0.9334228
[12,]  0.9416621 1.2869793 1.0967802  0.9203716 1.1571924 0.8637066 0.8052527 0.9180890
[13,]  0.9311402 1.2516066 1.0634696  0.9226063 1.1360888 0.9570874 0.7886842 0.9227075
[14,]  0.9572266 1.2277382 1.1049282  0.9205690 1.1458098 0.9761829 0.8325615 0.9089592
[15,]  0.9316503 1.2088278 1.1060300  0.9563098 1.1452221 1.0084747 0.8133163 0.9013812
[16,]  0.9130818 1.2110610 1.0835500  0.9636037 1.1450950 1.0061308 1.0703288 0.9373918
[17,]  0.8961729 1.1902173 1.0757001  0.9449308 1.1538618 1.0006210 1.0556423 0.9276709
[18,]  0.8828686 1.1702781 1.0721484  1.0197963 1.1462607 0.9997363 1.0341869 0.9853348
[19,]  0.8814938 1.1361628 1.0606970  1.1233686 1.1231053 0.9875050 1.0725849 0.9658868
[20,]  0.8747335 1.1255769 1.0514922  1.1004551 1.1099458 0.9844042 1.0489526 0.9666336
[21,]  0.8691082 1.1802795 1.0433733  1.1335220 1.1020120 0.9740380 1.0473643 1.0365542
[22,]  0.8604857 1.1707571 1.0322169  1.1353298 1.0821845 0.9902833 1.0404884 1.0189243
[23,]  0.8906973 1.1563659 1.0981346  1.1173716 1.0885011 0.9741695 1.0379818 1.0461564
[24,]  0.8962241 1.1446637 1.1090892  1.1172629 1.0713767 0.9595493 1.0208330 1.0324819
[25,]  0.8816482 1.1401389 1.0934249  1.1342164 1.0753215 0.9545079 1.0120531 1.0326227
[26,]  0.8672666 1.1208665 1.1093007  1.1151953 1.0618060 0.9383174 0.9955135 1.0974929
[27,]  0.8590034 1.1027931 1.0993054  1.1007207 1.0537836 0.9341099 0.9967615 1.1140605
[28,]  0.8612045 1.0899882 1.0821832  1.0905214 1.0851224 0.9224512 0.9885572 1.1014613
[29,]  0.8556818 1.0834607 1.0770955  1.1087980 1.0830987 0.9190978 0.9751689 1.1666616
[30,]  0.8431522 1.0881154 1.0792475  1.1038597 1.0996554 0.9247297 0.9672906 1.1545595
[31,]  0.8410027 1.0866803 1.0903058  1.1115021 1.0980361 0.9297035 0.9710798 1.1430908
[32,]  0.8311546 1.0710024 1.0791689  1.1019950 1.1205907 0.9221257 1.0470147 1.1361018
[33,]  0.8303749 1.0680313 1.0693133  1.1015266 1.1091796 0.9591364 1.0404427 1.1399791
[34,]  0.8281315 1.0628951 1.0589851  1.0995948 1.1515659 0.9515685 1.0355550 1.1345410
[35,]  0.8820299 1.0559939 1.0459846  1.0936317 1.1437663 0.9494012 1.0489499 1.1465274
[36,]  0.9054140 1.0456305 1.0431320  1.1525636 1.1383613 0.9518613 1.0511066 1.1526162
[37,]  0.9116053 1.0408009 1.0368991  1.1526094 1.1280695 0.9565813 1.0579554 1.1625020
[38,]  0.9075880 1.0518595 1.0325842  1.1453137 1.1300130 0.9517676 1.0511180 1.1565942
[39,]  0.9121767 1.0452284 1.0256087  1.1340781 1.1265885 0.9433433 1.0478996 1.1448724
[40,]  0.9210075 1.0340445 1.0212646  1.1254284 1.1168395 0.9517234 1.0422555 1.1701939
[41,]  0.9136341 1.0863002 1.0215285  1.1455348 1.1162782 0.9436373 1.0370956 1.1588383
[42,]  0.9395563 1.1493730 1.0229511  1.1330489 1.1073852 0.9433214 1.0429413 1.1527703
[43,]  0.9342531 1.1353203 1.0131871  1.1226418 1.1012050 0.9416571 1.0540931 1.1427474
[44,]  0.9319366 1.1339145 1.0078010  1.1298319 1.0930321 0.9394510 1.0470036 1.1339743
[45,]  0.9345436 1.1455204 1.0290240  1.1553918 1.1095776 0.9395252 1.0433539 1.1267630
[46,]  0.9284899 1.1384415 1.0209202  1.1565265 1.1049259 0.9411231 1.0559057 1.1346476
> THETA2.EST[,41:50]
           [,1]      [,2]     [,3]       [,4]      [,5]      [,6]      [,7]      [,8]      [,9]     [,10]
 [1,] 0.2708338 0.3497257 1.511515 42.6611628 1.4606661 0.6977504 0.7599518 1.1240352 2.5057101 0.2935849
 [2,] 1.2641184 0.4490704 1.388933  1.2140202 0.9905468 0.4544926 0.9284912 0.5369891 1.1193491 0.7978873
 [3,] 1.0800603 0.4301035 1.262466  1.0187220 0.9230357 0.8627469 0.9046748 0.7405354 1.0054234 0.7141538
 [4,] 1.2082260 0.6724416 1.155845  1.1829475 0.8843912 0.7620928 0.8383311 0.8514622 1.0305484 0.9479653
 [5,] 1.2496156 0.6046006 1.272083  1.1387021 0.8427479 0.8023648 0.9247038 0.8191357 1.0573339 1.1485914
 [6,] 1.1628181 1.3011881 1.128038  1.0269826 0.8106112 0.8104322 0.8706030 0.9904967 0.9922682 1.1092918
 [7,] 1.1671687 1.1984385 1.142374  1.0404588 0.8455561 0.7893507 0.9385278 0.9415159 1.0497218 1.1520545
 [8,] 1.1438613 1.2116017 1.231377  0.9961483 1.0858874 0.8735853 1.2292652 0.9159364 1.1798006 1.3592695
 [9,] 1.1125017 1.1968880 1.167204  0.9665730 1.0707172 0.8402881 1.4896271 0.8879447 1.0896836 1.2786871
[10,] 1.1074146 1.1617358 1.157519  0.9316771 1.0311334 0.8359202 1.5064352 0.9444470 1.0471569 1.2926340
[11,] 1.1134101 1.1290547 1.184933  0.8977500 1.0141229 0.8260713 1.3590259 0.9444307 1.0221211 1.3165065
[12,] 1.0918567 1.2844786 1.147248  0.8832536 1.0132902 0.8469684 1.3345385 0.9379193 1.0273843 1.2620455
[13,] 1.0888916 1.2549211 1.149944  0.8643299 0.9971707 0.8316816 1.4278669 0.9955185 1.1020201 1.2521185
[14,] 1.0763442 1.2271603 1.106334  0.8606094 0.9880794 0.8144200 1.3594989 0.9810501 1.1173989 1.2057170
[15,] 1.0832796 1.2034427 1.065023  0.8403728 0.9842207 0.8425487 1.3113352 0.9901114 1.1047562 1.2019591
[16,] 1.0837705 1.1904187 1.068749  0.8264840 0.9750465 0.8503069 1.3756033 0.9824499 1.0895522 1.2242388
[17,] 1.0784517 1.1952971 1.118225  0.8582105 0.9612297 0.9052113 1.3312846 0.9750653 1.0636820 1.1982314
[18,] 1.0519191 1.1741250 1.153360  0.8385789 0.9535332 0.8873552 1.3077655 0.9617246 1.0726542 1.1697211
[19,] 1.0283018 1.1434875 1.141605  0.8338747 0.9451491 0.8847356 1.2847776 1.0241175 1.0576665 1.1554907
[20,] 1.0112251 1.2056976 1.113904  0.8467997 0.9368808 0.8797455 1.2854396 1.0123496 1.0624663 1.1461542
[21,] 1.0610787 1.1930501 1.106174  0.9500869 0.9358111 0.9229286 1.2926618 1.0223027 1.0475905 1.1527284
[22,] 1.0478750 1.2240540 1.096058  0.9436800 0.9231080 0.9342802 1.2699091 1.0164894 1.0711604 1.1381007
[23,] 1.0508416 1.2372361 1.075418  0.9703894 0.9548171 0.9173506 1.2712208 1.0039372 1.0701399 1.1230376
[24,] 1.0811401 1.2296328 1.089404  0.9534787 0.9429374 0.9175057 1.2484298 1.0019125 1.0989692 1.1080880
[25,] 1.0650001 1.2461734 1.084640  1.0206409 0.9905587 0.9052824 1.2285483 1.0276656 1.0912663 1.1039470
[26,] 1.1381714 1.2285289 1.095199  1.0098009 0.9840359 0.9675487 1.2208248 1.0184214 1.0763484 1.1016341
[27,] 1.1223989 1.2329666 1.083924  1.0192522 0.9881829 0.9907812 1.2239506 1.0195215 1.0654590 1.0880737
[28,] 1.1088635 1.2176118 1.091602  1.0077068 0.9849524 0.9825227 1.2118856 1.0440051 1.0648679 1.1295503
[29,] 1.1003652 1.2176067 1.084368  1.0060633 0.9915309 0.9806183 1.2044201 1.0502452 1.0642253 1.1132937
[30,] 1.0888580 1.2112319 1.077923  0.9929038 0.9829412 0.9772835 1.2205034 1.0412105 1.0569343 1.1067184
[31,] 1.0762210 1.1960841 1.065534  0.9915641 1.0164510 0.9724518 1.2050295 1.0594744 1.0802083 1.1163407
[32,] 1.0718615 1.1852531 1.052924  0.9809387 1.0033316 0.9719751 1.2034835 1.0839418 1.1688509 1.1196340
[33,] 1.0590004 1.1861943 1.069496  0.9771224 0.9943595 0.9649559 1.1900927 1.0791749 1.1603768 1.1233693
[34,] 1.0597967 1.1907911 1.092051  0.9666451 0.9910376 0.9597273 1.1798556 1.0809768 1.1581949 1.1143682
[35,] 1.0492175 1.1880256 1.082514  0.9620094 0.9965758 0.9593986 1.1696295 1.0732479 1.1567168 1.1032514
[36,] 1.0591663 1.2001630 1.074634  0.9743938 0.9855784 0.9588787 1.1598504 1.0680145 1.1549773 1.1029256
[37,] 1.0493557 1.2095633 1.083584  0.9709450 0.9750885 0.9551214 1.1543120 1.0656808 1.1414707 1.0947007
[38,] 1.0878312 1.1990672 1.083253  0.9591159 0.9663290 1.0044355 1.1454734 1.0577171 1.1442498 1.0857304
[39,] 1.0786986 1.1974842 1.106300  0.9936511 0.9642183 0.9921167 1.1384095 1.0510839 1.1339742 1.0762973
[40,] 1.0695061 1.1889604 1.096592  0.9906844 0.9668885 0.9965334 1.1951894 1.0463312 1.1260065 1.0928403
[41,] 1.0625744 1.1793277 1.095100  0.9885477 0.9575727 1.0565164 1.1864578 1.0405273 1.1200755 1.1154661
[42,] 1.1280004 1.2254790 1.090012  0.9782908 0.9890512 1.0446885 1.1928793 1.0401416 1.1148914 1.1252761
[43,] 1.1515127 1.2157621 1.080794  0.9767186 0.9840874 1.0443818 1.1857729 1.0416403 1.1044417 1.1272002
[44,] 1.1485268 1.2110368 1.078678  1.0282617 0.9796088 1.0774799 1.1792647 1.0352379 1.0967138 1.1168142
[45,] 1.1409224 1.2040772 1.068777  1.0305582 0.9714957 1.0667816 1.1671203 1.0325383 1.0913399 1.1370733
[46,] 1.1521182 1.2000804 1.070647  1.0284374 0.9644123 1.0566166 1.1589026 1.0514020 1.0848839 1.1341258
> mean(THETA1.EST[nleft,])
[1] 0.8174694
> mean(THETA2.EST[nleft,])
[1] 1.062728
> min(THETA1.EST)
[1] 0.1000834
> min(THETA2.EST)
[1] 0.2231302
> max(THETA1.EST)
[1] 54.47229
> max(THETA2.EST)
[1] 79.30932
> max(THETA1.EST,THETA2.EST)
[1] 79.30932
> dim(MIN.EIG.K1H)
[1] 46 50
> dim(MIN.EIG.K2H)
[1] 46 50
> min(MIN.EIG.K1H)
[1] 1
> min(MIN.EIG.K2H)
[1] 1
> max(MIN.EIG.K1H)
[1] 1721.575
> max(MIN.EIG.K2H)
[1] 4187.177
> #-----------------------------#-----------------------------#-----------------------------#--------------
> library(ggplot2)
> library(mgcv)
> des0 <- do.call(rbind.data.frame,X.list[1:3])
> des1 <- data.frame(x1=des0[,1],x2=des0[,2],run=rep(1:3,each=50))
> des1.unq <- uniquecombs(des1[,-3])
> dim(des1.unq)
[1] 136   2
> des1.ind <- attr(des1.unq,"index")
> unq.ind <- unique(sort(des1.ind))
> des1.runFac <- des1.rep <- numeric(length(unq.ind))
> for(s in 1:length(des1.rep)){
+   count <- which(des1.ind==unq.ind[s])
+   des1.rep[s] <- length(count)
+   if(length(count)==1){
+     des1.runFac[s] <- des1$run[count]
+   }else{
+     des1.runFac[s] <- 4
+   }
+   
+ }
> des2 <- data.frame(x1=des1.unq[,1],x2=des1.unq[,2],replicate=factor(des1.rep),runPlus1=factor(des1.runFac))
> des2
            x1         x2 replicate runPlus1
1    0.0000000  0.0000000         3        4
2   10.0000000  0.0000000         3        4
3    0.0000000 10.0000000         3        4
4   10.0000000 10.0000000         3        4
5    9.5833333  0.0000000         1        1
6    9.1666667  0.0000000         2        4
7    8.7500000  0.0000000         1        1
8    9.5833333  0.4166667         1        1
9    8.7500000  0.8333333         1        1
10   8.3333333  0.0000000         1        1
11   7.9166667  0.0000000         2        4
12   7.5000000  0.0000000         1        1
13   7.0833333  0.0000000         2        4
14   5.4166667  0.0000000         2        4
15   6.6666667  0.0000000         1        1
16   9.5833333  1.2500000         1        1
17   6.2500000  0.0000000         1        1
18   5.8333333  0.0000000         1        1
19   8.3333333  0.8333333         1        1
20   7.9166667  0.4166667         1        1
21   9.1666667  0.8333333         2        4
22  10.0000000  1.2500000         2        4
23   7.5000000  0.8333333         1        1
24   6.6666667  0.4166667         1        1
25   6.2500000  0.4166667         1        1
26   7.0833333  0.4166667         1        1
27   5.8333333  0.4166667         1        1
28   6.6666667  0.8333333         1        1
29   6.6666667  1.2500000         1        1
30   7.9166667  0.8333333         1        1
31   7.5000000  0.4166667         1        1
32   7.0833333  0.8333333         1        1
33   8.7500000  1.6666667         1        1
34  10.0000000  2.9166667         1        1
35   9.5833333  2.0833333         1        1
36   7.0833333  2.9166667         1        1
37   7.5000000  2.0833333         1        1
38   8.3333333  2.9166667         1        1
39   9.1666667  3.3333333         1        1
40   9.1666667  1.2500000         1        1
41   8.7500000  2.0833333         1        1
42   9.5833333  0.8333333         1        1
43   9.5833333  1.6666667         1        1
44   8.3333333  1.6666667         1        1
45   9.1666667  1.6666667         1        1
46   9.5833333  2.5000000         1        1
47   8.7500000  1.2500000         1        1
48   9.1666667  2.0833333         1        1
49   8.3333333  1.2500000         1        1
50  10.0000000  3.3333333         1        1
51   0.4166667  0.0000000         1        2
52   0.8333333  0.0000000         1        2
53   1.2500000  0.0000000         1        2
54   1.6666667  0.0000000         1        2
55   2.0833333  0.0000000         1        2
56   2.5000000  0.0000000         1        2
57   3.7500000  0.0000000         1        2
58   2.9166667  0.0000000         1        2
59   3.3333333  0.0000000         1        2
60   4.1666667  0.0000000         1        2
61   4.5833333  0.0000000         1        2
62   5.0000000  0.0000000         1        2
63   1.6666667  0.8333333         1        2
64   2.5000000  0.8333333         1        2
65   2.0833333  0.8333333         1        2
66   2.9166667  0.8333333         1        2
67   3.3333333  0.8333333         1        2
68   1.2500000  0.8333333         1        2
69   3.3333333  2.5000000         1        2
70   0.8333333  0.8333333         1        2
71   3.7500000  0.8333333         1        2
72   4.1666667  0.8333333         1        2
73   4.5833333  0.8333333         1        2
74   4.1666667  2.0833333         1        2
75   2.9166667  1.2500000         1        2
76   2.9166667  0.4166667         1        2
77   3.3333333  0.4166667         1        2
78   3.7500000  0.4166667         1        2
79   4.1666667  0.4166667         1        2
80   4.5833333  0.4166667         1        2
81   4.5833333  1.2500000         1        2
82   5.0000000  0.4166667         1        2
83   5.0000000  1.2500000         1        2
84   5.0000000  0.8333333         1        2
85   5.4166667  0.8333333         1        2
86   5.4166667  0.4166667         1        2
87   5.0000000  1.6666667         1        2
88   4.5833333  1.6666667         1        2
89   5.0000000  2.0833333         1        2
90   2.5000000  2.0833333         1        2
91   9.5833333 10.0000000         1        3
92   9.1666667 10.0000000         1        3
93   8.7500000 10.0000000         1        3
94   8.3333333 10.0000000         1        3
95   0.8333333  9.5833333         1        3
96   7.9166667 10.0000000         1        3
97   9.5833333  9.1666667         1        3
98   8.7500000  9.1666667         1        3
99   6.6666667 10.0000000         1        3
100  5.4166667 10.0000000         1        3
101  6.2500000  8.7500000         1        3
102  7.5000000 10.0000000         1        3
103  7.0833333 10.0000000         1        3
104  6.2500000 10.0000000         1        3
105  5.8333333 10.0000000         1        3
106  7.9166667  9.1666667         1        3
107  8.3333333  9.1666667         1        3
108  9.1666667  9.1666667         1        3
109 10.0000000  9.1666667         1        3
110  6.6666667  9.5833333         1        3
111  6.6666667  9.1666667         1        3
112  7.0833333  9.5833333         1        3
113  7.5000000  9.1666667         1        3
114  7.0833333  9.1666667         1        3
115  7.5000000  9.5833333         1        3
116  6.2500000  9.5833333         1        3
117  7.9166667  9.5833333         1        3
118  8.3333333  9.5833333         1        3
119  7.9166667  8.7500000         1        3
120  8.7500000  9.5833333         1        3
121  9.1666667  9.5833333         1        3
122  9.5833333  8.7500000         1        3
123  9.5833333  8.3333333         1        3
124  9.5833333  7.9166667         1        3
125  9.5833333  9.5833333         1        3
126  9.5833333  7.5000000         1        3
127  8.3333333  7.0833333         1        3
128  7.9166667  8.3333333         1        3
129 10.0000000  9.5833333         1        3
130  8.7500000  7.9166667         1        3
131  7.0833333  7.9166667         1        3
132  7.5000000  7.0833333         1        3
133  7.0833333  5.4166667         1        3
134  6.2500000  9.1666667         1        3
135  6.2500000  8.3333333         1        3
136  5.8333333  9.1666667         1        3
> 

#---------------#---------------
> av.sd.iter <- apply(M.COUNT,1,function(x) sqrt((NRUN-1)/NRUN*var(x)))
> av.sd.iter
 [1] 0.5000000 0.4582576 0.4737088 0.4582576 0.4386342 0.4270831 0.4737088 0.4737088 0.4853864 0.4489989 0.4737088 0.4270831 0.4489989
[14] 0.4582576 0.4489989 0.4270831 0.4386342 0.4386342 0.4142463 0.4270831 0.4582576 0.4489989 0.4582576 0.4386342 0.4489989 0.4270831
[27] 0.4386342 0.4489989 0.4270831 0.4142463 0.4270831 0.4142463 0.4270831 0.4000000 0.4386342 0.4142463 0.4489989 0.4000000 0.4270831
[40] 0.3666061 0.3841875 0.4000000 0.3666061 0.3000000 0.3000000 0.2712932
> count2 <- c(1,2,3,4,5,6,16,26,36,46)
> av.sd.iter[count2]
 [1] 0.5000000 0.4582576 0.4737088 0.4582576 0.4386342 0.4270831 0.4270831 0.4270831 0.4142463 0.2712932
> round(av.sd.iter[count2],digits = 4)
 [1] 0.5000 0.4583 0.4737 0.4583 0.4386 0.4271 0.4271 0.4271 0.4142 0.2713
> hit.iter[count2]
 [1] 0.50 0.70 0.66 0.70 0.74 0.76 0.76 0.76 0.78 0.92