nrow(xstart)
[1] 200
> nrow(xstart)-n1 
[1] 196
> nleft
[1] 196
> M.COUNT[nleft,]
  [1] 1 1 1 1 1 1 1 1 1 1 1 1 1 1 1 1 1 1 1 1 1 1 1 1 1 1 1 1 1 1 1 1 1 1 1 1 1 1 1 1 1 1 1 1 1 1 1 1 1 1 1 1 1 1 1 1 1 1 1 1 1 1 1 1 1 1 1
 [68] 1 1 1 1 1 1 1 1 1 1 1 1 1 1 1 1 1 1 1 1 1 1 1 1 1 1 1 1 1 1 1 1 1
> M.COUNT <- M.COUNT[1:(nrow(xstart)-n1),]
> dim(M.COUNT)
[1] 196 100
> M.COUNT[nrow(xstart)-n1,]
  [1] 1 1 1 1 1 1 1 1 1 1 1 1 1 1 1 1 1 1 1 1 1 1 1 1 1 1 1 1 1 1 1 1 1 1 1 1 1 1 1 1 1 1 1 1 1 1 1 1 1 1 1 1 1 1 1 1 1 1 1 1 1 1 1 1 1 1 1
 [68] 1 1 1 1 1 1 1 1 1 1 1 1 1 1 1 1 1 1 1 1 1 1 1 1 1 1 1 1 1 1 1 1 1
> av.hit.iter <- apply(M.COUNT,1,mean)
> av.hit.run <- apply(M.COUNT,2,mean)
> av.hit.iter
  [1] 0.70 0.73 0.69 0.81 0.75 0.81 0.79 0.79 0.80 0.81 0.85 0.81 0.78 0.77 0.80 0.88 0.88 0.85 0.87 0.90 0.88 0.90 0.86 0.93 0.87 0.92 0.89
 [28] 0.93 0.94 0.94 0.90 0.85 0.94 0.92 0.97 0.92 0.91 0.91 0.91 0.90 0.95 0.95 0.96 0.93 0.93 0.92 0.95 0.95 0.94 0.95 0.97 0.93 0.92 0.98
 [55] 0.98 0.99 0.98 0.94 0.92 0.95 0.96 0.98 0.99 0.98 0.98 0.97 0.96 0.98 0.98 1.00 1.00 0.99 0.96 0.98 0.99 0.99 0.98 0.98 1.00 0.99 0.99
 [82] 0.98 0.99 1.00 0.99 0.98 0.98 0.99 0.99 0.99 0.99 0.99 1.00 1.00 1.00 1.00 0.99 1.00 1.00 0.99 0.98 0.99 1.00 0.99 1.00 0.99 1.00 1.00
[109] 1.00 1.00 1.00 0.97 0.99 1.00 1.00 0.98 1.00 1.00 1.00 1.00 1.00 1.00 1.00 1.00 1.00 1.00 1.00 1.00 1.00 1.00 1.00 1.00 1.00 1.00 1.00
[136] 1.00 1.00 1.00 1.00 1.00 1.00 1.00 1.00 1.00 1.00 1.00 1.00 1.00 0.99 1.00 1.00 1.00 1.00 1.00 1.00 1.00 1.00 1.00 1.00 1.00 1.00 1.00
[163] 1.00 1.00 1.00 1.00 1.00 1.00 1.00 1.00 0.99 0.99 1.00 1.00 1.00 1.00 1.00 1.00 1.00 1.00 1.00 1.00 1.00 1.00 1.00 1.00 1.00 1.00 1.00
[190] 1.00 1.00 1.00 1.00 1.00 1.00 1.00
> av.hit.run
  [1] 0.9744898 0.9591837 0.9744898 0.9642857 0.9591837 0.9744898 0.9948980 0.9897959 0.9642857 0.9489796 0.9744898 0.9642857 0.9438776
 [14] 0.9540816 0.9693878 0.9642857 0.9693878 0.9744898 0.9642857 0.9591837 0.9744898 0.9540816 0.9693878 0.9591837 0.9693878 0.9438776
 [27] 0.9795918 0.9897959 0.9591837 0.9642857 0.9489796 0.9234694 0.9438776 0.9744898 0.9591837 0.9693878 0.9795918 0.9693878 0.9642857
 [40] 0.9744898 0.9795918 0.9489796 0.9489796 0.9540816 0.9591837 0.9744898 0.9591837 0.9540816 0.9591837 0.9387755 0.9744898 0.9693878
 [53] 0.9438776 0.9744898 0.9591837 0.9744898 0.9795918 0.9489796 0.9591837 0.9591837 0.9591837 0.9642857 0.9693878 0.9642857 0.9540816
 [66] 0.9540816 0.9642857 0.9540816 0.9744898 0.9591837 0.9540816 0.9642857 0.9336735 0.9642857 0.9489796 0.9591837 0.9693878 0.9591837
 [79] 0.9693878 0.9795918 0.9642857 0.9642857 0.9540816 0.9540816 0.9438776 0.9387755 0.9489796 0.9693878 0.9591837 0.9591837 0.9693878
 [92] 0.9744898 0.9642857 0.9591837 0.9540816 0.9642857 0.9591837 0.9642857 0.9489796 0.9540816
> dim(M.COUNT)
[1] 196 100
> nrow(M.COUNT)
[1] 196
> length(av.hit.iter)
[1] 196
> E11
  [1] 0.9692469 0.9670851 0.9649493 0.9628070 0.9606580 0.9585019 0.9563388 0.9541687 0.9519915 0.9498072 0.9476159 0.9454179 0.9432141
 [14] 0.9410071 0.9388042 0.9366240 0.9345106 0.9325581 0.9309389 0.9299043 0.9296983 0.9303788 0.9316924 0.9293789 0.9272254 0.9249647
 [27] 0.9226802 0.9203819 0.9180745 0.9157590 0.9134355 0.9111041 0.9087649 0.9064178 0.9040632 0.9017020 0.8993371 0.8969758 0.8946376
 [40] 0.8923683 0.8902657 0.8885091 0.8873599 0.8870720 0.8877056 0.8889976 0.8889898 0.8886564 0.8881537 0.8876066 0.8870428 0.8864730
 [53] 0.8859000 0.8853246 0.8847472 0.8841676 0.8835860 0.8830023 0.8824166 0.8818287 0.8812388 0.8806469 0.8800532 0.8794587 0.8788663
 [66] 0.8782865 0.8777521 0.8773548 0.8773325 0.8780196 0.8783457 0.8780400 0.8775269 0.8769447 0.8763395 0.8757258 0.8751080 0.8744874
 [79] 0.8738644 0.8732390 0.8726113 0.8719813 0.8713489 0.8707142 0.8700773 0.8694383 0.8687983 0.8681604 0.8675354 0.8669576 0.8665226
 [92] 0.8664789 0.8671754 0.8677994 0.8678259 0.8676380 0.8673747 0.8670859 0.8667883 0.8664872 0.8661842 0.8658799 0.8655743 0.8652675
[105] 0.8649596 0.8646504 0.8643401 0.8640286 0.8637160 0.8634027 0.8630904 0.8627848 0.8625063 0.8623169 0.8624040 0.8631103 0.8612980
[118] 0.8586783 0.8558909 0.8530492 0.8501857 0.8473080 0.8444180 0.8415163 0.8386031 0.8356786 0.8327441 0.8298027 0.8268634 0.8239491
[131] 0.8211140 0.8184744 0.8162432 0.8147308 0.8142395 0.8148419 0.8151271 0.8146575 0.8139474 0.8131545 0.8123336 0.8115018 0.8106644
[144] 0.8098229 0.8089776 0.8081287 0.8072763 0.8064202 0.8055606 0.8046974 0.8038310 0.8029623 0.8020953 0.8012404 0.8004429 0.7997452
[157] 0.7997123 0.8010228 0.8016771 0.8022863 0.8022220 0.8019130 0.8015167 0.8010903 0.8006531 0.8002112 0.7997666 0.7993197 0.7988709
[170] 0.7984202 0.7979680 0.7975155 0.7970660 0.7966296 0.7962334 0.7959431 0.7958964 0.7963096 0.7973614 0.7989439 0.7995797 0.7995108
[183] 0.7991855 0.7987686 0.7983200 0.7978599 0.7973947 0.7969266 0.7964561 0.7959834 0.7955086 0.7950321 0.7945552 0.7940812 0.7936208
[196] 0.7932020
> E12
  [1] 0.9695220 0.9675324 0.9654822 0.9633714 0.9612395 0.9590972 0.9569472 0.9547901 0.9526259 0.9504546 0.9482763 0.9460912 0.9438999
 [14] 0.9417047 0.9395120 0.9373389 0.9352269 0.9332628 0.9316039 0.9304868 0.9301748 0.9307830 0.9320786 0.9298929 0.9278951 0.9257264
 [27] 0.9234694 0.9211898 0.9188967 0.9165952 0.9142856 0.9119682 0.9096428 0.9073097 0.9049689 0.9026211 0.9002687 0.8979184 0.8955881
 [40] 0.8933206 0.8912063 0.8894089 0.8881743 0.8877766 0.8883355 0.8896090 0.8899246 0.8896702 0.8892228 0.8886953 0.8881563 0.8876102
 [53] 0.8870617 0.8865110 0.8859583 0.8854037 0.8848470 0.8842884 0.8837278 0.8831652 0.8826006 0.8820341 0.8814658 0.8808966 0.8803290
 [66] 0.8797708 0.8792447 0.8788105 0.8786824 0.8792144 0.8798675 0.8796239 0.8791440 0.8785822 0.8780016 0.8774135 0.8768221 0.8762282
 [79] 0.8756321 0.8750337 0.8744331 0.8738303 0.8732253 0.8726180 0.8720086 0.8713971 0.8707846 0.8701734 0.8695720 0.8690039 0.8685315
 [92] 0.8683785 0.8689141 0.8698472 0.8699830 0.8698653 0.8696519 0.8694141 0.8691678 0.8689188 0.8686684 0.8684169 0.8681644 0.8679109
[105] 0.8676564 0.8674010 0.8671445 0.8668871 0.8666288 0.8663700 0.8661118 0.8658586 0.8656211 0.8654363 0.8654431 0.8659688 0.8644295
[118] 0.8618211 0.8590558 0.8562327 0.8533899 0.8505331 0.8476644 0.8447839 0.8418920 0.8389887 0.8360749 0.8331533 0.8302319 0.8273318
[131] 0.8245039 0.8218554 0.8195808 0.8179721 0.8173554 0.8178740 0.8184655 0.8180720 0.8173944 0.8166302 0.8158406 0.8150419 0.8142384
[144] 0.8134312 0.8126205 0.8118063 0.8109887 0.8101677 0.8093432 0.8085153 0.8076842 0.8068509 0.8060184 0.8051936 0.8044250 0.8036680
[157] 0.8034645 0.8048170 0.8052916 0.8061975 0.8062388 0.8059996 0.8056508 0.8052728 0.8048841 0.8044916 0.8040967 0.8036999 0.8033014
[170] 0.8029012 0.8024997 0.8020977 0.8016981 0.8013087 0.8009488 0.8006641 0.8005574 0.8008426 0.8017941 0.8033677 0.8042771 0.8042886
[183] 0.8040101 0.8036180 0.8031953 0.8027612 0.8023228 0.8018817 0.8014385 0.8009932 0.8005459 0.8000970 0.7996474 0.7992001 0.7987636
[196] 0.7983595
> E22
  [1] 0.9693692 0.9670886 0.9649451 0.9628141 0.9606795 0.9585385 0.9563906 0.9542357 0.9520738 0.9499048 0.9477287 0.9455455 0.9433554
 [14] 0.9411594 0.9389606 0.9367706 0.9346247 0.9326171 0.9309539 0.9299626 0.9299369 0.9308437 0.9322736 0.9293752 0.9270473 0.9247496
 [27] 0.9224721 0.9201864 0.9178939 0.9155936 0.9132856 0.9109697 0.9086460 0.9063143 0.9039748 0.9016275 0.8992735 0.8969162 0.8945674
 [40] 0.8922638 0.8901037 0.8883009 0.8871964 0.8870955 0.8879642 0.8893767 0.8888733 0.8883004 0.8876101 0.8869155 0.8862129 0.8855077
 [53] 0.8847999 0.8840895 0.8833766 0.8826612 0.8819433 0.8812228 0.8804998 0.8797742 0.8790459 0.8783152 0.8775819 0.8768468 0.8761126
 [66] 0.8753906 0.8747256 0.8742530 0.8743098 0.8752288 0.8752443 0.8746863 0.8739718 0.8732246 0.8724673 0.8717059 0.8709415 0.8701742
 [79] 0.8694041 0.8686312 0.8678554 0.8670767 0.8662951 0.8655106 0.8647232 0.8639330 0.8631406 0.8623490 0.8615700 0.8608502 0.8603309
 [92] 0.8603638 0.8612965 0.8617530 0.8616090 0.8612755 0.8608971 0.8605059 0.8601110 0.8597140 0.8593154 0.8589153 0.8585136 0.8581104
[105] 0.8577056 0.8572993 0.8568913 0.8564818 0.8560707 0.8556584 0.8552461 0.8548400 0.8544683 0.8542238 0.8543884 0.8553065 0.8532218
[118] 0.8504883 0.8476666 0.8448156 0.8419511 0.8390746 0.8361866 0.8332869 0.8303755 0.8274524 0.8245179 0.8215730 0.8186217 0.8156782
[131] 0.8127858 0.8100611 0.8077582 0.8062819 0.8059956 0.8068600 0.8068819 0.8061233 0.8051790 0.8041871 0.8031823 0.8021714 0.8011560
[144] 0.8001363 0.7991123 0.7980839 0.7970512 0.7960142 0.7949728 0.7939269 0.7928769 0.7918231 0.7907696 0.7897270 0.7887595 0.7879842
[157] 0.7881220 0.7894270 0.7903393 0.7908281 0.7906379 0.7902242 0.7897551 0.7892694 0.7887788 0.7882853 0.7877895 0.7872915 0.7867913
[170] 0.7862889 0.7857844 0.7852784 0.7847729 0.7842763 0.7838164 0.7834753 0.7834406 0.7839908 0.7852482 0.7869291 0.7874588 0.7872791
[183] 0.7868639 0.7863896 0.7858976 0.7854002 0.7848999 0.7843970 0.7838919 0.7833843 0.7828745 0.7823624 0.7818486 0.7813352 0.7808303
[196] 0.7803623
> E21
  [1] 0.9696304 0.9674464 0.9653353 0.9632196 0.9610975 0.9589686 0.9568327 0.9546899 0.9525400 0.9503831 0.9482190 0.9460477 0.9438692
 [14] 0.9416839 0.9394943 0.9373108 0.9351673 0.9331551 0.9314725 0.9304381 0.9303541 0.9312209 0.9326415 0.9298502 0.9276047 0.9253395
 [27] 0.9230751 0.9208028 0.9185232 0.9162358 0.9139406 0.9116376 0.9093268 0.9070080 0.9046812 0.9023463 0.9000038 0.8976563 0.8953147
 [40] 0.8930140 0.8908493 0.8890268 0.8878779 0.8877168 0.8885441 0.8899473 0.8896355 0.8891019 0.8884367 0.8877577 0.8870741 0.8863888
 [53] 0.8857016 0.8850121 0.8843201 0.8836258 0.8829290 0.8822297 0.8815279 0.8808237 0.8801169 0.8794076 0.8786958 0.8779822 0.8772691
 [66] 0.8765668 0.8759147 0.8754345 0.8754422 0.8762841 0.8764563 0.8759451 0.8752523 0.8745221 0.8737846 0.8730447 0.8723025 0.8715578
 [79] 0.8708104 0.8700603 0.8693074 0.8685517 0.8677932 0.8670319 0.8662677 0.8655008 0.8647317 0.8639630 0.8632054 0.8624998 0.8619735
 [92] 0.8619560 0.8628091 0.8633970 0.8633175 0.8630267 0.8626825 0.8623259 0.8619664 0.8616054 0.8612432 0.8608796 0.8605146 0.8601482
[105] 0.8597804 0.8594112 0.8590406 0.8586685 0.8582950 0.8579203 0.8575456 0.8571762 0.8568365 0.8566084 0.8567392 0.8575817 0.8556173
[118] 0.8528973 0.8500845 0.8472493 0.8444030 0.8415454 0.8386762 0.8357955 0.8329030 0.8299987 0.8270826 0.8241550 0.8212192 0.8182879
[131] 0.8154028 0.8126765 0.8103540 0.8088288 0.8084749 0.8092940 0.8094489 0.8087470 0.8078286 0.8068598 0.8058804 0.8048969 0.8039097
[144] 0.8029186 0.8019234 0.8009240 0.7999204 0.7989126 0.7979005 0.7968841 0.7958635 0.7948393 0.7938148 0.7928008 0.7918551 0.7910652
[157] 0.7911320 0.7924535 0.7932780 0.7938801 0.7937385 0.7933552 0.7929086 0.7924464 0.7919800 0.7915114 0.7910408 0.7905682 0.7900935
[170] 0.7896167 0.7891379 0.7886574 0.7881770 0.7877038 0.7872626 0.7869265 0.7868677 0.7873610 0.7885726 0.7902516 0.7908843 0.7907398
[183] 0.7903420 0.7898777 0.7893967 0.7889113 0.7884234 0.7879333 0.7874410 0.7869465 0.7864496 0.7859505 0.7854495 0.7849484 0.7844545
[196] 0.7839932
> E1.dif
  [1] 0.0002750809 0.0004473441 0.0005329185 0.0005644129 0.0005815361 0.0005952852 0.0006083970 0.0006214073 0.0006344260 0.0006474569
 [11] 0.0006604617 0.0006733392 0.0006858652 0.0006975958 0.0007077379 0.0007149094 0.0007162640 0.0007046837 0.0006650110 0.0005824933
 [21] 0.0004765120 0.0004042258 0.0003861294 0.0005139875 0.0006697031 0.0007617746 0.0007891745 0.0008079362 0.0008222022 0.0008362373
 [31] 0.0008501197 0.0008640354 0.0008779654 0.0008918723 0.0009056501 0.0009190657 0.0009316576 0.0009426013 0.0009504598 0.0009522734
 [41] 0.0009406408 0.0008997997 0.0008144046 0.0007046007 0.0006298241 0.0006113961 0.0009347548 0.0010138344 0.0010690502 0.0010887002
 [51] 0.0011134905 0.0011372541 0.0011617528 0.0011863880 0.0012111674 0.0012360453 0.0012610160 0.0012860763 0.0013112253 0.0013364619
 [61] 0.0013617818 0.0013871751 0.0014126036 0.0014379669 0.0014626507 0.0014842933 0.0014925318 0.0014556983 0.0013499435 0.0011948125
 [71] 0.0015218139 0.0015838874 0.0016170662 0.0016375302 0.0016621275 0.0016877073 0.0017141210 0.0017408287 0.0017677142 0.0017947210
 [81] 0.0018218348 0.0018490503 0.0018763652 0.0019037750 0.0019312691 0.0019588077 0.0019862863 0.0020130640 0.0020366769 0.0020463126
 [91] 0.0020089255 0.0018996185 0.0017387709 0.0020477922 0.0021570478 0.0022272778 0.0022771760 0.0023281787 0.0023795147 0.0024316630
[101] 0.0024842029 0.0025370337 0.0025900954 0.0026433717 0.0026968570 0.0027505504 0.0028044509 0.0028585571 0.0029128504 0.0029672966
[111] 0.0030214020 0.0030738303 0.0031147402 0.0031193411 0.0030391168 0.0028584687 0.0031314857 0.0031427509 0.0031649342 0.0031835845
[121] 0.0032041789 0.0032251725 0.0032463471 0.0032676099 0.0032888824 0.0033100345 0.0033307883 0.0033505964 0.0033684807 0.0033827363
[131] 0.0033898505 0.0033810381 0.0033375819 0.0032412357 0.0031158653 0.0030320301 0.0033383704 0.0034144084 0.0034470324 0.0034757212
[141] 0.0035070510 0.0035401192 0.0035740333 0.0036083398 0.0036428751 0.0036775819 0.0037124421 0.0037474499 0.0037825961 0.0038178819
[151] 0.0038532096 0.0038886180 0.0039231461 0.0039532675 0.0039821179 0.0039227600 0.0037521997 0.0037942360 0.0036145111 0.0039112504
[161] 0.0040168272 0.0040865874 0.0041340880 0.0041824953 0.0042310228 0.0042803777 0.0043301378 0.0043802068 0.0044305129 0.0044810154
[171] 0.0045316450 0.0045822129 0.0046320854 0.0046790170 0.0047154140 0.0047209658 0.0046610110 0.0045329999 0.0044326860 0.0044237461
[181] 0.0046973955 0.0047777303 0.0048246153 0.0048494104 0.0048753369 0.0049013161 0.0049280566 0.0049551134 0.0049823871 0.0050098024
[191] 0.0050373151 0.0050648513 0.0050922254 0.0051188643 0.0051428298 0.0051575695
> E2.dif
  [1] 0.0002612094 0.0003577447 0.0003901626 0.0004054753 0.0004179884 0.0004300536 0.0004420776 0.0004541245 0.0004661986 0.0004782841
 [11] 0.0004903363 0.0005022479 0.0005137867 0.0005245054 0.0005336640 0.0005402170 0.0005426825 0.0005379620 0.0005186303 0.0004755432
 [21] 0.0004172796 0.0003771942 0.0003679017 0.0004750454 0.0005573924 0.0005899582 0.0006030792 0.0006164518 0.0006292669 0.0006421377
 [31] 0.0006550045 0.0006678965 0.0006807992 0.0006936691 0.0007063953 0.0007187368 0.0007302286 0.0007401014 0.0007472680 0.0007501875
 [41] 0.0007456376 0.0007258967 0.0006814535 0.0006212244 0.0005798925 0.0005705808 0.0007621449 0.0008015228 0.0008266198 0.0008421783
 [51] 0.0008611821 0.0008811357 0.0009017324 0.0009225591 0.0009435141 0.0009645577 0.0009856801 0.0010068783 0.0010281517 0.0010494993
 [61] 0.0010709179 0.0010923991 0.0011139175 0.0011354058 0.0011565495 0.0011762226 0.0011891072 0.0011815146 0.0011323152 0.0010552587
 [71] 0.0012119892 0.0012588020 0.0012805025 0.0012975222 0.0013173374 0.0013387566 0.0013609860 0.0013835443 0.0014062664 0.0014290958
 [81] 0.0014520161 0.0014750226 0.0014981132 0.0015212846 0.0015445278 0.0015678164 0.0015910802 0.0016139912 0.0016353747 0.0016496821
 [91] 0.0016426290 0.0015921622 0.0015126200 0.0016439624 0.0017085012 0.0017512365 0.0017853998 0.0018200290 0.0018554081 0.0018914031
[101] 0.0019277285 0.0019642676 0.0020009719 0.0020378260 0.0020748251 0.0021119685 0.0021492555 0.0021866845 0.0022242444 0.0022619002
[111] 0.0022994369 0.0023362048 0.0023681311 0.0023846452 0.0023508613 0.0022751567 0.0023954493 0.0024089690 0.0024178745 0.0024337097
[121] 0.0024518708 0.0024707096 0.0024896431 0.0025085981 0.0025275232 0.0025462968 0.0025646370 0.0025819945 0.0025974572 0.0026097349
[131] 0.0026169975 0.0026154185 0.0025958278 0.0025469198 0.0024792517 0.0024339956 0.0025669260 0.0026237401 0.0026496216 0.0026726901
[141] 0.0026981645 0.0027254924 0.0027537031 0.0027823073 0.0028111194 0.0028400786 0.0028691664 0.0028983771 0.0029277049 0.0029571425
[151] 0.0029866400 0.0030162031 0.0030452431 0.0030737444 0.0030955412 0.0030809999 0.0030100200 0.0030264947 0.0029386940 0.0030519846
[161] 0.0031006253 0.0031309488 0.0031535111 0.0031769620 0.0032012315 0.0032261301 0.0032513406 0.0032767363 0.0033022579 0.0033278676
[171] 0.0033535047 0.0033790255 0.0034040518 0.0034274995 0.0034461102 0.0034512104 0.0034271183 0.0033702804 0.0033243893 0.0033224997
[181] 0.0034254538 0.0034607395 0.0034781751 0.0034881102 0.0034991346 0.0035110113 0.0035235012 0.0035362625 0.0035491605 0.0035621322
[191] 0.0035751372 0.0035881133 0.0036009220 0.0036132282 0.0036241319 0.0036309379
> SUM.E1E2
  [1] 0.0005362904 0.0008050888 0.0009230811 0.0009698882 0.0009995245 0.0010253388 0.0010504746 0.0010755317 0.0011006246 0.0011257410
 [11] 0.0011507980 0.0011755871 0.0011996519 0.0012221012 0.0012414019 0.0012551264 0.0012589465 0.0012426457 0.0011836413 0.0010580365
 [21] 0.0008937916 0.0007814201 0.0007540312 0.0009890329 0.0012270955 0.0013517328 0.0013922537 0.0014243879 0.0014514691 0.0014783750
 [31] 0.0015051242 0.0015319319 0.0015587646 0.0015855414 0.0016120454 0.0016378025 0.0016618862 0.0016827027 0.0016977278 0.0017024609
 [41] 0.0016862784 0.0016256963 0.0014958581 0.0013258251 0.0012097165 0.0011819769 0.0016968996 0.0018153572 0.0018956700 0.0019308786
 [51] 0.0019746726 0.0020183898 0.0020634852 0.0021089471 0.0021546815 0.0022006030 0.0022466961 0.0022929546 0.0023393771 0.0023859612
 [61] 0.0024326997 0.0024795742 0.0025265211 0.0025733726 0.0026192002 0.0026605159 0.0026816390 0.0026372129 0.0024822588 0.0022500712
 [71] 0.0027338031 0.0028426894 0.0028975687 0.0029350524 0.0029794648 0.0030264639 0.0030751069 0.0031243730 0.0031739806 0.0032238168
 [81] 0.0032738508 0.0033240729 0.0033744784 0.0034250596 0.0034757968 0.0035266241 0.0035773664 0.0036270552 0.0036720516 0.0036959946
 [91] 0.0036515545 0.0034917807 0.0032513909 0.0036917547 0.0038655490 0.0039785144 0.0040625758 0.0041482077 0.0042349228 0.0043230662
[101] 0.0044119314 0.0045013013 0.0045910674 0.0046811977 0.0047716822 0.0048625188 0.0049537064 0.0050452416 0.0051370948 0.0052291968
[111] 0.0053208389 0.0054100351 0.0054828713 0.0055039863 0.0053899781 0.0051336254 0.0055269350 0.0055517199 0.0055828087 0.0056172942
[121] 0.0056560498 0.0056958821 0.0057359902 0.0057762080 0.0058164056 0.0058563313 0.0058954253 0.0059325909 0.0059659378 0.0059924712
[131] 0.0060068480 0.0059964565 0.0059334097 0.0057881556 0.0055951170 0.0054660258 0.0059052963 0.0060381484 0.0060966539 0.0061484112
[141] 0.0062052155 0.0062656117 0.0063277364 0.0063906471 0.0064539946 0.0065176604 0.0065816085 0.0066458270 0.0067103010 0.0067750244
[151] 0.0068398496 0.0069048211 0.0069683892 0.0070270119 0.0070776591 0.0070037599 0.0067622197 0.0068207308 0.0065532051 0.0069632350
[161] 0.0071174525 0.0072175362 0.0072875991 0.0073594573 0.0074322544 0.0075065078 0.0075814784 0.0076569431 0.0077327707 0.0078088830
[171] 0.0078851496 0.0079612385 0.0080361372 0.0081065165 0.0081615241 0.0081721762 0.0080881293 0.0079032803 0.0077570752 0.0077462458
[181] 0.0081228493 0.0082384698 0.0083027904 0.0083375206 0.0083744715 0.0084123275 0.0084515578 0.0084913759 0.0085315477 0.0085719346
[191] 0.0086124524 0.0086529645 0.0086931473 0.0087320926 0.0087669618 0.0087885074
> int.hit.n <- c(1,2,3,4,5,6,16,36,76,116,156,length(av.hit.iter))
> int.hit.n
 [1]   1   2   3   4   5   6  16  36  76 116 156 196
> av.hit.iter[int.hit.n]
 [1] 0.70 0.73 0.69 0.81 0.75 0.81 0.88 0.92 0.99 0.98 1.00 1.00
> E11[int.hit.n]
 [1] 0.9692469 0.9670851 0.9649493 0.9628070 0.9606580 0.9585019 0.9366240 0.9017020 0.8757258 0.8631103 0.7997452 0.7932020
> E12[int.hit.n]
 [1] 0.9695220 0.9675324 0.9654822 0.9633714 0.9612395 0.9590972 0.9373389 0.9026211 0.8774135 0.8659688 0.8036680 0.7983595
> E22[int.hit.n]
 [1] 0.9693692 0.9670886 0.9649451 0.9628141 0.9606795 0.9585385 0.9367706 0.9016275 0.8717059 0.8553065 0.7879842 0.7803623
> E21[int.hit.n]
 [1] 0.9696304 0.9674464 0.9653353 0.9632196 0.9610975 0.9589686 0.9373108 0.9023463 0.8730447 0.8575817 0.7910652 0.7839932
> E1.dif[int.hit.n]
 [1] 0.0002750809 0.0004473441 0.0005329185 0.0005644129 0.0005815361 0.0005952852 0.0007149094 0.0009190657 0.0016877073 0.0028584687
[11] 0.0039227600 0.0051575695
> E2.dif[int.hit.n]
 [1] 0.0002612094 0.0003577447 0.0003901626 0.0004054753 0.0004179884 0.0004300536 0.0005402170 0.0007187368 0.0013387566 0.0022751567
[11] 0.0030809999 0.0036309379
> SUM.E1E2[int.hit.n]
 [1] 0.0005362904 0.0008050888 0.0009230811 0.0009698882 0.0009995245 0.0010253388 0.0012551264 0.0016378025 0.0030264639 0.0051336254
[11] 0.0070037599 0.0087885074
> round(E11[int.hit.n],digits=5)
 [1] 0.96925 0.96709 0.96495 0.96281 0.96066 0.95850 0.93662 0.90170 0.87573 0.86311 0.79975 0.79320
> round(E12[int.hit.n],digits=5)
 [1] 0.96952 0.96753 0.96548 0.96337 0.96124 0.95910 0.93734 0.90262 0.87741 0.86597 0.80367 0.79836
> round(E22[int.hit.n],digits=5)
 [1] 0.96937 0.96709 0.96495 0.96281 0.96068 0.95854 0.93677 0.90163 0.87171 0.85531 0.78798 0.78036
> round(E21[int.hit.n],digits=5)
 [1] 0.96963 0.96745 0.96534 0.96322 0.96110 0.95897 0.93731 0.90235 0.87304 0.85758 0.79107 0.78399
> round(E1.dif[int.hit.n],digits=5)
 [1] 0.00028 0.00045 0.00053 0.00056 0.00058 0.00060 0.00071 0.00092 0.00169 0.00286 0.00392 0.00516
> round(E2.dif[int.hit.n],digits=5)
 [1] 0.00026 0.00036 0.00039 0.00041 0.00042 0.00043 0.00054 0.00072 0.00134 0.00228 0.00308 0.00363
> round(SUM.E1E2[int.hit.n],digits=5)
 [1] 0.00054 0.00081 0.00092 0.00097 0.00100 0.00103 0.00126 0.00164 0.00303 0.00513 0.00700 0.00879
> ##########################################################
> sel.iter <- c(1,2,3,4,5,6,16,26,36,46)
> av.hit.iter[sel.iter]
 [1] 0.70 0.73 0.69 0.81 0.75 0.81 0.88 0.92 0.92 0.92
> E11[sel.iter]
 [1] 0.9692469 0.9670851 0.9649493 0.9628070 0.9606580 0.9585019 0.9366240 0.9249647 0.9017020 0.8889976
> E12[sel.iter]
 [1] 0.9695220 0.9675324 0.9654822 0.9633714 0.9612395 0.9590972 0.9373389 0.9257264 0.9026211 0.8896090
> E22[sel.iter]
 [1] 0.9693692 0.9670886 0.9649451 0.9628141 0.9606795 0.9585385 0.9367706 0.9247496 0.9016275 0.8893767
> E21[sel.iter]
 [1] 0.9696304 0.9674464 0.9653353 0.9632196 0.9610975 0.9589686 0.9373108 0.9253395 0.9023463 0.8899473
> E1.dif[sel.iter]
 [1] 0.0002750809 0.0004473441 0.0005329185 0.0005644129 0.0005815361 0.0005952852 0.0007149094 0.0007617746 0.0009190657 0.0006113961
> E2.dif[sel.iter]
 [1] 0.0002612094 0.0003577447 0.0003901626 0.0004054753 0.0004179884 0.0004300536 0.0005402170 0.0005899582 0.0007187368 0.0005705808
> SUM.E1E2[sel.iter]
 [1] 0.0005362904 0.0008050888 0.0009230811 0.0009698882 0.0009995245 0.0010253388 0.0012551264 0.0013517328 0.0016378025 0.0011819769
> round(av.hit.iter[sel.iter],digits=5)
 [1] 0.70 0.73 0.69 0.81 0.75 0.81 0.88 0.92 0.92 0.92
> round(E11[sel.iter],digits=5)
 [1] 0.96925 0.96709 0.96495 0.96281 0.96066 0.95850 0.93662 0.92496 0.90170 0.88900
> round(E12[sel.iter],digits=5)
 [1] 0.96952 0.96753 0.96548 0.96337 0.96124 0.95910 0.93734 0.92573 0.90262 0.88961
> round(E22[sel.iter],digits=5)
 [1] 0.96937 0.96709 0.96495 0.96281 0.96068 0.95854 0.93677 0.92475 0.90163 0.88938
> round(E21[sel.iter],digits=5)
 [1] 0.96963 0.96745 0.96534 0.96322 0.96110 0.95897 0.93731 0.92534 0.90235 0.88995
> round(E1.dif[sel.iter],digits=5)
 [1] 0.00028 0.00045 0.00053 0.00056 0.00058 0.00060 0.00071 0.00076 0.00092 0.00061
> round(E2.dif[sel.iter],digits=5)
 [1] 0.00026 0.00036 0.00039 0.00041 0.00042 0.00043 0.00054 0.00059 0.00072 0.00057
> round(SUM.E1E2[sel.iter],digits=5)
 [1] 0.00054 0.00081 0.00092 0.00097 0.00100 0.00103 0.00126 0.00135 0.00164 0.00118
> length(CRIT.vec)
[1] 200
> CRIT.vec <- CRIT.vec[1:nrow(xstart)]
> length(CRIT.vec)
[1] 200
> CRIT.vec
  [1] 1.174172e-12 1.174172e-12 1.174172e-12 1.174172e-12 3.626609e-03 8.216886e-02 1.789785e-01 2.123675e-01 2.201229e-01 2.217638e-01
 [11] 2.220866e-01 2.221479e-01 2.221593e-01 2.221617e-01 2.221631e-01 2.221667e-01 2.221778e-01 2.222109e-01 2.223039e-01 2.225443e-01
 [21] 2.231008e-01 2.242018e-01 2.258807e-01 2.271006e-01 2.235430e-01 2.038292e-01 1.529100e-01 8.872058e-03 8.302160e-02 1.794168e-01
 [31] 2.124618e-01 2.201440e-01 2.217670e-01 2.220873e-01 2.221480e-01 2.221593e-01 2.221617e-01 2.221631e-01 2.221667e-01 2.221778e-01
 [41] 2.222109e-01 2.223039e-01 2.225443e-01 2.231008e-01 2.242018e-01 2.258807e-01 2.271006e-01 2.235430e-01 2.038292e-01 1.529100e-01
 [51] 7.285293e-02 1.876489e-01 2.320670e-01 2.436883e-01 2.461726e-01 2.466917e-01 2.467979e-01 2.468195e-01 2.468239e-01 2.468248e-01
 [61] 2.468250e-01 2.468250e-01 2.468250e-01 2.468250e-01 2.468250e-01 2.468250e-01 2.468250e-01 2.468248e-01 2.468238e-01 2.468214e-01
 [71] 2.468095e-01 2.467674e-01 2.473643e-01 2.627568e-01 1.329894e-01 2.328699e-01 2.449044e-01 2.465280e-01 2.467809e-01 2.468185e-01
 [81] 2.468241e-01 2.468249e-01 2.468250e-01 2.468250e-01 2.468250e-01 2.468250e-01 2.468250e-01 2.468250e-01 2.468250e-01 2.468250e-01
 [91] 2.468248e-01 2.468238e-01 2.468214e-01 2.468095e-01 2.467674e-01 2.473643e-01 2.627568e-01 1.327780e-01 2.263957e-01 2.365449e-01
[101] 2.379472e-01 2.381132e-01 2.381256e-01 2.381235e-01 2.381223e-01 2.381219e-01 2.381218e-01 2.381217e-01 2.381217e-01 2.381217e-01
[111] 2.381217e-01 2.381217e-01 2.381217e-01 2.381215e-01 2.381198e-01 2.381113e-01 2.380410e-01 2.374588e-01 2.347204e-01 2.906826e-01
[121] 1.608628e-01 2.113066e-01 2.205766e-01 2.218656e-01 2.221065e-01 2.221514e-01 2.221599e-01 2.221617e-01 2.221631e-01 2.221667e-01
[131] 2.221778e-01 2.222109e-01 2.223039e-01 2.225443e-01 2.231008e-01 2.242018e-01 2.258807e-01 2.271006e-01 2.235430e-01 2.038292e-01
[141] 1.678336e-01 2.446274e-01 2.475617e-01 2.470999e-01 2.469005e-01 2.468433e-01 2.468291e-01 2.468259e-01 2.468252e-01 2.468251e-01
[151] 2.468250e-01 2.468250e-01 2.468250e-01 2.468249e-01 2.468242e-01 2.468218e-01 2.468149e-01 2.467888e-01 2.473148e-01 2.583453e-01
[161] 2.031078e-01 1.778258e-01 2.627568e-01 1.553121e-01 2.417588e-01 2.511011e-01 2.523981e-01 2.525338e-01 2.525406e-01 2.525372e-01
[171] 2.525357e-01 2.525353e-01 2.525353e-01 2.525359e-01 2.525380e-01 2.525458e-01 2.525725e-01 2.526578e-01 2.529014e-01 2.534702e-01
[181] 2.543060e-01 2.533016e-01 2.422743e-01 1.957079e-01 1.683778e-01 2.523701e-01 2.614574e-01 2.627124e-01 2.628382e-01 2.628433e-01
[191] 2.628395e-01 2.628379e-01 2.628375e-01 2.628375e-01 2.628381e-01 2.628403e-01 2.628482e-01 2.628753e-01 2.629606e-01 2.631969e-01
> xstart
          Var1       Var2
1    0.0000000  0.0000000
25  10.0000000  0.0000000
601  0.0000000 10.0000000
625 10.0000000 10.0000000
576  0.0000000  9.5833333
551  0.0000000  9.1666667
526  0.0000000  8.7500000
501  0.0000000  8.3333333
476  0.0000000  7.9166667
451  0.0000000  7.5000000
426  0.0000000  7.0833333
401  0.0000000  6.6666667
376  0.0000000  6.2500000
351  0.0000000  5.8333333
326  0.0000000  5.4166667
301  0.0000000  5.0000000
276  0.0000000  4.5833333
251  0.0000000  4.1666667
226  0.0000000  3.7500000
201  0.0000000  3.3333333
176  0.0000000  2.9166667
151  0.0000000  2.5000000
126  0.0000000  2.0833333
101  0.0000000  1.6666667
76   0.0000000  1.2500000
51   0.0000000  0.8333333
26   0.0000000  0.4166667
602  0.4166667 10.0000000
603  0.8333333 10.0000000
604  1.2500000 10.0000000
605  1.6666667 10.0000000
606  2.0833333 10.0000000
607  2.5000000 10.0000000
608  2.9166667 10.0000000
609  3.3333333 10.0000000
610  3.7500000 10.0000000
611  4.1666667 10.0000000
612  4.5833333 10.0000000
613  5.0000000 10.0000000
614  5.4166667 10.0000000
615  5.8333333 10.0000000
616  6.2500000 10.0000000
617  6.6666667 10.0000000
618  7.0833333 10.0000000
619  7.5000000 10.0000000
620  7.9166667 10.0000000
621  8.3333333 10.0000000
622  8.7500000 10.0000000
623  9.1666667 10.0000000
624  9.5833333 10.0000000
577  0.4166667  9.5833333
578  0.8333333  9.5833333
579  1.2500000  9.5833333
580  1.6666667  9.5833333
581  2.0833333  9.5833333
582  2.5000000  9.5833333
583  2.9166667  9.5833333
584  3.3333333  9.5833333
585  3.7500000  9.5833333
586  4.1666667  9.5833333
587  4.5833333  9.5833333
588  5.0000000  9.5833333
589  5.4166667  9.5833333
590  5.8333333  9.5833333
591  6.2500000  9.5833333
592  6.6666667  9.5833333
593  7.0833333  9.5833333
594  7.5000000  9.5833333
595  7.9166667  9.5833333
596  8.3333333  9.5833333
597  8.7500000  9.5833333
598  9.1666667  9.5833333
599  9.5833333  9.5833333
600 10.0000000  9.5833333
552  0.4166667  9.1666667
527  0.4166667  8.7500000
502  0.4166667  8.3333333
477  0.4166667  7.9166667
452  0.4166667  7.5000000
427  0.4166667  7.0833333
402  0.4166667  6.6666667
377  0.4166667  6.2500000
352  0.4166667  5.8333333
327  0.4166667  5.4166667
302  0.4166667  5.0000000
277  0.4166667  4.5833333
252  0.4166667  4.1666667
227  0.4166667  3.7500000
202  0.4166667  3.3333333
177  0.4166667  2.9166667
152  0.4166667  2.5000000
127  0.4166667  2.0833333
102  0.4166667  1.6666667
77   0.4166667  1.2500000
52   0.4166667  0.8333333
27   0.4166667  0.4166667
2    0.4166667  0.0000000
553  0.8333333  9.1666667
554  1.2500000  9.1666667
555  1.6666667  9.1666667
556  2.0833333  9.1666667
557  2.5000000  9.1666667
558  2.9166667  9.1666667
559  3.3333333  9.1666667
560  3.7500000  9.1666667
561  4.1666667  9.1666667
562  4.5833333  9.1666667
563  5.0000000  9.1666667
564  5.4166667  9.1666667
565  5.8333333  9.1666667
566  6.2500000  9.1666667
567  6.6666667  9.1666667
568  7.0833333  9.1666667
569  7.5000000  9.1666667
570  7.9166667  9.1666667
571  8.3333333  9.1666667
572  8.7500000  9.1666667
573  9.1666667  9.1666667
574  9.5833333  9.1666667
575 10.0000000  9.1666667
550 10.0000000  8.7500000
525 10.0000000  8.3333333
500 10.0000000  7.9166667
475 10.0000000  7.5000000
450 10.0000000  7.0833333
425 10.0000000  6.6666667
400 10.0000000  6.2500000
375 10.0000000  5.8333333
350 10.0000000  5.4166667
325 10.0000000  5.0000000
300 10.0000000  4.5833333
275 10.0000000  4.1666667
250 10.0000000  3.7500000
225 10.0000000  3.3333333
200 10.0000000  2.9166667
175 10.0000000  2.5000000
150 10.0000000  2.0833333
125 10.0000000  1.6666667
100 10.0000000  1.2500000
75  10.0000000  0.8333333
549  9.5833333  8.7500000
524  9.5833333  8.3333333
499  9.5833333  7.9166667
474  9.5833333  7.5000000
449  9.5833333  7.0833333
424  9.5833333  6.6666667
399  9.5833333  6.2500000
374  9.5833333  5.8333333
349  9.5833333  5.4166667
324  9.5833333  5.0000000
299  9.5833333  4.5833333
274  9.5833333  4.1666667
249  9.5833333  3.7500000
224  9.5833333  3.3333333
199  9.5833333  2.9166667
174  9.5833333  2.5000000
149  9.5833333  2.0833333
124  9.5833333  1.6666667
99   9.5833333  1.2500000
74   9.5833333  0.8333333
49   9.5833333  0.4166667
50  10.0000000  0.4166667
24   9.5833333  0.0000000
548  9.1666667  8.7500000
547  8.7500000  8.7500000
546  8.3333333  8.7500000
545  7.9166667  8.7500000
544  7.5000000  8.7500000
543  7.0833333  8.7500000
542  6.6666667  8.7500000
541  6.2500000  8.7500000
540  5.8333333  8.7500000
539  5.4166667  8.7500000
538  5.0000000  8.7500000
537  4.5833333  8.7500000
536  4.1666667  8.7500000
535  3.7500000  8.7500000
534  3.3333333  8.7500000
533  2.9166667  8.7500000
532  2.5000000  8.7500000
531  2.0833333  8.7500000
530  1.6666667  8.7500000
529  1.2500000  8.7500000
528  0.8333333  8.7500000
503  0.8333333  8.3333333
504  1.2500000  8.3333333
505  1.6666667  8.3333333
506  2.0833333  8.3333333
507  2.5000000  8.3333333
508  2.9166667  8.3333333
509  3.3333333  8.3333333
510  3.7500000  8.3333333
511  4.1666667  8.3333333
512  4.5833333  8.3333333
513  5.0000000  8.3333333
514  5.4166667  8.3333333
515  5.8333333  8.3333333
516  6.2500000  8.3333333
517  6.6666667  8.3333333
518  7.0833333  8.3333333
> 