user  system elapsed 
 602.71    0.31  603.43 
> #-----------------------------------------------------------------------------------------------
> as.numeric(row.names(xstart))
  [1]  71 150 149  95  70 174 175 120 199 145  45  46 170 146  20 171 124  99 196 195  44 169  69 144 173  94 119  47 148 172 198
 [32]  73 197 118  93  68 147 143  72  19  98 123 194  43 168 222 221 117  97 142 220  92  96 122 121 193  67 167 219 223  18 116
 [63] 141  42 218 192  91 246 245 166 244 247  66 191 217 224 200 243 248 115 140 270 271 216 242 269 165  90 272 190 268  41  17
 [94]  65 241 215 139 114 267 164  89 189 240 266 295 294 249 273 293 296 214 225 292 297  40 138 163 265  64 239 113 188 291 319
[125] 320 213 318 274 298 317 321 264 290  16  88 238 316 250 322 162 137 187 289 263 343 344 315 345 212 342 112  39  63 237 341
[156] 346 299 323 288 314  87 262 161 186 340 211 347 368 369 367 313 370 339 287 366 136 236  15 111 261 365 371  38  62 312 338
[187] 185 160 210  86 286 135 235 364  14  21 110 260 125 275
> setdiff(1:N,as.numeric(row.names(xstart)))
  [1]   1   2   3   4   5   6   7   8   9  10  11  12  13  22  23  24  25  26  27  28  29  30  31  32  33  34  35  36  37  48  49
 [32]  50  51  52  53  54  55  56  57  58  59  60  61  74  75  76  77  78  79  80  81  82  83  84  85 100 101 102 103 104 105 106
 [63] 107 108 109 126 127 128 129 130 131 132 133 134 151 152 153 154 155 156 157 158 159 176 177 178 179 180 181 182 183 184 201
 [94] 202 203 204 205 206 207 208 209 226 227 228 229 230 231 232 233 234 251 252 253 254 255 256 257 258 259 276 277 278 279 280
[125] 281 282 283 284 285 300 301 302 303 304 305 306 307 308 309 310 311 324 325 326 327 328 329 330 331 332 333 334 335 336 337
[156] 348 349 350 351 352 353 354 355 356 357 358 359 360 361 362 363 372 373 374 375 376 377 378 379 380 381 382 383 384 385 386
[187] 387 388 389 390 391 392 393 394 395 396 397 398 399 400 401 402 403 404 405 406 407 408 409 410 411 412 413 414 415 416 417
[218] 418 419 420 421 422 423 424 425 426 427 428 429 430 431 432 433 434 435 436 437 438 439 440 441 442 443 444 445 446 447 448
[249] 449 450 451 452 453 454 455 456 457 458 459 460 461 462 463 464 465 466 467 468 469 470 471 472 473 474 475 476 477 478 479
[280] 480 481 482 483 484 485 486 487 488 489 490 491 492 493 494 495 496 497 498 499 500 501 502 503 504 505 506 507 508 509 510
[311] 511 512 513 514 515 516 517 518 519 520 521 522 523 524 525 526 527 528 529 530 531 532 533 534 535 536 537 538 539 540 541
[342] 542 543 544 545 546 547 548 549 550 551 552 553 554 555 556 557 558 559 560 561 562 563 564 565 566 567 568 569 570 571 572
[373] 573 574 575 576 577 578 579 580 581 582 583 584 585 586 587 588 589 590 591 592 593 594 595 596 597 598 599 600 601 602 603
[404] 604 605 606 607 608 609 610 611 612 613 614 615 616 617 618 619 620 621 622 623 624 625
> s.all <- sort(c(as.numeric(row.names(xstart)),setdiff(1:N,as.numeric(row.names(xstart)))))
> s.all2 <- sort(c(as.numeric(row.names(xstart)),as.numeric(row.names(xcan))))
> all.equal(1:N,s.all)
[1] TRUE
> all.equal(1:N,s.all2)
[1] TRUE
> nrow(xstart)
[1] 200
> nrow(xstart)-n1 
[1] 196
> nleft
[1] 196
> M.COUNT[nleft,]
  [1] 0 0 0 0 0 0 0 0 0 0 0 0 0 0 0 0 0 0 0 0 0 0 0 0 0 0 0 0 0 0 0 0 0 0 0 0 0 0 0 0 0 0 0 0 0 0 0 0 0 0 0 0 0 0 0 0 0 0 0 0 0 0
 [63] 0 0 0 0 0 0 0 0 0 0 0 0 0 0 0 0 0 0 0 0 0 0 0 0 0 0 0 0 0 0 0 0 0 0 0 0 0 0
> M.COUNT <- M.COUNT[1:(nrow(xstart)-n1),]
> dim(M.COUNT)
[1] 196 100
> M.COUNT[nrow(xstart)-n1,]
  [1] 0 0 0 0 0 0 0 0 0 0 0 0 0 0 0 0 0 0 0 0 0 0 0 0 0 0 0 0 0 0 0 0 0 0 0 0 0 0 0 0 0 0 0 0 0 0 0 0 0 0 0 0 0 0 0 0 0 0 0 0 0 0
 [63] 0 0 0 0 0 0 0 0 0 0 0 0 0 0 0 0 0 0 0 0 0 0 0 0 0 0 0 0 0 0 0 0 0 0 0 0 0 0
> M.COUNT.N <- 1-M.COUNT
> M.COUNT.N[nrow(xstart)-n1,]
  [1] 1 1 1 1 1 1 1 1 1 1 1 1 1 1 1 1 1 1 1 1 1 1 1 1 1 1 1 1 1 1 1 1 1 1 1 1 1 1 1 1 1 1 1 1 1 1 1 1 1 1 1 1 1 1 1 1 1 1 1 1 1 1
 [63] 1 1 1 1 1 1 1 1 1 1 1 1 1 1 1 1 1 1 1 1 1 1 1 1 1 1 1 1 1 1 1 1 1 1 1 1 1 1
> av.hit.iter <- apply(M.COUNT.N,1,mean)
> av.hit.run <- apply(M.COUNT.N,2,mean)
> av.hit.iter
  [1] 0.39 0.35 0.43 0.43 0.40 0.54 0.63 0.45 0.52 0.65 0.63 0.60 0.64 0.65 0.72 0.69 0.75 0.72 0.75 0.77 0.78 0.73 0.73 0.85 0.85
 [26] 0.90 0.84 0.81 0.86 0.80 0.89 0.89 0.85 0.82 0.86 0.88 0.92 0.90 0.88 0.85 0.93 0.91 0.94 0.90 0.93 0.89 0.97 0.95 0.94 0.98
 [51] 0.93 0.92 0.97 0.96 0.97 0.95 0.98 0.95 0.97 0.99 0.99 0.99 0.97 0.99 0.99 0.99 0.97 0.98 0.97 0.97 1.00 0.99 0.99 0.99 0.99
 [76] 0.99 1.00 0.98 0.99 0.98 1.00 0.99 0.99 0.99 1.00 0.99 0.99 0.99 1.00 1.00 0.97 0.99 0.99 1.00 1.00 1.00 0.99 0.99 1.00 0.99
[101] 1.00 1.00 0.99 1.00 1.00 0.99 1.00 1.00 1.00 1.00 1.00 1.00 1.00 1.00 1.00 1.00 1.00 1.00 1.00 1.00 1.00 1.00 1.00 1.00 1.00
[126] 0.99 1.00 1.00 1.00 1.00 1.00 1.00 1.00 1.00 1.00 1.00 1.00 1.00 1.00 1.00 1.00 1.00 1.00 1.00 1.00 1.00 0.99 1.00 1.00 1.00
[151] 1.00 1.00 1.00 1.00 1.00 1.00 1.00 1.00 1.00 1.00 1.00 1.00 1.00 1.00 0.99 1.00 1.00 1.00 1.00 1.00 1.00 1.00 1.00 1.00 1.00
[176] 1.00 1.00 1.00 1.00 1.00 1.00 1.00 1.00 1.00 1.00 1.00 1.00 1.00 1.00 1.00 1.00 1.00 1.00 1.00 1.00 1.00
> av.hit.run
  [1] 0.9438776 0.9285714 0.9081633 0.9438776 0.9489796 0.9387755 0.9387755 0.9132653 0.9693878 0.9234694 0.9540816 0.9438776
 [13] 0.9438776 0.9387755 0.9591837 0.9132653 0.9234694 0.9285714 0.9285714 0.9234694 0.9183673 0.9234694 0.9540816 0.9336735
 [25] 0.9285714 0.9438776 0.9081633 0.9183673 0.9540816 0.9183673 0.9336735 0.9183673 0.9234694 0.9387755 0.9336735 0.9387755
 [37] 0.9438776 0.9234694 0.9336735 0.9234694 0.9489796 0.9489796 0.9132653 0.9285714 0.9489796 0.9387755 0.9438776 0.9387755
 [49] 0.9336735 0.9132653 0.9489796 0.9234694 0.9489796 0.9081633 0.9540816 0.9183673 0.9540816 0.9336735 0.9540816 0.9234694
 [61] 0.9132653 0.9336735 0.9234694 0.9438776 0.9285714 0.9285714 0.9234694 0.9540816 0.9387755 0.9387755 0.8928571 0.9183673
 [73] 0.9489796 0.9438776 0.9387755 0.9030612 0.9285714 0.9438776 0.9183673 0.9438776 0.9183673 0.9438776 0.9336735 0.9540816
 [85] 0.9438776 0.9387755 0.9489796 0.9489796 0.9438776 0.9081633 0.9438776 0.9591837 0.9234694 0.9132653 0.9642857 0.9030612
 [97] 0.9234694 0.9591837 0.9387755 0.9234694
> dim(M.COUNT.N)
[1] 196 100
> nrow(M.COUNT.N)
[1] 196
> length(av.hit.iter)
[1] 196
> E11
  [1] 0.9544485 0.9595198 0.9570238 0.9521514 0.9512751 0.9513430 0.9518913 0.9484908 0.9491251 0.9433696 0.9437571 0.9443346
 [13] 0.9418104 0.9425308 0.9397174 0.9384396 0.9374957 0.9385057 0.9390245 0.9404092 0.9376031 0.9392959 0.9403176 0.9411390
 [25] 0.9425171 0.9399200 0.9387024 0.9394291 0.9370678 0.9341423 0.9341297 0.9343148 0.9353400 0.9365183 0.9374222 0.9380647
 [37] 0.9393504 0.9408280 0.9420266 0.9392549 0.9391804 0.9404538 0.9403591 0.9417725 0.9415383 0.9429682 0.9438172 0.9450983
 [49] 0.9465835 0.9454452 0.9456782 0.9454624 0.9426928 0.9425834 0.9397593 0.9411212 0.9380558 0.9395718 0.9411035 0.9426831
 [61] 0.9416562 0.9415888 0.9413594 0.9411165 0.9410455 0.9419202 0.9390113 0.9387813 0.9390377 0.9378586 0.9377479 0.9376194
 [73] 0.9346996 0.9345700 0.9327220 0.9325191 0.9324307 0.9312222 0.9310981 0.9310305 0.9323377 0.9336339 0.9333656 0.9332780
 [85] 0.9302848 0.9301440 0.9271210 0.9269864 0.9257633 0.9217292 0.9214998 0.9212041 0.9209078 0.9208191 0.9213482 0.9226580
 [97] 0.9239914 0.9238836 0.9227459 0.9224644 0.9193769 0.9168299 0.9165858 0.9162744 0.9171771 0.9175000 0.9185359 0.9193879
[109] 0.9182192 0.9179234 0.9137408 0.9136364 0.9105265 0.9118547 0.9115271 0.9112641 0.9111522 0.9124990 0.9092506 0.9090578
[121] 0.9063876 0.9060940 0.9074373 0.9072015 0.9069810 0.9066360 0.9033510 0.9031488 0.9027942 0.9025309 0.9023996 0.9022802
[133] 0.9019236 0.8975119 0.8988796 0.9002440 0.8999463 0.8995782 0.8992093 0.9005858 0.9002863 0.8968851 0.8966631 0.8963791
[145] 0.8962311 0.8960952 0.8947856 0.8876201 0.8873470 0.8870728 0.8866901 0.8865311 0.8864808 0.8860721 0.8856611 0.8852718
[157] 0.8851081 0.8850542 0.8837009 0.8834497 0.8848548 0.8845073 0.8859301 0.8873592 0.8869417 0.8798167 0.8794865 0.8791840
[169] 0.8806139 0.8820503 0.8816892 0.8762902 0.8662912 0.8676991 0.8672530 0.8686726 0.8700986 0.8696307 0.8691608 0.8705944
[181] 0.8701487 0.8699412 0.8698496 0.8699299 0.8706442 0.8691739 0.8639430 0.8635567 0.8594658 0.8571454 0.8585877 0.8600401
[193] 0.8595574 0.8590475 0.8605112 0.8619784
> E12
  [1] 0.9548804 0.9601290 0.9577023 0.9530397 0.9524027 0.9524825 0.9530666 0.9498562 0.9506796 0.9450204 0.9454646 0.9461664
 [13] 0.9440071 0.9446415 0.9418515 0.9404541 0.9396485 0.9406453 0.9411043 0.9424961 0.9396925 0.9412351 0.9421646 0.9430024
 [25] 0.9443661 0.9419320 0.9406050 0.9412710 0.9392730 0.9367969 0.9369728 0.9372790 0.9383036 0.9394941 0.9404231 0.9409427
 [37] 0.9423163 0.9439188 0.9450901 0.9425896 0.9426980 0.9439444 0.9439586 0.9453362 0.9451597 0.9465730 0.9472779 0.9485507
 [49] 0.9500509 0.9487326 0.9488852 0.9486891 0.9461563 0.9462417 0.9436587 0.9450019 0.9425225 0.9440443 0.9455854 0.9471653
 [61] 0.9459573 0.9458868 0.9456904 0.9454824 0.9453936 0.9461232 0.9434500 0.9434403 0.9436143 0.9422627 0.9421714 0.9421555
 [73] 0.9394752 0.9395611 0.9379074 0.9377299 0.9376249 0.9362425 0.9361383 0.9358566 0.9371358 0.9384108 0.9381647 0.9380541
 [85] 0.9353061 0.9353861 0.9326115 0.9326982 0.9312947 0.9278117 0.9276107 0.9273399 0.9270696 0.9267636 0.9271064 0.9283963
 [97] 0.9297034 0.9295736 0.9282460 0.9279960 0.9251637 0.9232086 0.9229940 0.9227096 0.9234611 0.9236942 0.9245918 0.9253657
[109] 0.9240040 0.9237408 0.9201299 0.9198006 0.9172472 0.9185515 0.9182524 0.9179979 0.9176600 0.9189874 0.9160052 0.9160523
[121] 0.9131872 0.9129267 0.9142457 0.9141445 0.9139663 0.9136431 0.9106301 0.9106704 0.9103468 0.9102265 0.9098643 0.9097254
[133] 0.9094156 0.9049062 0.9062492 0.9075898 0.9073023 0.9069573 0.9066133 0.9079658 0.9076760 0.9045562 0.9045850 0.9044491
[145] 0.9040641 0.9039089 0.9023941 0.8962785 0.8960536 0.8958276 0.8954754 0.8950790 0.8950068 0.8946262 0.8942501 0.8938843
[157] 0.8934802 0.8934039 0.8918428 0.8916228 0.8930044 0.8926688 0.8940667 0.8954711 0.8950795 0.8885920 0.8884157 0.8881640
[169] 0.8895705 0.8909836 0.8906357 0.8859399 0.8763398 0.8777285 0.8773102 0.8787096 0.8801155 0.8796798 0.8792430 0.8806570
[181] 0.8802388 0.8797806 0.8796687 0.8795034 0.8801652 0.8784768 0.8741786 0.8739599 0.8700021 0.8677750 0.8691985 0.8706312
[193] 0.8701788 0.8697036 0.8711478 0.8725960
> E22
  [1] 0.9530682 0.9570253 0.9541257 0.9483242 0.9471336 0.9471477 0.9477446 0.9438850 0.9444074 0.9382785 0.9387224 0.9393112
 [13] 0.9362295 0.9371012 0.9342261 0.9331128 0.9319509 0.9331381 0.9337101 0.9351834 0.9324100 0.9344931 0.9356367 0.9364229
 [25] 0.9379089 0.9351001 0.9338689 0.9346991 0.9317376 0.9281738 0.9280059 0.9281353 0.9293171 0.9306110 0.9316763 0.9325339
 [37] 0.9339330 0.9354962 0.9368246 0.9336182 0.9333988 0.9347924 0.9346775 0.9361975 0.9359880 0.9375235 0.9385188 0.9399245
 [49] 0.9414832 0.9403130 0.9406355 0.9404617 0.9372620 0.9370112 0.9337644 0.9352537 0.9317419 0.9333362 0.9349403 0.9365751
 [61] 0.9354658 0.9354282 0.9352392 0.9350294 0.9349909 0.9360158 0.9326972 0.9323500 0.9326895 0.9314673 0.9313567 0.9311746
 [73] 0.9278273 0.9275431 0.9255872 0.9254037 0.9253467 0.9240932 0.9239678 0.9239662 0.9254033 0.9268375 0.9266046 0.9265507
 [85] 0.9231199 0.9228205 0.9193627 0.9190622 0.9177869 0.9132884 0.9130765 0.9128137 0.9125504 0.9125270 0.9132030 0.9146522
 [97] 0.9161184 0.9160431 0.9148131 0.9145727 0.9110238 0.9080067 0.9077796 0.9075010 0.9085548 0.9089335 0.9101193 0.9111062
[109] 0.9098426 0.9095878 0.9046309 0.9045916 0.9011071 0.9025759 0.9022808 0.9020385 0.9019931 0.9034835 0.8997674 0.8993997
[121] 0.8965071 0.8962426 0.8977281 0.8974286 0.8971947 0.8968835 0.8931108 0.8927301 0.8924066 0.8920813 0.8920149 0.8919179
[133] 0.8915903 0.8867569 0.8882647 0.8897736 0.8894949 0.8891600 0.8888244 0.8903470 0.8900671 0.8861620 0.8857548 0.8854060
[145] 0.8853236 0.8852097 0.8837907 0.8755368 0.8752446 0.8749511 0.8745885 0.8744879 0.8744215 0.8740435 0.8736618 0.8732946
[157] 0.8731901 0.8731201 0.8716452 0.8713828 0.8729370 0.8726064 0.8741753 0.8757513 0.8753665 0.8672385 0.8668352 0.8665115
[169] 0.8680878 0.8696712 0.8693265 0.8629822 0.8520168 0.8535731 0.8531452 0.8547124 0.8562867 0.8558473 0.8554059 0.8569911
[181] 0.8565650 0.8564165 0.8563042 0.8564676 0.8573046 0.8557018 0.8494748 0.8490074 0.8446029 0.8421337 0.8437286 0.8453324
[193] 0.8448672 0.8443846 0.8460011 0.8476239
> E21
  [1] 0.9534617 0.9575637 0.9547232 0.9490994 0.9480207 0.9480418 0.9486438 0.9449122 0.9455259 0.9394712 0.9399337 0.9405518
 [13] 0.9376803 0.9385025 0.9356308 0.9344380 0.9333472 0.9345155 0.9350561 0.9365294 0.9337456 0.9357344 0.9368329 0.9376152
 [25] 0.9390879 0.9363504 0.9350894 0.9358942 0.9331455 0.9298375 0.9297542 0.9299269 0.9310994 0.9323893 0.9334540 0.9342410
 [37] 0.9356505 0.9372397 0.9385508 0.9354802 0.9353433 0.9367193 0.9366286 0.9381306 0.9379261 0.9394481 0.9403933 0.9417902
 [49] 0.9433546 0.9421574 0.9424443 0.9422703 0.9391938 0.9390328 0.9359124 0.9373905 0.9340879 0.9356823 0.9372882 0.9389251
 [61] 0.9377999 0.9377473 0.9375596 0.9373477 0.9372917 0.9382657 0.9350704 0.9348079 0.9351080 0.9338585 0.9337596 0.9336166
 [73] 0.9303919 0.9302054 0.9282993 0.9281094 0.9280352 0.9267546 0.9266420 0.9265787 0.9279960 0.9294134 0.9291764 0.9291039
 [85] 0.9257986 0.9255994 0.9222693 0.9220687 0.9207629 0.9164602 0.9162426 0.9159769 0.9157107 0.9156251 0.9162298 0.9176626
 [97] 0.9191099 0.9190161 0.9177709 0.9175320 0.9141115 0.9113311 0.9110986 0.9108173 0.9118176 0.9121702 0.9133027 0.9142512
[109] 0.9129724 0.9127194 0.9080375 0.9079337 0.9046235 0.9060732 0.9057758 0.9055244 0.9054146 0.9068886 0.9033089 0.9030504
[121] 0.9001402 0.8998746 0.9013408 0.9010902 0.9008727 0.9005583 0.8969225 0.8966515 0.8963265 0.8960541 0.8959219 0.8958057
[133] 0.8954790 0.8906968 0.8921849 0.8936747 0.8933874 0.8930496 0.8927111 0.8942143 0.8939257 0.8901622 0.8898685 0.8895746
[145] 0.8894249 0.8892915 0.8878575 0.8800355 0.8797625 0.8794882 0.8791229 0.8789541 0.8788866 0.8785069 0.8781249 0.8777533
[157] 0.8775798 0.8775086 0.8760179 0.8757731 0.8773081 0.8769695 0.8785185 0.8800744 0.8796874 0.8718635 0.8715173 0.8712139
[169] 0.8727708 0.8743346 0.8739823 0.8679682 0.8572463 0.8587848 0.8583541 0.8599030 0.8614589 0.8610192 0.8605776 0.8621446
[181] 0.8617156 0.8614956 0.8613836 0.8614672 0.8622698 0.8606515 0.8548458 0.8544411 0.8500779 0.8476479 0.8492250 0.8508104
[193] 0.8503429 0.8498607 0.8514587 0.8530633
> E1.dif
  [1] 0.0004318320 0.0006092515 0.0006784387 0.0008882889 0.0011276080 0.0011394563 0.0011752681 0.0013654183 0.0015544974
 [10] 0.0016507761 0.0017075301 0.0018318031 0.0021966863 0.0021107549 0.0021341251 0.0020145344 0.0021528655 0.0021396209
 [19] 0.0020797977 0.0020869355 0.0020894342 0.0019392154 0.0018470524 0.0018634125 0.0018490472 0.0020120114 0.0019026386
 [28] 0.0018419650 0.0022052408 0.0026546594 0.0028431038 0.0029641973 0.0029635768 0.0029757151 0.0030009336 0.0028780408
 [37] 0.0029658951 0.0030907708 0.0030634770 0.0033347200 0.0035175699 0.0034905816 0.0035994879 0.0035637333 0.0036214090
 [46] 0.0036047260 0.0034606689 0.0034524331 0.0034674840 0.0032873622 0.0032069956 0.0032266992 0.0034634925 0.0036582538
 [55] 0.0038993931 0.0038807184 0.0044666766 0.0044724567 0.0044819607 0.0044822337 0.0043010600 0.0042980038 0.0043310168
 [64] 0.0043658694 0.0043481750 0.0042029664 0.0044387484 0.0046590676 0.0045766359 0.0044040917 0.0044234647 0.0045360408
 [73] 0.0047755820 0.0049910795 0.0051854045 0.0052107540 0.0051942045 0.0050202452 0.0050401675 0.0048260822 0.0047980095
 [82] 0.0047768662 0.0047991398 0.0047760171 0.0050213482 0.0052421491 0.0054905351 0.0057117807 0.0055313210 0.0060825758
 [91] 0.0061108850 0.0061358808 0.0061617716 0.0059444594 0.0057581913 0.0057383194 0.0057120300 0.0056900278 0.0055000929
[100] 0.0055315682 0.0057867773 0.0063786597 0.0064081958 0.0064351612 0.0062839709 0.0061942534 0.0060559101 0.0059777818
[109] 0.0057847165 0.0058173648 0.0063890435 0.0061641956 0.0067207196 0.0066967627 0.0067252637 0.0067337452 0.0065077711
[118] 0.0064883591 0.0067545549 0.0069945403 0.0067996647 0.0068327564 0.0068084509 0.0069430854 0.0069852653 0.0070071133
[127] 0.0072791502 0.0075215886 0.0075525753 0.0076956490 0.0074647022 0.0074451748 0.0074920186 0.0073942990 0.0073696352
[136] 0.0073457937 0.0073560177 0.0073791752 0.0074039997 0.0073800315 0.0073897065 0.0076710449 0.0079219063 0.0080699475
[145] 0.0078330030 0.0078136708 0.0076085758 0.0086583835 0.0087065310 0.0087548842 0.0087853025 0.0085478764 0.0085259879
[154] 0.0085540647 0.0085890272 0.0086125379 0.0083721771 0.0083497697 0.0081419127 0.0081730597 0.0081496744 0.0081614864
[163] 0.0081366352 0.0081118678 0.0081378158 0.0087752838 0.0089292543 0.0089800076 0.0089566374 0.0089333587 0.0089464397
[172] 0.0096497363 0.0100485941 0.0100293475 0.0100571745 0.0100370168 0.0100169410 0.0100491229 0.0100822179 0.0100626105
[181] 0.0100901158 0.0098394397 0.0098191259 0.0095735819 0.0095209930 0.0093029477 0.0102356421 0.0104032758 0.0105362430
[190] 0.0106295903 0.0106107599 0.0105911121 0.0106213722 0.0106561134 0.0106366426 0.0106175981
> E2.dif
  [1] 0.0003935507 0.0005384177 0.0005975612 0.0007752871 0.0008871072 0.0008941227 0.0008992229 0.0010271495 0.0011184509
 [10] 0.0011926465 0.0012113948 0.0012406711 0.0014508750 0.0014012523 0.0014047214 0.0013252366 0.0013962699 0.0013773822
 [19] 0.0013460286 0.0013459750 0.0013355700 0.0012412955 0.0011961574 0.0011922969 0.0011790227 0.0012502422 0.0012204329
 [28] 0.0011950475 0.0014078687 0.0016636200 0.0017482462 0.0017916049 0.0017822761 0.0017782850 0.0017777255 0.0017071659
 [37] 0.0017174677 0.0017434983 0.0017262137 0.0018620044 0.0019444421 0.0019269684 0.0019511531 0.0019331225 0.0019380519
 [46] 0.0019246486 0.0018745116 0.0018657452 0.0018713800 0.0018444151 0.0018087136 0.0018085965 0.0019318807 0.0020215757
 [55] 0.0021480268 0.0021367547 0.0023460198 0.0023460780 0.0023478721 0.0023499747 0.0023341291 0.0023191348 0.0023203989
 [64] 0.0023182965 0.0023008200 0.0022499279 0.0023732167 0.0024579221 0.0024184600 0.0023912133 0.0024028880 0.0024420173
 [73] 0.0025645837 0.0026623713 0.0027121431 0.0027057000 0.0026885465 0.0026613535 0.0026741517 0.0026125563 0.0025926741
 [82] 0.0025758289 0.0025718012 0.0025531153 0.0026786673 0.0027789221 0.0029066293 0.0030064271 0.0029759776 0.0031717643
 [91] 0.0031661504 0.0031632225 0.0031603120 0.0030980763 0.0030268690 0.0030104022 0.0029914558 0.0029730710 0.0029577833
[100] 0.0029592507 0.0030876528 0.0033244188 0.0033189700 0.0033162978 0.0032627702 0.0032366737 0.0031834027 0.0031450203
[109] 0.0031297721 0.0031316051 0.0034065730 0.0033421747 0.0035163872 0.0034973191 0.0034950201 0.0034859535 0.0034215400
[118] 0.0034051153 0.0035415238 0.0036507078 0.0036331037 0.0036320074 0.0036127683 0.0036615923 0.0036780231 0.0036747525
[127] 0.0038117287 0.0039213994 0.0039198986 0.0039727758 0.0039070331 0.0038877721 0.0038887196 0.0039398655 0.0039202238
[136] 0.0039011047 0.0038924940 0.0038895846 0.0038867315 0.0038673839 0.0038585917 0.0040002296 0.0041137317 0.0041685616
[145] 0.0041012973 0.0040818761 0.0040668115 0.0044987385 0.0045178878 0.0045371215 0.0045343539 0.0044662114 0.0044651403
[154] 0.0044634373 0.0044630371 0.0044587656 0.0043897253 0.0043884897 0.0043726632 0.0043903122 0.0043711766 0.0043630778
[163] 0.0043431232 0.0043230949 0.0043209179 0.0046250090 0.0046820953 0.0047024503 0.0046829817 0.0046634404 0.0046557686
[172] 0.0049859772 0.0052294285 0.0052116707 0.0052088918 0.0051905530 0.0051721577 0.0051718968 0.0051716886 0.0051535341
[181] 0.0051505412 0.0050791451 0.0050794134 0.0049996272 0.0049652247 0.0049497382 0.0053709964 0.0054336363 0.0054750717
[190] 0.0055142115 0.0054963898 0.0054780339 0.0054757113 0.0054761064 0.0054576042 0.0054394447
> SUM.E1E2
  [1] 0.0008253827 0.0011476692 0.0012759999 0.0016635759 0.0020147152 0.0020335790 0.0020744910 0.0023925678 0.0026729483
 [10] 0.0028434226 0.0029189249 0.0030724743 0.0036475614 0.0035120072 0.0035388465 0.0033397710 0.0035491354 0.0035170031
 [19] 0.0034258264 0.0034329105 0.0034250042 0.0031805109 0.0030432098 0.0030557094 0.0030280699 0.0032622536 0.0031230715
 [28] 0.0030370124 0.0036131096 0.0043182795 0.0045913500 0.0047558022 0.0047458529 0.0047540001 0.0047786591 0.0045852067
 [37] 0.0046833627 0.0048342691 0.0047896906 0.0051967244 0.0054620120 0.0054175500 0.0055506410 0.0054968558 0.0055594609
 [46] 0.0055293747 0.0053351805 0.0053181783 0.0053388640 0.0051317773 0.0050157092 0.0050352958 0.0053953732 0.0056798296
 [55] 0.0060474198 0.0060174730 0.0068126963 0.0068185347 0.0068298328 0.0068322084 0.0066351891 0.0066171386 0.0066514157
 [64] 0.0066841659 0.0066489950 0.0064528942 0.0068119651 0.0071169897 0.0069950959 0.0067953050 0.0068263528 0.0069780581
 [73] 0.0073401657 0.0076534508 0.0078975476 0.0079164541 0.0078827510 0.0076815987 0.0077143192 0.0074386385 0.0073906836
 [82] 0.0073526952 0.0073709411 0.0073291324 0.0077000156 0.0080210712 0.0083971644 0.0087182078 0.0085072986 0.0092543401
 [91] 0.0092770355 0.0092991034 0.0093220836 0.0090425357 0.0087850603 0.0087487217 0.0087034857 0.0086630988 0.0084578762
[100] 0.0084908189 0.0088744301 0.0097030785 0.0097271658 0.0097514590 0.0095467411 0.0094309271 0.0092393128 0.0091228021
[109] 0.0089144886 0.0089489700 0.0097956165 0.0095063702 0.0102371068 0.0101940818 0.0102202838 0.0102196987 0.0099293111
[118] 0.0098934744 0.0102960787 0.0106452481 0.0104327684 0.0104647638 0.0104212192 0.0106046777 0.0106632884 0.0106818658
[127] 0.0110908789 0.0114429880 0.0114724739 0.0116684248 0.0113717353 0.0113329469 0.0113807382 0.0113341645 0.0112898590
[136] 0.0112468984 0.0112485117 0.0112687598 0.0112907312 0.0112474154 0.0112482982 0.0116712745 0.0120356381 0.0122385091
[145] 0.0119343003 0.0118955469 0.0116753873 0.0131571220 0.0132244188 0.0132920057 0.0133196564 0.0130140878 0.0129911282
[154] 0.0130175020 0.0130520644 0.0130713035 0.0127619024 0.0127382594 0.0125145759 0.0125633719 0.0125208510 0.0125245642
[163] 0.0124797584 0.0124349626 0.0124587337 0.0134002927 0.0136113496 0.0136824580 0.0136396191 0.0135967991 0.0136022083
[172] 0.0146357134 0.0152780226 0.0152410182 0.0152660663 0.0152275698 0.0151890987 0.0152210197 0.0152539065 0.0152161446
[181] 0.0152406570 0.0149185848 0.0148985393 0.0145732091 0.0144862177 0.0142526859 0.0156066384 0.0158369120 0.0160113147
[190] 0.0161438018 0.0161071496 0.0160691460 0.0160970835 0.0161322198 0.0160942468 0.0160570428
> int.hit.n <- c(1,2,3,4,5,6,16,36,76,116,156,length(av.hit.iter))
> int.hit.n
 [1]   1   2   3   4   5   6  16  36  76 116 156 196
> av.hit.iter[int.hit.n]
 [1] 0.39 0.35 0.43 0.43 0.40 0.54 0.69 0.88 0.99 1.00 1.00 1.00
> E11[int.hit.n]
 [1] 0.9544485 0.9595198 0.9570238 0.9521514 0.9512751 0.9513430 0.9384396 0.9380647 0.9325191 0.9112641 0.8852718 0.8619784
> E12[int.hit.n]
 [1] 0.9548804 0.9601290 0.9577023 0.9530397 0.9524027 0.9524825 0.9404541 0.9409427 0.9377299 0.9179979 0.8938843 0.8725960
> E22[int.hit.n]
 [1] 0.9530682 0.9570253 0.9541257 0.9483242 0.9471336 0.9471477 0.9331128 0.9325339 0.9254037 0.9020385 0.8732946 0.8476239
> E21[int.hit.n]
 [1] 0.9534617 0.9575637 0.9547232 0.9490994 0.9480207 0.9480418 0.9344380 0.9342410 0.9281094 0.9055244 0.8777533 0.8530633
> E1.dif[int.hit.n]
 [1] 0.0004318320 0.0006092515 0.0006784387 0.0008882889 0.0011276080 0.0011394563 0.0020145344 0.0028780408 0.0052107540
[10] 0.0067337452 0.0086125379 0.0106175981
> E2.dif[int.hit.n]
 [1] 0.0003935507 0.0005384177 0.0005975612 0.0007752871 0.0008871072 0.0008941227 0.0013252366 0.0017071659 0.0027057000
[10] 0.0034859535 0.0044587656 0.0054394447
> SUM.E1E2[int.hit.n]
 [1] 0.0008253827 0.0011476692 0.0012759999 0.0016635759 0.0020147152 0.0020335790 0.0033397710 0.0045852067 0.0079164541
[10] 0.0102196987 0.0130713035 0.0160570428
> round(E11[int.hit.n],digits=4)
 [1] 0.9544 0.9595 0.9570 0.9522 0.9513 0.9513 0.9384 0.9381 0.9325 0.9113 0.8853 0.8620
> round(E12[int.hit.n],digits=4)
 [1] 0.9549 0.9601 0.9577 0.9530 0.9524 0.9525 0.9405 0.9409 0.9377 0.9180 0.8939 0.8726
> round(E22[int.hit.n],digits=4)
 [1] 0.9531 0.9570 0.9541 0.9483 0.9471 0.9471 0.9331 0.9325 0.9254 0.9020 0.8733 0.8476
> round(E21[int.hit.n],digits=4)
 [1] 0.9535 0.9576 0.9547 0.9491 0.9480 0.9480 0.9344 0.9342 0.9281 0.9055 0.8778 0.8531
> round(E1.dif[int.hit.n],digits=4)
 [1] 0.0004 0.0006 0.0007 0.0009 0.0011 0.0011 0.0020 0.0029 0.0052 0.0067 0.0086 0.0106
> round(E2.dif[int.hit.n],digits=4)
 [1] 0.0004 0.0005 0.0006 0.0008 0.0009 0.0009 0.0013 0.0017 0.0027 0.0035 0.0045 0.0054
> round(SUM.E1E2[int.hit.n],digits=4)
 [1] 0.0008 0.0011 0.0013 0.0017 0.0020 0.0020 0.0033 0.0046 0.0079 0.0102 0.0131 0.0161
> length(CRIT.vec)
[1] 200
> CRIT.vec <- CRIT.vec[1:nrow(xstart)]
> length(CRIT.vec)
[1] 200
> CRIT.vec
  [1] 4.335966e-06 4.335966e-06 4.335966e-06 4.335966e-06 3.193095e-01 7.761624e-01 1.072773e+00 1.424157e+00 1.818304e+00
 [10] 2.252366e+00 2.708724e+00 3.217580e+00 3.761204e+00 4.354675e+00 4.959753e+00 5.597969e+00 6.269253e+00 6.969371e+00
 [19] 7.710759e+00 8.499328e+00 9.311810e+00 1.015887e+01 1.105796e+01 1.199120e+01 1.297565e+01 1.401544e+01 1.508183e+01
 [28] 1.621728e+01 1.733859e+01 1.850543e+01 1.971317e+01 2.097538e+01 2.219102e+01 2.346114e+01 2.477007e+01 2.610463e+01
 [37] 2.746166e+01 2.886156e+01 3.031575e+01 3.180672e+01 3.337749e+01 3.520613e+01 3.682341e+01 3.849283e+01 4.019594e+01
 [46] 4.191859e+01 4.365352e+01 4.541720e+01 4.722964e+01 4.907082e+01 5.092051e+01 5.281778e+01 5.475447e+01 5.673982e+01
 [55] 5.875863e+01 6.083192e+01 6.285574e+01 6.492461e+01 6.703710e+01 6.919450e+01 7.148473e+01 7.373803e+01 7.603542e+01
 [64] 7.837264e+01 8.074386e+01 8.315205e+01 8.561082e+01 8.807691e+01 9.059488e+01 9.302892e+01 9.550784e+01 9.801917e+01
 [73] 1.005823e+02 1.031694e+02 1.057662e+02 1.084085e+02 1.110378e+02 1.136998e+02 1.164127e+02 1.191254e+02 1.218336e+02
 [82] 1.245733e+02 1.273536e+02 1.301070e+02 1.328871e+02 1.357117e+02 1.385292e+02 1.414012e+02 1.441807e+02 1.470053e+02
 [91] 1.498396e+02 1.527045e+02 1.556109e+02 1.586688e+02 1.616195e+02 1.645930e+02 1.676208e+02 1.705586e+02 1.735178e+02
[100] 1.764986e+02 1.795242e+02 1.825239e+02 1.855349e+02 1.885871e+02 1.916238e+02 1.948026e+02 1.978495e+02 2.009483e+02
[109] 2.039940e+02 2.070787e+02 2.101774e+02 2.132962e+02 2.163761e+02 2.194916e+02 2.227138e+02 2.259134e+02 2.295079e+02
[118] 2.327306e+02 2.359698e+02 2.392635e+02 2.424053e+02 2.455620e+02 2.487496e+02 2.519675e+02 2.552526e+02 2.585474e+02
[127] 2.618250e+02 2.651477e+02 2.684669e+02 2.718287e+02 2.751175e+02 2.784381e+02 2.817692e+02 2.851298e+02 2.884812e+02
[136] 2.918675e+02 2.952454e+02 2.987320e+02 3.021342e+02 3.055373e+02 3.089525e+02 3.123584e+02 3.157763e+02 3.191952e+02
[145] 3.226684e+02 3.260158e+02 3.293846e+02 3.327757e+02 3.361910e+02 3.396183e+02 3.430545e+02 3.466917e+02 3.501865e+02
[154] 3.537128e+02 3.572029e+02 3.606988e+02 3.642162e+02 3.677600e+02 3.712621e+02 3.748187e+02 3.783383e+02 3.818932e+02
[163] 3.854250e+02 3.890010e+02 3.924871e+02 3.960275e+02 3.995521e+02 4.031001e+02 4.066260e+02 4.102851e+02 4.138538e+02
[172] 4.174481e+02 4.209807e+02 4.245322e+02 4.280724e+02 4.317779e+02 4.357508e+02 4.393396e+02 4.429773e+02 4.466163e+02
[181] 4.502600e+02 4.538999e+02 4.575447e+02 4.611907e+02 4.648855e+02 4.684732e+02 4.721049e+02 4.757049e+02 4.793437e+02
[190] 4.829443e+02 4.866477e+02 4.903317e+02 4.940858e+02 4.978425e+02 5.015310e+02 5.052519e+02 5.089122e+02 5.126174e+02
[199] 5.162783e+02 5.199841e+02
> xstart
         Var1      Var2
71   8.333333 0.8333333
150 10.000000 2.0833333
149  9.583333 2.0833333
95   7.916667 1.2500000
70   7.916667 0.8333333
174  9.583333 2.5000000
175 10.000000 2.5000000
120  7.916667 1.6666667
199  9.583333 2.9166667
145  7.916667 2.0833333
45   7.916667 0.4166667
46   8.333333 0.4166667
170  7.916667 2.5000000
146  8.333333 2.0833333
20   7.916667 0.0000000
171  8.333333 2.5000000
124  9.583333 1.6666667
99   9.583333 1.2500000
196  8.333333 2.9166667
195  7.916667 2.9166667
44   7.500000 0.4166667
169  7.500000 2.5000000
69   7.500000 0.8333333
144  7.500000 2.0833333
173  9.166667 2.5000000
94   7.500000 1.2500000
119  7.500000 1.6666667
47   8.750000 0.4166667
148  9.166667 2.0833333
172  8.750000 2.5000000
198  9.166667 2.9166667
73   9.166667 0.8333333
197  8.750000 2.9166667
118  7.083333 1.6666667
93   7.083333 1.2500000
68   7.083333 0.8333333
147  8.750000 2.0833333
143  7.083333 2.0833333
72   8.750000 0.8333333
19   7.500000 0.0000000
98   9.166667 1.2500000
123  9.166667 1.6666667
194  7.500000 2.9166667
43   7.083333 0.4166667
168  7.083333 2.5000000
222  8.750000 3.3333333
221  8.333333 3.3333333
117  6.666667 1.6666667
97   8.750000 1.2500000
142  6.666667 2.0833333
220  7.916667 3.3333333
92   6.666667 1.2500000
96   8.333333 1.2500000
122  8.750000 1.6666667
121  8.333333 1.6666667
193  7.083333 2.9166667
67   6.666667 0.8333333
167  6.666667 2.5000000
219  7.500000 3.3333333
223  9.166667 3.3333333
18   7.083333 0.0000000
116  6.250000 1.6666667
141  6.250000 2.0833333
42   6.666667 0.4166667
218  7.083333 3.3333333
192  6.666667 2.9166667
91   6.250000 1.2500000
246  8.333333 3.7500000
245  7.916667 3.7500000
166  6.250000 2.5000000
244  7.500000 3.7500000
247  8.750000 3.7500000
66   6.250000 0.8333333
191  6.250000 2.9166667
217  6.666667 3.3333333
224  9.583333 3.3333333
200 10.000000 2.9166667
243  7.083333 3.7500000
248  9.166667 3.7500000
115  5.833333 1.6666667
140  5.833333 2.0833333
270  7.916667 4.1666667
271  8.333333 4.1666667
216  6.250000 3.3333333
242  6.666667 3.7500000
269  7.500000 4.1666667
165  5.833333 2.5000000
90   5.833333 1.2500000
272  8.750000 4.1666667
190  5.833333 2.9166667
268  7.083333 4.1666667
41   6.250000 0.4166667
17   6.666667 0.0000000
65   5.833333 0.8333333
241  6.250000 3.7500000
215  5.833333 3.3333333
139  5.416667 2.0833333
114  5.416667 1.6666667
267  6.666667 4.1666667
164  5.416667 2.5000000
89   5.416667 1.2500000
189  5.416667 2.9166667
240  5.833333 3.7500000
266  6.250000 4.1666667
295  7.916667 4.5833333
294  7.500000 4.5833333
249  9.583333 3.7500000
273  9.166667 4.1666667
293  7.083333 4.5833333
296  8.333333 4.5833333
214  5.416667 3.3333333
225 10.000000 3.3333333
292  6.666667 4.5833333
297  8.750000 4.5833333
40   5.833333 0.4166667
138  5.000000 2.0833333
163  5.000000 2.5000000
265  5.833333 4.1666667
64   5.416667 0.8333333
239  5.416667 3.7500000
113  5.000000 1.6666667
188  5.000000 2.9166667
291  6.250000 4.5833333
319  7.500000 5.0000000
320  7.916667 5.0000000
213  5.000000 3.3333333
318  7.083333 5.0000000
274  9.583333 4.1666667
298  9.166667 4.5833333
317  6.666667 5.0000000
321  8.333333 5.0000000
264  5.416667 4.1666667
290  5.833333 4.5833333
16   6.250000 0.0000000
88   5.000000 1.2500000
238  5.000000 3.7500000
316  6.250000 5.0000000
250 10.000000 3.7500000
322  8.750000 5.0000000
162  4.583333 2.5000000
137  4.583333 2.0833333
187  4.583333 2.9166667
289  5.416667 4.5833333
263  5.000000 4.1666667
343  7.083333 5.4166667
344  7.500000 5.4166667
315  5.833333 5.0000000
345  7.916667 5.4166667
212  4.583333 3.3333333
342  6.666667 5.4166667
112  4.583333 1.6666667
39   5.416667 0.4166667
63   5.000000 0.8333333
237  4.583333 3.7500000
341  6.250000 5.4166667
346  8.333333 5.4166667
299  9.583333 4.5833333
323  9.166667 5.0000000
288  5.000000 4.5833333
314  5.416667 5.0000000
87   4.583333 1.2500000
262  4.583333 4.1666667
161  4.166667 2.5000000
186  4.166667 2.9166667
340  5.833333 5.4166667
211  4.166667 3.3333333
347  8.750000 5.4166667
368  7.083333 5.8333333
369  7.500000 5.8333333
367  6.666667 5.8333333
313  5.000000 5.0000000
370  7.916667 5.8333333
339  5.416667 5.4166667
287  4.583333 4.5833333
366  6.250000 5.8333333
136  4.166667 2.0833333
236  4.166667 3.7500000
15   5.833333 0.0000000
111  4.166667 1.6666667
261  4.166667 4.1666667
365  5.833333 5.8333333
371  8.333333 5.8333333
38   5.000000 0.4166667
62   4.583333 0.8333333
312  4.583333 5.0000000
338  5.000000 5.4166667
185  3.750000 2.9166667
160  3.750000 2.5000000
210  3.750000 3.3333333
86   4.166667 1.2500000
286  4.166667 4.5833333
135  3.750000 2.0833333
235  3.750000 3.7500000
364  5.416667 5.8333333
14   5.416667 0.0000000
21   8.333333 0.0000000
110  3.750000 1.6666667
260  3.750000 4.1666667
125 10.000000 1.6666667
275 10.000000 4.1666667
>

av.sd.iter <- apply(M.COUNT.N,1,function(x) sqrt((NRUN-1)/NRUN*var(x)))
> av.sd.iter
  [1] 0.48774994 0.47696960 0.49507575 0.49507575 0.48989795 0.49839743 0.48280431 0.49749372 0.49959984 0.47696960 0.48280431 0.48989795
 [13] 0.48000000 0.47696960 0.44899889 0.46249324 0.43301270 0.44899889 0.43301270 0.42083251 0.41424630 0.44395946 0.44395946 0.35707142
 [25] 0.35707142 0.30000000 0.36660606 0.39230090 0.34698703 0.40000000 0.31288976 0.31288976 0.35707142 0.38418745 0.34698703 0.32496154
 [37] 0.27129320 0.30000000 0.32496154 0.35707142 0.25514702 0.28618176 0.23748684 0.30000000 0.25514702 0.31288976 0.17058722 0.21794495
 [49] 0.23748684 0.14000000 0.25514702 0.27129320 0.17058722 0.19595918 0.17058722 0.21794495 0.14000000 0.21794495 0.17058722 0.09949874
 [61] 0.09949874 0.09949874 0.17058722 0.09949874 0.09949874 0.09949874 0.17058722 0.14000000 0.17058722 0.17058722 0.00000000 0.09949874
 [73] 0.09949874 0.09949874 0.09949874 0.09949874 0.00000000 0.14000000 0.09949874 0.14000000 0.00000000 0.09949874 0.09949874 0.09949874
 [85] 0.00000000 0.09949874 0.09949874 0.09949874 0.00000000 0.00000000 0.17058722 0.09949874 0.09949874 0.00000000 0.00000000 0.00000000
 [97] 0.09949874 0.09949874 0.00000000 0.09949874 0.00000000 0.00000000 0.09949874 0.00000000 0.00000000 0.09949874 0.00000000 0.00000000
[109] 0.00000000 0.00000000 0.00000000 0.00000000 0.00000000 0.00000000 0.00000000 0.00000000 0.00000000 0.00000000 0.00000000 0.00000000
[121] 0.00000000 0.00000000 0.00000000 0.00000000 0.00000000 0.09949874 0.00000000 0.00000000 0.00000000 0.00000000 0.00000000 0.00000000
[133] 0.00000000 0.00000000 0.00000000 0.00000000 0.00000000 0.00000000 0.00000000 0.00000000 0.00000000 0.00000000 0.00000000 0.00000000
[145] 0.00000000 0.00000000 0.09949874 0.00000000 0.00000000 0.00000000 0.00000000 0.00000000 0.00000000 0.00000000 0.00000000 0.00000000
[157] 0.00000000 0.00000000 0.00000000 0.00000000 0.00000000 0.00000000 0.00000000 0.00000000 0.09949874 0.00000000 0.00000000 0.00000000
[169] 0.00000000 0.00000000 0.00000000 0.00000000 0.00000000 0.00000000 0.00000000 0.00000000 0.00000000 0.00000000 0.00000000 0.00000000
[181] 0.00000000 0.00000000 0.00000000 0.00000000 0.00000000 0.00000000 0.00000000 0.00000000 0.00000000 0.00000000 0.00000000 0.00000000
[193] 0.00000000 0.00000000 0.00000000 0.00000000
> av.sd.iter[int.hit.n]
 [1] 0.48774994 0.47696960 0.49507575 0.49507575 0.48989795 0.49839743 0.46249324 0.32496154 0.09949874 0.00000000 0.00000000 0.00000000
> round(av.sd.iter[int.hit.n],digits = 4)
 [1] 0.4877 0.4770 0.4951 0.4951 0.4899 0.4984 0.4625 0.3250 0.0995 0.0000 0.0000 0.0000
count2 <- c(1,2,3,4,5,6,16,26,36,46)
> av.sd.iter[count2]
 [1] 0.4877499 0.4769696 0.4950758 0.4950758 0.4898979 0.4983974 0.4624932 0.3000000 0.3249615 0.3128898
> round(av.sd.iter[count2],digits = 4)
 [1] 0.4877 0.4770 0.4951 0.4951 0.4899 0.4984 0.4625 0.3000 0.3250 0.3129
> av.hit.iter[count2]
 [1] 0.39 0.35 0.43 0.43 0.40 0.54 0.69 0.90 0.88 0.89
> 