user  system elapsed 
 622.96    1.08  628.09 
> #-----------------------------------------------------------------------------------------------
> as.numeric(row.names(xstart))
  [1] 555 476 530 531 556 502 430 431 405 406 532 404 451 506 452 507 527 426 427 428 432 403 402 529 528 456 553 554 457 482 477 481 379
 [34] 380 483 458 381 503 508 407 505 429 433 504 557 478 453 382 408 533 484 580 459 454 581 509 579 455 479 480 558 582 434 534 559 583
 [67] 606 485 510 607 535 460 378 383 409 584 435 560 608 356 355 486 511 410 384 357 461 354 536 436 358 385 377 359 353 401 331 411 332
[100] 330 333 329 585 561 462 487 360 386 512 437 609 334 412 537 586 463 361 488 387 562 513 438 335 307 306 413 308 352 328 309 305 336
[133] 362 610 538 388 310 304 376 464 489 439 337 363 283 282 311 281 414 284 514 587 563 389 285 280 338 312 327 303 364 286 279 258 257
[166] 259 539 440 465 415 313 490 339 287 390 256 260 365 261 501 351 255 302 278 288 314 233 232 234 262 254 235 231 326 515 340 236 230
[199] 611 605
> setdiff(1:N,as.numeric(row.names(xstart)))
  [1]   1   2   3   4   5   6   7   8   9  10  11  12  13  14  15  16  17  18  19  20  21  22  23  24  25  26  27  28  29  30  31  32  33
 [34]  34  35  36  37  38  39  40  41  42  43  44  45  46  47  48  49  50  51  52  53  54  55  56  57  58  59  60  61  62  63  64  65  66
 [67]  67  68  69  70  71  72  73  74  75  76  77  78  79  80  81  82  83  84  85  86  87  88  89  90  91  92  93  94  95  96  97  98  99
[100] 100 101 102 103 104 105 106 107 108 109 110 111 112 113 114 115 116 117 118 119 120 121 122 123 124 125 126 127 128 129 130 131 132
[133] 133 134 135 136 137 138 139 140 141 142 143 144 145 146 147 148 149 150 151 152 153 154 155 156 157 158 159 160 161 162 163 164 165
[166] 166 167 168 169 170 171 172 173 174 175 176 177 178 179 180 181 182 183 184 185 186 187 188 189 190 191 192 193 194 195 196 197 198
[199] 199 200 201 202 203 204 205 206 207 208 209 210 211 212 213 214 215 216 217 218 219 220 221 222 223 224 225 226 227 228 229 237 238
[232] 239 240 241 242 243 244 245 246 247 248 249 250 251 252 253 263 264 265 266 267 268 269 270 271 272 273 274 275 276 277 289 290 291
[265] 292 293 294 295 296 297 298 299 300 301 315 316 317 318 319 320 321 322 323 324 325 341 342 343 344 345 346 347 348 349 350 366 367
[298] 368 369 370 371 372 373 374 375 391 392 393 394 395 396 397 398 399 400 416 417 418 419 420 421 422 423 424 425 441 442 443 444 445
[331] 446 447 448 449 450 466 467 468 469 470 471 472 473 474 475 491 492 493 494 495 496 497 498 499 500 516 517 518 519 520 521 522 523
[364] 524 525 526 540 541 542 543 544 545 546 547 548 549 550 551 552 564 565 566 567 568 569 570 571 572 573 574 575 576 577 578 588 589
[397] 590 591 592 593 594 595 596 597 598 599 600 601 602 603 604 612 613 614 615 616 617 618 619 620 621 622 623 624 625
> s.all <- sort(c(as.numeric(row.names(xstart)),setdiff(1:N,as.numeric(row.names(xstart)))))
> s.all2 <- sort(c(as.numeric(row.names(xstart)),as.numeric(row.names(xcan))))
> all.equal(1:N,s.all)
[1] TRUE
> all.equal(1:N,s.all2)
[1] TRUE
> nrow(xstart)
[1] 200
> nrow(xstart)-n1 
[1] 196
> nleft
[1] 196
> M.COUNT[nleft,]
  [1] 1 1 1 1 1 1 1 1 1 1 1 1 1 1 1 1 1 1 1 1 1 1 1 1 1 1 1 1 1 1 1 1 1 1 1 1 1 1 1 1 1 1 1 1 1 1 1 1 1 1 1 1 1 1 1 1 1 1 1 1 1 1 1 1 1 1 1
 [68] 1 1 1 1 1 1 1 1 1 1 1 1 1 1 1 1 1 1 1 1 1 1 1 1 1 1 1 1 1 1 1 1 1
> M.COUNT <- M.COUNT[1:(nrow(xstart)-n1),]
> dim(M.COUNT)
[1] 196 100
> M.COUNT[nrow(xstart)-n1,]
  [1] 1 1 1 1 1 1 1 1 1 1 1 1 1 1 1 1 1 1 1 1 1 1 1 1 1 1 1 1 1 1 1 1 1 1 1 1 1 1 1 1 1 1 1 1 1 1 1 1 1 1 1 1 1 1 1 1 1 1 1 1 1 1 1 1 1 1 1
 [68] 1 1 1 1 1 1 1 1 1 1 1 1 1 1 1 1 1 1 1 1 1 1 1 1 1 1 1 1 1 1 1 1 1
> av.hit.iter <- apply(M.COUNT,1,mean)
> av.hit.run <- apply(M.COUNT,2,mean)
> av.hit.iter
  [1] 0.63 0.61 0.58 0.63 0.67 0.62 0.66 0.75 0.74 0.72 0.75 0.78 0.85 0.70 0.83 0.81 0.78 0.84 0.80 0.85 0.82 0.93 0.87 0.89 0.84 0.85 0.87
 [28] 0.85 0.92 0.91 0.95 0.90 0.93 0.95 0.96 0.92 0.92 0.96 0.97 0.94 0.96 0.97 0.96 0.93 1.00 0.93 0.98 0.96 0.93 0.97 0.97 0.97 0.98 0.98
 [55] 1.00 0.97 0.95 0.97 0.97 1.00 0.98 0.99 0.98 0.99 0.99 0.97 1.00 0.99 0.97 0.99 0.98 1.00 0.97 0.98 1.00 1.00 1.00 1.00 1.00 0.99 0.99
 [82] 1.00 1.00 0.99 1.00 0.99 1.00 0.99 1.00 0.99 1.00 0.99 0.99 0.99 0.99 1.00 0.99 1.00 1.00 1.00 0.99 1.00 1.00 1.00 1.00 1.00 1.00 1.00
[109] 1.00 1.00 1.00 0.99 1.00 1.00 1.00 1.00 1.00 0.99 1.00 0.99 1.00 1.00 1.00 1.00 1.00 1.00 1.00 1.00 1.00 1.00 1.00 1.00 1.00 1.00 1.00
[136] 1.00 1.00 1.00 1.00 1.00 1.00 1.00 1.00 1.00 1.00 1.00 1.00 1.00 1.00 1.00 1.00 1.00 1.00 1.00 1.00 1.00 1.00 0.99 1.00 1.00 1.00 1.00
[163] 1.00 1.00 1.00 1.00 0.99 1.00 1.00 1.00 1.00 1.00 1.00 1.00 1.00 1.00 1.00 1.00 1.00 1.00 1.00 1.00 1.00 1.00 1.00 1.00 1.00 1.00 1.00
[190] 1.00 1.00 1.00 1.00 1.00 1.00 1.00
> av.hit.run
  [1] 0.9795918 0.9693878 0.9795918 0.9540816 0.9693878 0.9591837 0.9489796 0.9642857 0.9489796 0.9744898 0.9234694 0.9693878 0.9489796
 [14] 0.9642857 0.9489796 0.9642857 0.9591837 0.9489796 0.9642857 0.9693878 0.9591837 0.9693878 0.9540816 0.9540816 0.9693878 0.9540816
 [27] 0.9591837 0.9540816 0.9642857 0.9540816 0.9795918 0.9693878 0.9438776 0.9387755 0.9489796 0.9489796 0.9540816 0.9642857 0.9591837
 [40] 0.9744898 0.9744898 0.9642857 0.9489796 0.9489796 0.9387755 0.9489796 0.9846939 0.9489796 0.9591837 0.9642857 0.9489796 0.9591837
 [53] 0.9489796 0.9642857 0.9489796 0.9744898 0.9387755 0.9642857 0.9336735 0.9489796 0.9591837 0.9591837 0.9540816 0.9387755 0.9540816
 [66] 0.9642857 0.9591837 0.9336735 0.9489796 0.9540816 0.9438776 0.9489796 0.9336735 0.9846939 0.9489796 0.9540816 0.9693878 0.9744898
 [79] 0.9642857 0.9540816 0.9489796 0.9591837 0.9438776 0.9438776 0.9489796 0.9897959 0.9693878 0.9642857 0.9693878 0.9744898 0.9591837
 [92] 0.9336735 0.9591837 0.9795918 0.9438776 0.9591837 0.9591837 0.9540816 0.9591837 0.9540816
> dim(M.COUNT)
[1] 196 100
> nrow(M.COUNT)
[1] 196
> length(av.hit.iter)
[1] 196
> E11
  [1] 0.9544485 0.9595198 0.9570238 0.9521514 0.9512751 0.9513430 0.9516989 0.9314296 0.9279487 0.9253984 0.9248027 0.9245675 0.9252786
 [14] 0.9221951 0.9209709 0.9208951 0.9195117 0.9234747 0.9242916 0.9236469 0.9245890 0.9253172 0.9245094 0.9258322 0.9232187 0.9232006
 [27] 0.9219559 0.9238125 0.9245140 0.9253123 0.9260622 0.9306395 0.9298316 0.9307051 0.9294276 0.9301468 0.9311407 0.9283716 0.9250920
 [40] 0.9262560 0.9246901 0.9258614 0.9246459 0.9260321 0.9257705 0.9271696 0.9264709 0.9277196 0.9291743 0.9280056 0.9277587 0.9275646
 [53] 0.9247155 0.9240080 0.9238633 0.9251947 0.9250193 0.9265114 0.9280198 0.9295761 0.9289452 0.9295755 0.9301527 0.9298896 0.9296830
 [66] 0.9289133 0.9297825 0.9310137 0.9316064 0.9325983 0.9334185 0.9347142 0.9317768 0.9316542 0.9327825 0.9325191 0.9324307 0.9312222
 [79] 0.9310981 0.9310305 0.9307584 0.9306727 0.9319618 0.9332780 0.9302721 0.9301440 0.9271210 0.9269864 0.9257633 0.9217292 0.9214998
 [92] 0.9212041 0.9209078 0.9197753 0.9196842 0.9193991 0.9192892 0.9205935 0.9175143 0.9172067 0.9155145 0.9168299 0.9165221 0.9162744
[105] 0.9173039 0.9181503 0.9190602 0.9193879 0.9192936 0.9191807 0.9155278 0.9143464 0.9121812 0.9118547 0.9115271 0.9112641 0.9111522
[118] 0.9110213 0.9077699 0.9064966 0.9062038 0.9060940 0.9074373 0.9072015 0.9069810 0.9066360 0.9033510 0.9031488 0.9027942 0.9025309
[131] 0.9023996 0.9022802 0.9019236 0.8975119 0.8988796 0.9002440 0.8999463 0.8995782 0.8992093 0.8989072 0.9002863 0.8968851 0.8966631
[144] 0.8963791 0.8950756 0.8947439 0.8912670 0.8876201 0.8873470 0.8870728 0.8866901 0.8865311 0.8864808 0.8860721 0.8856611 0.8852718
[157] 0.8839248 0.8836752 0.8835073 0.8834497 0.8830273 0.8826039 0.8822503 0.8786512 0.8786798 0.8783815 0.8784776 0.8791840 0.8806139
[170] 0.8820503 0.8816892 0.8762902 0.8662912 0.8658429 0.8672530 0.8667808 0.8663066 0.8677305 0.8691608 0.8705944 0.8701487 0.8702293
[183] 0.8709411 0.8707344 0.8706442 0.8691739 0.8688736 0.8635567 0.8594609 0.8610238 0.8605455 0.8600401 0.8595325 0.8590475 0.8605078
[196] 0.8619784
> E12
  [1] 0.9548804 0.9601290 0.9577023 0.9530397 0.9524027 0.9524825 0.9530263 0.9334692 0.9303560 0.9280829 0.9276381 0.9275947 0.9282506
 [14] 0.9254578 0.9242746 0.9242984 0.9230129 0.9268361 0.9275994 0.9269410 0.9278268 0.9285865 0.9276619 0.9290506 0.9265900 0.9266548
 [27] 0.9253089 0.9273203 0.9279032 0.9288751 0.9295128 0.9346084 0.9335891 0.9343293 0.9328510 0.9334132 0.9345062 0.9319373 0.9296773
 [40] 0.9308123 0.9294048 0.9306434 0.9294182 0.9307707 0.9305711 0.9319560 0.9310590 0.9323177 0.9337940 0.9324472 0.9322278 0.9320406
 [53] 0.9294342 0.9287046 0.9287616 0.9300922 0.9303383 0.9318394 0.9333564 0.9349156 0.9340853 0.9346777 0.9352276 0.9350013 0.9348047
 [66] 0.9338419 0.9346509 0.9358712 0.9364328 0.9372932 0.9380384 0.9393192 0.9366226 0.9367144 0.9379557 0.9377299 0.9376249 0.9362425
 [79] 0.9361383 0.9358566 0.9356068 0.9355031 0.9367668 0.9380541 0.9352947 0.9353861 0.9326115 0.9326982 0.9312947 0.9278117 0.9276107
 [92] 0.9273399 0.9270696 0.9257497 0.9254406 0.9251879 0.9250607 0.9263400 0.9235153 0.9232272 0.9219175 0.9232086 0.9229437 0.9227096
[105] 0.9236017 0.9243708 0.9251285 0.9253657 0.9250475 0.9249168 0.9218482 0.9204728 0.9188567 0.9185515 0.9182524 0.9179979 0.9176600
[118] 0.9175125 0.9145278 0.9133140 0.9130547 0.9129267 0.9142457 0.9141445 0.9139663 0.9136431 0.9106301 0.9106704 0.9103468 0.9102265
[131] 0.9098643 0.9097254 0.9094156 0.9049062 0.9062492 0.9075898 0.9073023 0.9069573 0.9066133 0.9063204 0.9076760 0.9045562 0.9045850
[144] 0.9044491 0.9029419 0.9026447 0.8994530 0.8962785 0.8960536 0.8958276 0.8954754 0.8950790 0.8950068 0.8946262 0.8942501 0.8938843
[157] 0.8923310 0.8921129 0.8917033 0.8916228 0.8912265 0.8908302 0.8904879 0.8871853 0.8878989 0.8876509 0.8875094 0.8881640 0.8895705
[170] 0.8909836 0.8906357 0.8859399 0.8763398 0.8759193 0.8773102 0.8768701 0.8764290 0.8778327 0.8792430 0.8806570 0.8802388 0.8800756
[183] 0.8807357 0.8802765 0.8801652 0.8784768 0.8782123 0.8739599 0.8699982 0.8715514 0.8711023 0.8706312 0.8701590 0.8697036 0.8711452
[196] 0.8725960
> E22
  [1] 0.9530682 0.9570253 0.9541257 0.9483242 0.9471336 0.9471477 0.9473444 0.9250966 0.9210869 0.9181217 0.9173425 0.9170278 0.9179264
 [14] 0.9144710 0.9131677 0.9130531 0.9115261 0.9157648 0.9166692 0.9160260 0.9171410 0.9179547 0.9172461 0.9186512 0.9158621 0.9158520
 [27] 0.9145887 0.9165365 0.9174079 0.9181901 0.9191420 0.9239825 0.9232020 0.9242334 0.9229838 0.9238825 0.9248453 0.9215595 0.9173869
 [40] 0.9186592 0.9169633 0.9182202 0.9169872 0.9184765 0.9182358 0.9197355 0.9190085 0.9203678 0.9218911 0.9206866 0.9204764 0.9203077
 [53] 0.9170375 0.9163337 0.9160392 0.9174844 0.9171626 0.9187283 0.9203063 0.9219150 0.9212261 0.9219699 0.9226719 0.9224394 0.9222537
 [66] 0.9214700 0.9225202 0.9238593 0.9245765 0.9257110 0.9266598 0.9280715 0.9247116 0.9244287 0.9256352 0.9254037 0.9253467 0.9240932
 [79] 0.9239678 0.9239662 0.9237288 0.9236774 0.9251033 0.9265507 0.9231128 0.9228205 0.9193627 0.9190622 0.9177869 0.9132884 0.9130765
 [92] 0.9128137 0.9125504 0.9113255 0.9112997 0.9110545 0.9109774 0.9124201 0.9088806 0.9086074 0.9065568 0.9080067 0.9077289 0.9075010
[105] 0.9086793 0.9096597 0.9107218 0.9111062 0.9110793 0.9110002 0.9066528 0.9053736 0.9028684 0.9025759 0.9022808 0.9020385 0.9019931
[118] 0.9018948 0.8981748 0.8965944 0.8963305 0.8962426 0.8977281 0.8974286 0.8971947 0.8968835 0.8931108 0.8927301 0.8924066 0.8920813
[131] 0.8920149 0.8919179 0.8915903 0.8867569 0.8882647 0.8897736 0.8894949 0.8891600 0.8888244 0.8885417 0.8900671 0.8861620 0.8857548
[144] 0.8854060 0.8839935 0.8836907 0.8797128 0.8755368 0.8752446 0.8749511 0.8745885 0.8744879 0.8744215 0.8740435 0.8736618 0.8732946
[157] 0.8718264 0.8715655 0.8714568 0.8713828 0.8709918 0.8705997 0.8702631 0.8661276 0.8658302 0.8655080 0.8656855 0.8665115 0.8680878
[170] 0.8696712 0.8693265 0.8629822 0.8520168 0.8515863 0.8531452 0.8527006 0.8522541 0.8538265 0.8554059 0.8569911 0.8565650 0.8567282
[183] 0.8575620 0.8574151 0.8573046 0.8557018 0.8553863 0.8490074 0.8446004 0.8462714 0.8458105 0.8453324 0.8448520 0.8443846 0.8459997
[196] 0.8476239
> E21
  [1] 0.9534617 0.9575637 0.9547232 0.9490994 0.9480207 0.9480418 0.9483280 0.9265986 0.9227989 0.9199931 0.9193002 0.9190696 0.9199207
 [14] 0.9166066 0.9153160 0.9152350 0.9137326 0.9178742 0.9187533 0.9180949 0.9191769 0.9199812 0.9192026 0.9206261 0.9178966 0.9178969
 [27] 0.9166060 0.9186344 0.9194487 0.9203201 0.9212040 0.9261352 0.9252859 0.9262591 0.9249559 0.9257904 0.9268087 0.9236629 0.9199266
 [40] 0.9211866 0.9195391 0.9208079 0.9195568 0.9210292 0.9207949 0.9222816 0.9215090 0.9228683 0.9243994 0.9231691 0.9229610 0.9227865
 [53] 0.9196436 0.9189184 0.9187170 0.9201595 0.9199546 0.9215226 0.9231031 0.9247147 0.9239877 0.9246986 0.9253718 0.9251380 0.9249437
 [66] 0.9241110 0.9251232 0.9264502 0.9271379 0.9282214 0.9291332 0.9305329 0.9272968 0.9271105 0.9283423 0.9281094 0.9280352 0.9267546
 [79] 0.9266420 0.9265787 0.9263374 0.9262704 0.9276766 0.9291039 0.9257927 0.9255994 0.9222693 0.9220687 0.9207629 0.9164602 0.9162426
 [92] 0.9159769 0.9157107 0.9144710 0.9143828 0.9141394 0.9140470 0.9154703 0.9120589 0.9117816 0.9099006 0.9113311 0.9110533 0.9108173
[105] 0.9119427 0.9128850 0.9138932 0.9142512 0.9141602 0.9140655 0.9099812 0.9086864 0.9063693 0.9060732 0.9057758 0.9055244 0.9054146
[118] 0.9053011 0.9017179 0.9002460 0.8999811 0.8998746 0.9013408 0.9010902 0.9008727 0.9005583 0.8969225 0.8966515 0.8963265 0.8960541
[131] 0.8959219 0.8958057 0.8954790 0.8906968 0.8921849 0.8936747 0.8933874 0.8930496 0.8927111 0.8924196 0.8939257 0.8901622 0.8898685
[144] 0.8895746 0.8881472 0.8878436 0.8840117 0.8800355 0.8797625 0.8794882 0.8791229 0.8789541 0.8788866 0.8785069 0.8781249 0.8777533
[157] 0.8762696 0.8760264 0.8758483 0.8757731 0.8753801 0.8749861 0.8746413 0.8706549 0.8706240 0.8703215 0.8704217 0.8712139 0.8727708
[170] 0.8743346 0.8739823 0.8679682 0.8572463 0.8568130 0.8583541 0.8579094 0.8574627 0.8590166 0.8605776 0.8621446 0.8617156 0.8617995
[183] 0.8625992 0.8623803 0.8622698 0.8606515 0.8603561 0.8544411 0.8500763 0.8517514 0.8512882 0.8508104 0.8503305 0.8498607 0.8514577
[196] 0.8530633
> E1.dif
  [1] 0.0004318320 0.0006092515 0.0006784387 0.0008882889 0.0011276080 0.0011394563 0.0013274331 0.0020395239 0.0024073382 0.0026844831
 [11] 0.0028353816 0.0030272313 0.0029720525 0.0032626994 0.0033037529 0.0034033574 0.0035011402 0.0033614040 0.0033078177 0.0032940645
 [21] 0.0032378681 0.0032692543 0.0031524882 0.0032183813 0.0033712826 0.0034541437 0.0033530430 0.0035077638 0.0033892740 0.0035627590
 [31] 0.0034506429 0.0039689035 0.0037574263 0.0036242065 0.0034234063 0.0032663797 0.0033655288 0.0035656916 0.0045852973 0.0045562980
 [41] 0.0047146304 0.0047819830 0.0047722892 0.0047386164 0.0048006142 0.0047864531 0.0045881089 0.0045981184 0.0046196900 0.0044416347
 [51] 0.0044691526 0.0044759667 0.0047186554 0.0046965505 0.0048983589 0.0048974897 0.0053190033 0.0053279809 0.0053366870 0.0053395046
 [61] 0.0051400623 0.0051022165 0.0050749364 0.0051117121 0.0051216215 0.0049286476 0.0048683936 0.0048575012 0.0048264324 0.0046949127
 [71] 0.0046198218 0.0046049387 0.0048458467 0.0050602499 0.0051732080 0.0052107540 0.0051942045 0.0050202452 0.0050401675 0.0048260822
 [81] 0.0048483751 0.0048304297 0.0048049814 0.0047760171 0.0050226054 0.0052421491 0.0054905351 0.0057117807 0.0055313210 0.0060825758
 [91] 0.0061108850 0.0061358808 0.0061617716 0.0059744176 0.0057563506 0.0057887153 0.0057714934 0.0057464183 0.0060010612 0.0060204588
[101] 0.0064030377 0.0063786597 0.0064215881 0.0064351612 0.0062978202 0.0062204825 0.0060682938 0.0059777818 0.0057538351 0.0057360978
[111] 0.0063203828 0.0061263816 0.0066754786 0.0066967627 0.0067252637 0.0067337452 0.0065077711 0.0064912444 0.0067579010 0.0068173831
[121] 0.0068508710 0.0068327564 0.0068084509 0.0069430854 0.0069852653 0.0070071133 0.0072791502 0.0075215886 0.0075525753 0.0076956490
[131] 0.0074647022 0.0074451748 0.0074920186 0.0073942990 0.0073696352 0.0073457937 0.0073560177 0.0073791752 0.0074039997 0.0074132847
[141] 0.0073897065 0.0076710449 0.0079219063 0.0080699475 0.0078662428 0.0079008216 0.0081859655 0.0086583835 0.0087065310 0.0087548842
[151] 0.0087853025 0.0085478764 0.0085259879 0.0085540647 0.0085890272 0.0086125379 0.0084061421 0.0084377212 0.0081959423 0.0081730597
[161] 0.0081991696 0.0082263042 0.0082376129 0.0085341268 0.0092191428 0.0092693846 0.0090318240 0.0089800076 0.0089566374 0.0089333587
[171] 0.0089464397 0.0096497363 0.0100485941 0.0100764052 0.0100571745 0.0100893022 0.0101223386 0.0101022370 0.0100822179 0.0100626105
[181] 0.0100901158 0.0098463074 0.0097945815 0.0095420824 0.0095209930 0.0093029477 0.0093387229 0.0104032758 0.0105372669 0.0105276170
[191] 0.0105568711 0.0105911121 0.0106264999 0.0106561134 0.0106373407 0.0106175981
> E2.dif
  [1] 0.0003935507 0.0005384177 0.0005975612 0.0007752871 0.0008871072 0.0008941227 0.0009836218 0.0015020342 0.0017119800 0.0018713762
 [11] 0.0019576143 0.0020417529 0.0019942690 0.0021356056 0.0021483036 0.0021819431 0.0022064639 0.0021094327 0.0020840644 0.0020688485
 [21] 0.0020358868 0.0020265321 0.0019565152 0.0019749653 0.0020344730 0.0020449034 0.0020172182 0.0020979291 0.0020407649 0.0021299678
 [31] 0.0020619637 0.0021526342 0.0020839018 0.0020257189 0.0019720409 0.0019079464 0.0019633857 0.0021034193 0.0025396172 0.0025273833
 [41] 0.0025757869 0.0025876880 0.0025696005 0.0025526836 0.0025591319 0.0025461466 0.0025005667 0.0025005160 0.0025083171 0.0024824732
 [51] 0.0024846367 0.0024788527 0.0026061563 0.0025846516 0.0026778152 0.0026750545 0.0027920793 0.0027942226 0.0027967554 0.0027996863
 [61] 0.0027616036 0.0027286302 0.0026999440 0.0026986474 0.0026899665 0.0026410042 0.0026030194 0.0025909341 0.0025613738 0.0025104667
 [71] 0.0024733788 0.0024613360 0.0025851783 0.0026818006 0.0027071241 0.0027057000 0.0026885465 0.0026613535 0.0026741517 0.0026125563
 [81] 0.0026086134 0.0025929348 0.0025733016 0.0025531153 0.0026799214 0.0027789221 0.0029066293 0.0030064271 0.0029759776 0.0031717643
 [91] 0.0031661504 0.0031632225 0.0031603120 0.0031455094 0.0030831293 0.0030848602 0.0030696147 0.0030502106 0.0031782950 0.0031741853
[101] 0.0033438532 0.0033244188 0.0033243703 0.0033162978 0.0032633875 0.0032253114 0.0031713992 0.0031450203 0.0030809436 0.0030653017
[111] 0.0033283671 0.0033128461 0.0035008375 0.0034973191 0.0034950201 0.0034859535 0.0034215400 0.0034063250 0.0035431388 0.0036516109
[121] 0.0036506175 0.0036320074 0.0036127683 0.0036615923 0.0036780231 0.0036747525 0.0038117287 0.0039213994 0.0039198986 0.0039727758
[131] 0.0039070331 0.0038877721 0.0038887196 0.0039398655 0.0039202238 0.0039011047 0.0038924940 0.0038895846 0.0038867315 0.0038779759
[141] 0.0038585917 0.0040002296 0.0041137317 0.0041685616 0.0041537413 0.0041528460 0.0042988989 0.0044987385 0.0045178878 0.0045371215
[151] 0.0045343539 0.0044662114 0.0044651403 0.0044634373 0.0044630371 0.0044587656 0.0044431588 0.0044608834 0.0043915488 0.0043903122
[161] 0.0043883365 0.0043863827 0.0043782399 0.0045272596 0.0047937983 0.0048135283 0.0047361440 0.0047024503 0.0046829817 0.0046634404
[171] 0.0046557686 0.0049859772 0.0052294285 0.0052266901 0.0052088918 0.0052087145 0.0052085902 0.0051901679 0.0051716886 0.0051535341
[181] 0.0051505412 0.0050712804 0.0050371986 0.0049652165 0.0049652247 0.0049497382 0.0049698125 0.0054336363 0.0054758991 0.0054799331
[191] 0.0054776273 0.0054780339 0.0054784788 0.0054761064 0.0054580580 0.0054394447
> SUM.E1E2
  [1] 0.0008253827 0.0011476692 0.0012759999 0.0016635759 0.0020147152 0.0020335790 0.0023110549 0.0035415581 0.0041193183 0.0045558594
 [11] 0.0047929959 0.0050689841 0.0049663214 0.0053983050 0.0054520565 0.0055853005 0.0057076041 0.0054708367 0.0053918821 0.0053629129
 [21] 0.0052737549 0.0052957864 0.0051090035 0.0051933467 0.0054057556 0.0054990471 0.0053702612 0.0056056929 0.0054300389 0.0056927268
 [31] 0.0055126066 0.0061215377 0.0058413281 0.0056499254 0.0053954472 0.0051743261 0.0053289145 0.0056691109 0.0071249145 0.0070836812
 [41] 0.0072904173 0.0073696710 0.0073418897 0.0072913000 0.0073597461 0.0073325996 0.0070886756 0.0070986345 0.0071280070 0.0069241080
 [51] 0.0069537893 0.0069548193 0.0073248117 0.0072812021 0.0075761741 0.0075725442 0.0081110826 0.0081222035 0.0081334425 0.0081391908
 [61] 0.0079016658 0.0078308467 0.0077748804 0.0078103595 0.0078115880 0.0075696519 0.0074714130 0.0074484353 0.0073878061 0.0072053795
 [71] 0.0070932006 0.0070662748 0.0074310249 0.0077420505 0.0078803321 0.0079164541 0.0078827510 0.0076815987 0.0077143192 0.0074386385
 [81] 0.0074569885 0.0074233645 0.0073782830 0.0073291324 0.0077025268 0.0080210712 0.0083971644 0.0087182078 0.0085072986 0.0092543401
 [91] 0.0092770355 0.0092991034 0.0093220836 0.0091199270 0.0088394800 0.0088735756 0.0088411081 0.0087966289 0.0091793562 0.0091946441
[101] 0.0097468909 0.0097030785 0.0097459584 0.0097514590 0.0095612077 0.0094457939 0.0092396930 0.0091228021 0.0088347787 0.0088013995
[111] 0.0096487499 0.0094392277 0.0101763161 0.0101940818 0.0102202838 0.0102196987 0.0099293111 0.0098975694 0.0103010398 0.0104689940
[121] 0.0105014885 0.0104647638 0.0104212192 0.0106046777 0.0106632884 0.0106818658 0.0110908789 0.0114429880 0.0114724739 0.0116684248
[131] 0.0113717353 0.0113329469 0.0113807382 0.0113341645 0.0112898590 0.0112468984 0.0112485117 0.0112687598 0.0112907312 0.0112912605
[141] 0.0112482982 0.0116712745 0.0120356381 0.0122385091 0.0120199841 0.0120536676 0.0124848644 0.0131571220 0.0132244188 0.0132920057
[151] 0.0133196564 0.0130140878 0.0129911282 0.0130175020 0.0130520644 0.0130713035 0.0128493009 0.0128986046 0.0125874911 0.0125633719
[161] 0.0125875062 0.0126126869 0.0126158528 0.0130613864 0.0140129411 0.0140829129 0.0137679680 0.0136824580 0.0136396191 0.0135967991
[171] 0.0136022083 0.0146357134 0.0152780226 0.0153030953 0.0152660663 0.0152980168 0.0153309288 0.0152924049 0.0152539065 0.0152161446
[181] 0.0152406570 0.0149175878 0.0148317802 0.0145072988 0.0144862177 0.0142526859 0.0143085354 0.0158369120 0.0160131660 0.0160075501
[191] 0.0160344983 0.0160691460 0.0161049786 0.0161322198 0.0160953987 0.0160570428
> int.hit.n <- c(1,2,3,4,5,6,16,36,76,116,156,length(av.hit.iter))
> int.hit.n
 [1]   1   2   3   4   5   6  16  36  76 116 156 196
> av.hit.iter[int.hit.n]
 [1] 0.63 0.61 0.58 0.63 0.67 0.62 0.81 0.92 1.00 1.00 1.00 1.00
> E11[int.hit.n]
 [1] 0.9544485 0.9595198 0.9570238 0.9521514 0.9512751 0.9513430 0.9208951 0.9301468 0.9325191 0.9112641 0.8852718 0.8619784
> E12[int.hit.n]
 [1] 0.9548804 0.9601290 0.9577023 0.9530397 0.9524027 0.9524825 0.9242984 0.9334132 0.9377299 0.9179979 0.8938843 0.8725960
> E22[int.hit.n]
 [1] 0.9530682 0.9570253 0.9541257 0.9483242 0.9471336 0.9471477 0.9130531 0.9238825 0.9254037 0.9020385 0.8732946 0.8476239
> E21[int.hit.n]
 [1] 0.9534617 0.9575637 0.9547232 0.9490994 0.9480207 0.9480418 0.9152350 0.9257904 0.9281094 0.9055244 0.8777533 0.8530633
> E1.dif[int.hit.n]
 [1] 0.0004318320 0.0006092515 0.0006784387 0.0008882889 0.0011276080 0.0011394563 0.0034033574 0.0032663797 0.0052107540 0.0067337452
[11] 0.0086125379 0.0106175981
> E2.dif[int.hit.n]
 [1] 0.0003935507 0.0005384177 0.0005975612 0.0007752871 0.0008871072 0.0008941227 0.0021819431 0.0019079464 0.0027057000 0.0034859535
[11] 0.0044587656 0.0054394447
> SUM.E1E2[int.hit.n]
 [1] 0.0008253827 0.0011476692 0.0012759999 0.0016635759 0.0020147152 0.0020335790 0.0055853005 0.0051743261 0.0079164541 0.0102196987
[11] 0.0130713035 0.0160570428
> round(E11[int.hit.n],digits=5)
 [1] 0.95445 0.95952 0.95702 0.95215 0.95128 0.95134 0.92090 0.93015 0.93252 0.91126 0.88527 0.86198
> round(E12[int.hit.n],digits=5)
 [1] 0.95488 0.96013 0.95770 0.95304 0.95240 0.95248 0.92430 0.93341 0.93773 0.91800 0.89388 0.87260
> round(E22[int.hit.n],digits=5)
 [1] 0.95307 0.95703 0.95413 0.94832 0.94713 0.94715 0.91305 0.92388 0.92540 0.90204 0.87329 0.84762
> round(E21[int.hit.n],digits=5)
 [1] 0.95346 0.95756 0.95472 0.94910 0.94802 0.94804 0.91524 0.92579 0.92811 0.90552 0.87775 0.85306
> round(E1.dif[int.hit.n],digits=5)
 [1] 0.00043 0.00061 0.00068 0.00089 0.00113 0.00114 0.00340 0.00327 0.00521 0.00673 0.00861 0.01062
> round(E2.dif[int.hit.n],digits=5)
 [1] 0.00039 0.00054 0.00060 0.00078 0.00089 0.00089 0.00218 0.00191 0.00271 0.00349 0.00446 0.00544
> round(SUM.E1E2[int.hit.n],digits=5)
 [1] 0.00083 0.00115 0.00128 0.00166 0.00201 0.00203 0.00559 0.00517 0.00792 0.01022 0.01307 0.01606
> ##########################################################
> sel.iter <- c(1,2,3,4,5,6,16,26,36,46)
> av.hit.iter[sel.iter]
 [1] 0.63 0.61 0.58 0.63 0.67 0.62 0.81 0.85 0.92 0.93
> E11[sel.iter]
 [1] 0.9544485 0.9595198 0.9570238 0.9521514 0.9512751 0.9513430 0.9208951 0.9232006 0.9301468 0.9271696
> E12[sel.iter]
 [1] 0.9548804 0.9601290 0.9577023 0.9530397 0.9524027 0.9524825 0.9242984 0.9266548 0.9334132 0.9319560
> E22[sel.iter]
 [1] 0.9530682 0.9570253 0.9541257 0.9483242 0.9471336 0.9471477 0.9130531 0.9158520 0.9238825 0.9197355
> E21[sel.iter]
 [1] 0.9534617 0.9575637 0.9547232 0.9490994 0.9480207 0.9480418 0.9152350 0.9178969 0.9257904 0.9222816
> E1.dif[sel.iter]
 [1] 0.0004318320 0.0006092515 0.0006784387 0.0008882889 0.0011276080 0.0011394563 0.0034033574 0.0034541437 0.0032663797 0.0047864531
> E2.dif[sel.iter]
 [1] 0.0003935507 0.0005384177 0.0005975612 0.0007752871 0.0008871072 0.0008941227 0.0021819431 0.0020449034 0.0019079464 0.0025461466
> SUM.E1E2[sel.iter]
 [1] 0.0008253827 0.0011476692 0.0012759999 0.0016635759 0.0020147152 0.0020335790 0.0055853005 0.0054990471 0.0051743261 0.0073325996
> round(av.hit.iter[sel.iter],digits=5)
 [1] 0.63 0.61 0.58 0.63 0.67 0.62 0.81 0.85 0.92 0.93
> round(E11[sel.iter],digits=5)
 [1] 0.95445 0.95952 0.95702 0.95215 0.95128 0.95134 0.92090 0.92320 0.93015 0.92717
> round(E12[sel.iter],digits=5)
 [1] 0.95488 0.96013 0.95770 0.95304 0.95240 0.95248 0.92430 0.92665 0.93341 0.93196
> round(E22[sel.iter],digits=5)
 [1] 0.95307 0.95703 0.95413 0.94832 0.94713 0.94715 0.91305 0.91585 0.92388 0.91974
> round(E21[sel.iter],digits=5)
 [1] 0.95346 0.95756 0.95472 0.94910 0.94802 0.94804 0.91524 0.91790 0.92579 0.92228
> round(E1.dif[sel.iter],digits=5)
 [1] 0.00043 0.00061 0.00068 0.00089 0.00113 0.00114 0.00340 0.00345 0.00327 0.00479
> round(E2.dif[sel.iter],digits=5)
 [1] 0.00039 0.00054 0.00060 0.00078 0.00089 0.00089 0.00218 0.00204 0.00191 0.00255
> round(SUM.E1E2[sel.iter],digits=5)
 [1] 0.00083 0.00115 0.00128 0.00166 0.00201 0.00203 0.00559 0.00550 0.00517 0.00733
> length(CRIT.vec)
[1] 200
> CRIT.vec <- CRIT.vec[1:nrow(xstart)]
> length(CRIT.vec)
[1] 200
> CRIT.vec
  [1] 4.335966e-06 4.335966e-06 4.335966e-06 4.335966e-06 3.193095e-01 7.761624e-01 1.072773e+00 1.424157e+00 1.818304e+00 2.252366e+00
 [11] 2.708724e+00 3.262485e+00 3.788805e+00 4.356847e+00 4.963819e+00 5.612991e+00 6.298094e+00 7.022656e+00 7.758068e+00 8.538449e+00
 [21] 9.354941e+00 1.023574e+01 1.112222e+01 1.205859e+01 1.302320e+01 1.402752e+01 1.508323e+01 1.615902e+01 1.727839e+01 1.842033e+01
 [31] 1.960882e+01 2.088400e+01 2.213588e+01 2.342636e+01 2.476864e+01 2.633461e+01 2.773165e+01 2.917355e+01 3.063254e+01 3.213639e+01
 [41] 3.363003e+01 3.517635e+01 3.683617e+01 3.848738e+01 4.019032e+01 4.189698e+01 4.365352e+01 4.541720e+01 4.722964e+01 4.907082e+01
 [51] 5.092051e+01 5.281778e+01 5.475447e+01 5.673982e+01 5.875863e+01 6.083192e+01 6.285574e+01 6.492842e+01 6.703710e+01 6.919450e+01
 [61] 7.148473e+01 7.373803e+01 7.603542e+01 7.837264e+01 8.074386e+01 8.315205e+01 8.561082e+01 8.807691e+01 9.059488e+01 9.302892e+01
 [71] 9.550784e+01 9.801917e+01 1.005823e+02 1.031694e+02 1.057662e+02 1.084085e+02 1.110378e+02 1.136998e+02 1.164127e+02 1.191254e+02
 [81] 1.218336e+02 1.245733e+02 1.273536e+02 1.301070e+02 1.328871e+02 1.357117e+02 1.385292e+02 1.414012e+02 1.441807e+02 1.470053e+02
 [91] 1.498396e+02 1.527045e+02 1.556109e+02 1.586688e+02 1.616195e+02 1.645930e+02 1.676208e+02 1.705586e+02 1.735178e+02 1.764986e+02
[101] 1.795242e+02 1.825239e+02 1.855485e+02 1.886031e+02 1.917115e+02 1.948026e+02 1.978495e+02 2.009483e+02 2.039940e+02 2.070787e+02
[111] 2.101774e+02 2.132962e+02 2.163761e+02 2.194916e+02 2.227138e+02 2.259134e+02 2.295079e+02 2.327306e+02 2.359698e+02 2.392635e+02
[121] 2.424053e+02 2.455620e+02 2.487522e+02 2.519901e+02 2.552526e+02 2.585474e+02 2.618250e+02 2.651477e+02 2.684669e+02 2.718287e+02
[131] 2.751175e+02 2.784381e+02 2.817692e+02 2.851298e+02 2.884812e+02 2.918675e+02 2.952454e+02 2.987320e+02 3.021342e+02 3.055373e+02
[141] 3.089525e+02 3.123584e+02 3.157763e+02 3.191952e+02 3.226684e+02 3.260158e+02 3.293846e+02 3.327757e+02 3.361910e+02 3.396183e+02
[151] 3.430813e+02 3.466917e+02 3.501865e+02 3.537128e+02 3.572029e+02 3.606988e+02 3.642162e+02 3.677600e+02 3.712621e+02 3.748187e+02
[161] 3.783383e+02 3.818932e+02 3.854250e+02 3.890010e+02 3.924871e+02 3.960275e+02 3.995521e+02 4.031013e+02 4.066983e+02 4.102898e+02
[171] 4.138529e+02 4.174481e+02 4.209807e+02 4.245322e+02 4.280724e+02 4.317779e+02 4.357508e+02 4.393396e+02 4.429773e+02 4.466163e+02
[181] 4.502600e+02 4.538999e+02 4.575447e+02 4.611907e+02 4.648855e+02 4.684732e+02 4.721049e+02 4.757049e+02 4.793437e+02 4.829443e+02
[191] 4.865837e+02 4.903317e+02 4.940858e+02 4.978425e+02 5.015310e+02 5.052519e+02 5.089122e+02 5.126174e+02 5.162783e+02 5.199841e+02
> xstart
         Var1      Var2
555 1.6666667  9.166667
476 0.0000000  7.916667
530 1.6666667  8.750000
531 2.0833333  8.750000
556 2.0833333  9.166667
502 0.4166667  8.333333
430 1.6666667  7.083333
431 2.0833333  7.083333
405 1.6666667  6.666667
406 2.0833333  6.666667
532 2.5000000  8.750000
404 1.2500000  6.666667
451 0.0000000  7.500000
506 2.0833333  8.333333
452 0.4166667  7.500000
507 2.5000000  8.333333
527 0.4166667  8.750000
426 0.0000000  7.083333
427 0.4166667  7.083333
428 0.8333333  7.083333
432 2.5000000  7.083333
403 0.8333333  6.666667
402 0.4166667  6.666667
529 1.2500000  8.750000
528 0.8333333  8.750000
456 2.0833333  7.500000
553 0.8333333  9.166667
554 1.2500000  9.166667
457 2.5000000  7.500000
482 2.5000000  7.916667
477 0.4166667  7.916667
481 2.0833333  7.916667
379 1.2500000  6.250000
380 1.6666667  6.250000
483 2.9166667  7.916667
458 2.9166667  7.500000
381 2.0833333  6.250000
503 0.8333333  8.333333
508 2.9166667  8.333333
407 2.5000000  6.666667
505 1.6666667  8.333333
429 1.2500000  7.083333
433 2.9166667  7.083333
504 1.2500000  8.333333
557 2.5000000  9.166667
478 0.8333333  7.916667
453 0.8333333  7.500000
382 2.5000000  6.250000
408 2.9166667  6.666667
533 2.9166667  8.750000
484 3.3333333  7.916667
580 1.6666667  9.583333
459 3.3333333  7.500000
454 1.2500000  7.500000
581 2.0833333  9.583333
509 3.3333333  8.333333
579 1.2500000  9.583333
455 1.6666667  7.500000
479 1.2500000  7.916667
480 1.6666667  7.916667
558 2.9166667  9.166667
582 2.5000000  9.583333
434 3.3333333  7.083333
534 3.3333333  8.750000
559 3.3333333  9.166667
583 2.9166667  9.583333
606 2.0833333 10.000000
485 3.7500000  7.916667
510 3.7500000  8.333333
607 2.5000000 10.000000
535 3.7500000  8.750000
460 3.7500000  7.500000
378 0.8333333  6.250000
383 2.9166667  6.250000
409 3.3333333  6.666667
584 3.3333333  9.583333
435 3.7500000  7.083333
560 3.7500000  9.166667
608 2.9166667 10.000000
356 2.0833333  5.833333
355 1.6666667  5.833333
486 4.1666667  7.916667
511 4.1666667  8.333333
410 3.7500000  6.666667
384 3.3333333  6.250000
357 2.5000000  5.833333
461 4.1666667  7.500000
354 1.2500000  5.833333
536 4.1666667  8.750000
436 4.1666667  7.083333
358 2.9166667  5.833333
385 3.7500000  6.250000
377 0.4166667  6.250000
359 3.3333333  5.833333
353 0.8333333  5.833333
401 0.0000000  6.666667
331 2.0833333  5.416667
411 4.1666667  6.666667
332 2.5000000  5.416667
330 1.6666667  5.416667
333 2.9166667  5.416667
329 1.2500000  5.416667
585 3.7500000  9.583333
561 4.1666667  9.166667
462 4.5833333  7.500000
487 4.5833333  7.916667
360 3.7500000  5.833333
386 4.1666667  6.250000
512 4.5833333  8.333333
437 4.5833333  7.083333
609 3.3333333 10.000000
334 3.3333333  5.416667
412 4.5833333  6.666667
537 4.5833333  8.750000
586 4.1666667  9.583333
463 5.0000000  7.500000
361 4.1666667  5.833333
488 5.0000000  7.916667
387 4.5833333  6.250000
562 4.5833333  9.166667
513 5.0000000  8.333333
438 5.0000000  7.083333
335 3.7500000  5.416667
307 2.5000000  5.000000
306 2.0833333  5.000000
413 5.0000000  6.666667
308 2.9166667  5.000000
352 0.4166667  5.833333
328 0.8333333  5.416667
309 3.3333333  5.000000
305 1.6666667  5.000000
336 4.1666667  5.416667
362 4.5833333  5.833333
610 3.7500000 10.000000
538 5.0000000  8.750000
388 5.0000000  6.250000
310 3.7500000  5.000000
304 1.2500000  5.000000
376 0.0000000  6.250000
464 5.4166667  7.500000
489 5.4166667  7.916667
439 5.4166667  7.083333
337 4.5833333  5.416667
363 5.0000000  5.833333
283 2.9166667  4.583333
282 2.5000000  4.583333
311 4.1666667  5.000000
281 2.0833333  4.583333
414 5.4166667  6.666667
284 3.3333333  4.583333
514 5.4166667  8.333333
587 4.5833333  9.583333
563 5.0000000  9.166667
389 5.4166667  6.250000
285 3.7500000  4.583333
280 1.6666667  4.583333
338 5.0000000  5.416667
312 4.5833333  5.000000
327 0.4166667  5.416667
303 0.8333333  5.000000
364 5.4166667  5.833333
286 4.1666667  4.583333
279 1.2500000  4.583333
258 2.9166667  4.166667
257 2.5000000  4.166667
259 3.3333333  4.166667
539 5.4166667  8.750000
440 5.8333333  7.083333
465 5.8333333  7.500000
415 5.8333333  6.666667
313 5.0000000  5.000000
490 5.8333333  7.916667
339 5.4166667  5.416667
287 4.5833333  4.583333
390 5.8333333  6.250000
256 2.0833333  4.166667
260 3.7500000  4.166667
365 5.8333333  5.833333
261 4.1666667  4.166667
501 0.0000000  8.333333
351 0.0000000  5.833333
255 1.6666667  4.166667
302 0.4166667  5.000000
278 0.8333333  4.583333
288 5.0000000  4.583333
314 5.4166667  5.000000
233 2.9166667  3.750000
232 2.5000000  3.750000
234 3.3333333  3.750000
262 4.5833333  4.166667
254 1.2500000  4.166667
235 3.7500000  3.750000
231 2.0833333  3.750000
326 0.0000000  5.416667
515 5.8333333  8.333333
340 5.8333333  5.416667
236 4.1666667  3.750000
230 1.6666667  3.750000
611 4.1666667 10.000000
605 1.6666667 10.000000