user  system elapsed 
 688.71    7.80  698.99 
> #-----------------------------------------------------------------------------------------------
> as.numeric(row.names(xstart))
  [1] 193 610 296 608 295 609 244 611 151 660 559 194 346 659 294 245 558 661 397 243 203 150 345 711 202 710 712 396 201 254 192 253 293
 [34] 761 344 149 242 395 447 200 252 762 662 560 753 713 763 805 754 806 702 755 703 701 304 251 305 343 303 812 292 446 394  98 612 199
 [67] 807 250 302 148 191 355 756 704 651 354 858 652 499 507 498 508 356 650 142 406 600 405 601 457 353 653 549 301 456 705 509 550 497
[100] 141 602 407 599  97 548 458 147 198 808 561  96 654 445 510 143 859 757 496 459 195 760 408 547 146 809 706 144 709 810 758 811  95
[133] 759 357 246 249 707 708 197 598 145 196 658 306 248  94 247  93 860 649 861 495  92 444 546 655 393 657  91 656 597 557 241  43  44
[166] 342  42  45 607 291 506 404 140 700 752 190 455  90 857 804 813  41 862 443 240 648 300 392 494 352 856 341 297 545 606 803 751 556
[199]  40  99
> setdiff(1:N,as.numeric(row.names(xstart)))
   [1]    1    2    3    4    5    6    7    8    9   10   11   12   13   14   15   16   17   18   19   20   21   22   23   24   25   26
  [27]   27   28   29   30   31   32   33   34   35   36   37   38   39   46   47   48   49   50   51   52   53   54   55   56   57   58
  [53]   59   60   61   62   63   64   65   66   67   68   69   70   71   72   73   74   75   76   77   78   79   80   81   82   83   84
  [79]   85   86   87   88   89  100  101  102  103  104  105  106  107  108  109  110  111  112  113  114  115  116  117  118  119  120
 [105]  121  122  123  124  125  126  127  128  129  130  131  132  133  134  135  136  137  138  139  152  153  154  155  156  157  158
 [131]  159  160  161  162  163  164  165  166  167  168  169  170  171  172  173  174  175  176  177  178  179  180  181  182  183  184
 [157]  185  186  187  188  189  204  205  206  207  208  209  210  211  212  213  214  215  216  217  218  219  220  221  222  223  224
 [183]  225  226  227  228  229  230  231  232  233  234  235  236  237  238  239  255  256  257  258  259  260  261  262  263  264  265
 [209]  266  267  268  269  270  271  272  273  274  275  276  277  278  279  280  281  282  283  284  285  286  287  288  289  290  298
 [235]  299  307  308  309  310  311  312  313  314  315  316  317  318  319  320  321  322  323  324  325  326  327  328  329  330  331
 [261]  332  333  334  335  336  337  338  339  340  347  348  349  350  351  358  359  360  361  362  363  364  365  366  367  368  369
 [287]  370  371  372  373  374  375  376  377  378  379  380  381  382  383  384  385  386  387  388  389  390  391  398  399  400  401
 [313]  402  403  409  410  411  412  413  414  415  416  417  418  419  420  421  422  423  424  425  426  427  428  429  430  431  432
 [339]  433  434  435  436  437  438  439  440  441  442  448  449  450  451  452  453  454  460  461  462  463  464  465  466  467  468
 [365]  469  470  471  472  473  474  475  476  477  478  479  480  481  482  483  484  485  486  487  488  489  490  491  492  493  500
 [391]  501  502  503  504  505  511  512  513  514  515  516  517  518  519  520  521  522  523  524  525  526  527  528  529  530  531
 [417]  532  533  534  535  536  537  538  539  540  541  542  543  544  551  552  553  554  555  562  563  564  565  566  567  568  569
 [443]  570  571  572  573  574  575  576  577  578  579  580  581  582  583  584  585  586  587  588  589  590  591  592  593  594  595
 [469]  596  603  604  605  613  614  615  616  617  618  619  620  621  622  623  624  625  626  627  628  629  630  631  632  633  634
 [495]  635  636  637  638  639  640  641  642  643  644  645  646  647  663  664  665  666  667  668  669  670  671  672  673  674  675
 [521]  676  677  678  679  680  681  682  683  684  685  686  687  688  689  690  691  692  693  694  695  696  697  698  699  714  715
 [547]  716  717  718  719  720  721  722  723  724  725  726  727  728  729  730  731  732  733  734  735  736  737  738  739  740  741
 [573]  742  743  744  745  746  747  748  749  750  764  765  766  767  768  769  770  771  772  773  774  775  776  777  778  779  780
 [599]  781  782  783  784  785  786  787  788  789  790  791  792  793  794  795  796  797  798  799  800  801  802  814  815  816  817
 [625]  818  819  820  821  822  823  824  825  826  827  828  829  830  831  832  833  834  835  836  837  838  839  840  841  842  843
 [651]  844  845  846  847  848  849  850  851  852  853  854  855  863  864  865  866  867  868  869  870  871  872  873  874  875  876
 [677]  877  878  879  880  881  882  883  884  885  886  887  888  889  890  891  892  893  894  895  896  897  898  899  900  901  902
 [703]  903  904  905  906  907  908  909  910  911  912  913  914  915  916  917  918  919  920  921  922  923  924  925  926  927  928
 [729]  929  930  931  932  933  934  935  936  937  938  939  940  941  942  943  944  945  946  947  948  949  950  951  952  953  954
 [755]  955  956  957  958  959  960  961  962  963  964  965  966  967  968  969  970  971  972  973  974  975  976  977  978  979  980
 [781]  981  982  983  984  985  986  987  988  989  990  991  992  993  994  995  996  997  998  999 1000 1001 1002 1003 1004 1005 1006
 [807] 1007 1008 1009 1010 1011 1012 1013 1014 1015 1016 1017 1018 1019 1020 1021 1022 1023 1024 1025 1026 1027 1028 1029 1030 1031 1032
 [833] 1033 1034 1035 1036 1037 1038 1039 1040 1041 1042 1043 1044 1045 1046 1047 1048 1049 1050 1051 1052 1053 1054 1055 1056 1057 1058
 [859] 1059 1060 1061 1062 1063 1064 1065 1066 1067 1068 1069 1070 1071 1072 1073 1074 1075 1076 1077 1078 1079 1080 1081 1082 1083 1084
 [885] 1085 1086 1087 1088 1089 1090 1091 1092 1093 1094 1095 1096 1097 1098 1099 1100 1101 1102 1103 1104 1105 1106 1107 1108 1109 1110
 [911] 1111 1112 1113 1114 1115 1116 1117 1118 1119 1120 1121 1122 1123 1124 1125 1126 1127 1128 1129 1130 1131 1132 1133 1134 1135 1136
 [937] 1137 1138 1139 1140 1141 1142 1143 1144 1145 1146 1147 1148 1149 1150 1151 1152 1153 1154 1155 1156 1157 1158 1159 1160 1161 1162
 [963] 1163 1164 1165 1166 1167 1168 1169 1170 1171 1172 1173 1174 1175 1176 1177 1178 1179 1180 1181 1182 1183 1184 1185 1186 1187 1188
 [989] 1189 1190 1191 1192 1193 1194 1195 1196 1197 1198 1199 1200
 [ reached getOption("max.print") -- omitted 1401 entries ]
> s.all <- sort(c(as.numeric(row.names(xstart)),setdiff(1:N,as.numeric(row.names(xstart)))))
> s.all2 <- sort(c(as.numeric(row.names(xstart)),as.numeric(row.names(xcan))))
> all.equal(1:N,s.all)
[1] TRUE
> all.equal(1:N,s.all2)
[1] TRUE
> nrow(xstart)
[1] 200
> nrow(xstart)-n1 
[1] 196
> nleft
[1] 196
> E11 <- E11[1:(nrow(xstart)-n1)]
> E12 <- E12[1:(nrow(xstart)-n1)]
> E22 <- E22[1:(nrow(xstart)-n1)]
> E21 <- E21[1:(nrow(xstart)-n1)]
> E1.dif <- E1.dif[1:(nrow(xstart)-n1)]
> E2.dif <- E2.dif[1:(nrow(xstart)-n1)]
> SUM.E1E2 <- SUM.E1E2[1:(nrow(xstart)-n1)]
> int.hit.n <- c(1,2,3,4,5,6,16,36,76,116,nrow(xstart)-n1)
> int.hit.n
 [1]   1   2   3   4   5   6  16  36  76 116 196
> E11[int.hit.n]
 [1] 0.9542937 0.9529437 0.9473988 0.9439725 0.9428619 0.9388510 0.9376587 0.9307992 0.9047523 0.8990339 0.9189540
> E12[int.hit.n]
 [1] 0.9547602 0.9534383 0.9481363 0.9448783 0.9438120 0.9403972 0.9459389 0.9434794 0.9170910 0.9165538 0.9361096
> E22[int.hit.n]
 [1] 0.9522821 0.9507583 0.9441844 0.9399308 0.9386258 0.9337113 0.9296720 0.9216799 0.8942711 0.8879749 0.9094247
> E21[int.hit.n]
 [1] 0.9527008 0.9511999 0.9448294 0.9407226 0.9394517 0.9348403 0.9328031 0.9255145 0.8982930 0.8928149 0.9140247
> E1.dif[int.hit.n]
 [1] 0.0004664290 0.0004945469 0.0007375176 0.0009058702 0.0009500964 0.0015461312 0.0082801519 0.0126801413 0.0123387101 0.0175198458
[11] 0.0171556407
> E2.dif[int.hit.n]
 [1] 0.0004187425 0.0004416118 0.0006450450 0.0007917914 0.0008259007 0.0011290066 0.0031311690 0.0038345761 0.0040218948 0.0048399645
[11] 0.0045999721
> SUM.E1E2[int.hit.n]
 [1] 0.0008851714 0.0009361588 0.0013825627 0.0016976616 0.0017759971 0.0026751378 0.0114113209 0.0165147174 0.0163606049 0.0223598103
[11] 0.0217556128
> round(E11[int.hit.n],digits=5)
 [1] 0.95429 0.95294 0.94740 0.94397 0.94286 0.93885 0.93766 0.93080 0.90475 0.89903 0.91895
> round(E12[int.hit.n],digits=5)
 [1] 0.95476 0.95344 0.94814 0.94488 0.94381 0.94040 0.94594 0.94348 0.91709 0.91655 0.93611
> round(E22[int.hit.n],digits=5)
 [1] 0.95228 0.95076 0.94418 0.93993 0.93863 0.93371 0.92967 0.92168 0.89427 0.88797 0.90942
> round(E21[int.hit.n],digits=5)
 [1] 0.95270 0.95120 0.94483 0.94072 0.93945 0.93484 0.93280 0.92551 0.89829 0.89281 0.91402
> round(E1.dif[int.hit.n],digits=5)
 [1] 0.00047 0.00049 0.00074 0.00091 0.00095 0.00155 0.00828 0.01268 0.01234 0.01752 0.01716
> round(E2.dif[int.hit.n],digits=5)
 [1] 0.00042 0.00044 0.00065 0.00079 0.00083 0.00113 0.00313 0.00383 0.00402 0.00484 0.00460
> round(SUM.E1E2[int.hit.n],digits=5)
 [1] 0.00089 0.00094 0.00138 0.00170 0.00178 0.00268 0.01141 0.01651 0.01636 0.02236 0.02176
> ##########################################################
> sel.iter <- c(1,2,3,4,5,6,16,26,36,46)
> E11[sel.iter]
 [1] 0.9542937 0.9529437 0.9473988 0.9439725 0.9428619 0.9388510 0.9376587 0.9338604 0.9307992 0.9286147
> E12[sel.iter]
 [1] 0.9547602 0.9534383 0.9481363 0.9448783 0.9438120 0.9403972 0.9459389 0.9437844 0.9434794 0.9418833
> E22[sel.iter]
 [1] 0.9522821 0.9507583 0.9441844 0.9399308 0.9386258 0.9337113 0.9296720 0.9251219 0.9216799 0.9193724
> E21[sel.iter]
 [1] 0.9527008 0.9511999 0.9448294 0.9407226 0.9394517 0.9348403 0.9328031 0.9286380 0.9255145 0.9232946
> E1.dif[sel.iter]
 [1] 0.0004664290 0.0004945469 0.0007375176 0.0009058702 0.0009500964 0.0015461312 0.0082801519 0.0099240195 0.0126801413 0.0132686391
> E2.dif[sel.iter]
 [1] 0.0004187425 0.0004416118 0.0006450450 0.0007917914 0.0008259007 0.0011290066 0.0031311690 0.0035161846 0.0038345761 0.0039221940
> SUM.E1E2[sel.iter]
 [1] 0.0008851714 0.0009361588 0.0013825627 0.0016976616 0.0017759971 0.0026751378 0.0114113209 0.0134402040 0.0165147174 0.0171908331
> round(E11[sel.iter],digits=5)
 [1] 0.95429 0.95294 0.94740 0.94397 0.94286 0.93885 0.93766 0.93386 0.93080 0.92861
> round(E12[sel.iter],digits=5)
 [1] 0.95476 0.95344 0.94814 0.94488 0.94381 0.94040 0.94594 0.94378 0.94348 0.94188
> round(E22[sel.iter],digits=5)
 [1] 0.95228 0.95076 0.94418 0.93993 0.93863 0.93371 0.92967 0.92512 0.92168 0.91937
> round(E21[sel.iter],digits=5)
 [1] 0.95270 0.95120 0.94483 0.94072 0.93945 0.93484 0.93280 0.92864 0.92551 0.92329
> round(E1.dif[sel.iter],digits=5)
 [1] 0.00047 0.00049 0.00074 0.00091 0.00095 0.00155 0.00828 0.00992 0.01268 0.01327
> round(E2.dif[sel.iter],digits=5)
 [1] 0.00042 0.00044 0.00065 0.00079 0.00083 0.00113 0.00313 0.00352 0.00383 0.00392
> round(SUM.E1E2[sel.iter],digits=5)
 [1] 0.00089 0.00094 0.00138 0.00170 0.00178 0.00268 0.01141 0.01344 0.01651 0.01719
> length(CRIT.vec)
[1] 200
> CRIT.vec <- CRIT.vec[1:nrow(xstart)]
> length(CRIT.vec)
[1] 200
> CRIT.vec
  [1] 4.335966e-06 4.335966e-06 4.335966e-06 4.335966e-06 5.266479e-01 7.774314e-01 1.078576e+00 1.423814e+00 1.816263e+00 2.264906e+00
 [11] 2.747907e+00 3.281762e+00 3.858845e+00 4.483499e+00 5.152372e+00 5.874171e+00 6.635133e+00 7.439324e+00 8.294445e+00 9.202093e+00
 [21] 1.014877e+01 1.113617e+01 1.217171e+01 1.325716e+01 1.439250e+01 1.556877e+01 1.679790e+01 1.807010e+01 1.941281e+01 2.078169e+01
 [31] 2.219500e+01 2.364705e+01 2.515703e+01 2.670833e+01 2.830611e+01 2.994429e+01 3.161771e+01 3.333475e+01 3.510718e+01 3.692235e+01
 [41] 3.877468e+01 4.065109e+01 4.257687e+01 4.453889e+01 4.654699e+01 4.871178e+01 5.080688e+01 5.293279e+01 5.509392e+01 5.729220e+01
 [51] 5.953767e+01 6.177688e+01 6.406930e+01 6.640429e+01 6.877800e+01 7.118326e+01 7.362657e+01 7.611689e+01 7.863030e+01 8.119019e+01
 [61] 8.379098e+01 8.642309e+01 8.906660e+01 9.175870e+01 9.448783e+01 9.734306e+01 1.001637e+02 1.030140e+02 1.058933e+02 1.088180e+02
 [71] 1.117113e+02 1.146426e+02 1.176192e+02 1.206239e+02 1.236546e+02 1.267090e+02 1.298011e+02 1.329725e+02 1.361439e+02 1.393660e+02
 [81] 1.426267e+02 1.460272e+02 1.494868e+02 1.528871e+02 1.563961e+02 1.598505e+02 1.633934e+02 1.669246e+02 1.704971e+02 1.740986e+02
 [91] 1.777193e+02 1.813851e+02 1.850848e+02 1.888120e+02 1.925932e+02 1.964636e+02 2.002807e+02 2.041536e+02 2.080405e+02 2.119912e+02
[101] 2.159351e+02 2.199191e+02 2.239604e+02 2.279903e+02 2.320633e+02 2.361791e+02 2.403127e+02 2.444868e+02 2.486883e+02 2.529641e+02
[111] 2.572556e+02 2.615691e+02 2.659158e+02 2.702978e+02 2.748722e+02 2.793879e+02 2.839042e+02 2.884700e+02 2.930761e+02 2.976986e+02
[121] 3.023020e+02 3.069581e+02 3.116542e+02 3.163876e+02 3.211598e+02 3.259854e+02 3.308239e+02 3.360933e+02 3.410890e+02 3.464909e+02
[131] 3.521117e+02 3.572287e+02 3.623944e+02 3.676103e+02 3.728373e+02 3.780799e+02 3.833672e+02 3.886764e+02 3.940274e+02 3.994133e+02
[141] 4.048218e+02 4.102695e+02 4.157538e+02 4.213093e+02 4.268767e+02 4.324820e+02 4.381210e+02 4.437911e+02 4.494855e+02 4.552116e+02
[151] 4.609792e+02 4.668210e+02 4.726421e+02 4.785036e+02 4.843949e+02 4.903101e+02 4.962575e+02 5.022548e+02 5.082937e+02 5.143673e+02
[161] 5.204677e+02 5.297461e+02 5.360473e+02 5.423602e+02 5.487926e+02 5.551579e+02 5.615716e+02 5.680134e+02 5.744927e+02 5.810066e+02
[171] 5.875456e+02 5.941363e+02 6.007473e+02 6.073932e+02 6.140562e+02 6.207454e+02 6.275515e+02 6.343053e+02 6.410992e+02 6.479266e+02
[181] 6.548078e+02 6.616992e+02 6.685995e+02 6.755671e+02 6.825305e+02 6.895348e+02 6.965568e+02 7.036294e+02 7.107104e+02 7.178143e+02
[191] 7.249677e+02 7.321076e+02 7.392868e+02 7.465560e+02 7.538205e+02 7.611123e+02 7.684389e+02 7.758923e+02 7.832746e+02 7.907031e+02
> xstart
    Var1 Var2
193  7.8  0.6
610  9.6  2.2
296  8.0  1.0
608  9.2  2.2
295  7.8  1.0
609  9.4  2.2
244  7.8  0.8
611  9.8  2.2
151  9.6  0.4
660  9.4  2.4
559  9.6  2.0
194  8.0  0.6
346  7.8  1.2
659  9.2  2.4
294  7.6  1.0
245  8.0  0.8
558  9.4  2.0
661  9.6  2.4
397  7.8  1.4
243  7.6  0.8
203  9.8  0.6
150  9.4  0.4
345  7.6  1.2
711  9.4  2.6
202  9.6  0.6
710  9.2  2.6
712  9.6  2.6
396  7.6  1.4
201  9.4  0.6
254  9.8  0.8
192  7.6  0.6
253  9.6  0.8
293  7.4  1.0
761  9.2  2.8
344  7.4  1.2
149  9.2  0.4
242  7.4  0.8
395  7.4  1.4
447  7.6  1.6
200  9.2  0.6
252  9.4  0.8
762  9.4  2.8
662  9.8  2.4
560  9.8  2.0
753  7.6  2.8
713  9.8  2.6
763  9.6  2.8
805  7.8  3.0
754  7.8  2.8
806  8.0  3.0
702  7.6  2.6
755  8.0  2.8
703  7.8  2.6
701  7.4  2.6
304  9.6  1.0
251  9.2  0.8
305  9.8  1.0
343  7.2  1.2
303  9.4  1.0
812  9.2  3.0
292  7.2  1.0
446  7.4  1.6
394  7.2  1.4
98   9.2  0.2
612 10.0  2.2
199  9.0  0.6
807  8.2  3.0
250  9.0  0.8
302  9.2  1.0
148  9.0  0.4
191  7.4  0.6
355  9.6  1.2
756  8.2  2.8
704  8.0  2.6
651  7.6  2.4
354  9.4  1.2
858  8.2  3.2
652  7.8  2.4
499  7.8  1.8
507  9.4  1.8
498  7.6  1.8
508  9.6  1.8
356  9.8  1.2
650  7.4  2.4
142  7.8  0.4
406  9.6  1.4
600  7.6  2.2
405  9.4  1.4
601  7.8  2.2
457  9.6  1.6
353  9.2  1.2
653  8.0  2.4
549  7.6  2.0
301  9.0  1.0
456  9.4  1.6
705  8.2  2.6
509  9.8  1.8
550  7.8  2.0
497  7.4  1.8
141  7.6  0.4
602  8.0  2.2
407  9.8  1.4
599  7.4  2.2
97   9.0  0.2
548  7.4  2.0
458  9.8  1.6
147  8.8  0.4
198  8.8  0.6
808  8.4  3.0
561 10.0  2.0
96   8.8  0.2
654  8.2  2.4
445  7.2  1.6
510 10.0  1.8
143  8.0  0.4
859  8.4  3.2
757  8.4  2.8
496  7.2  1.8
459 10.0  1.6
195  8.2  0.6
760  9.0  2.8
408 10.0  1.4
547  7.2  2.0
146  8.6  0.4
809  8.6  3.0
706  8.4  2.6
144  8.2  0.4
709  9.0  2.6
810  8.8  3.0
758  8.6  2.8
811  9.0  3.0
95   8.6  0.2
759  8.8  2.8
357 10.0  1.2
246  8.2  0.8
249  8.8  0.8
707  8.6  2.6
708  8.8  2.6
197  8.6  0.6
598  7.2  2.2
145  8.4  0.4
196  8.4  0.6
658  9.0  2.4
306 10.0  1.0
248  8.6  0.8
94   8.4  0.2
247  8.4  0.8
93   8.2  0.2
860  8.6  3.2
649  7.2  2.4
861  8.8  3.2
495  7.0  1.8
92   8.0  0.2
444  7.0  1.6
546  7.0  2.0
655  8.4  2.4
393  7.0  1.4
657  8.8  2.4
91   7.8  0.2
656  8.6  2.4
597  7.0  2.2
557  9.2  2.0
241  7.2  0.8
43   8.4  0.0
44   8.6  0.0
342  7.0  1.2
42   8.2  0.0
45   8.8  0.0
607  9.0  2.2
291  7.0  1.0
506  9.2  1.8
404  9.2  1.4
140  7.4  0.4
700  7.2  2.6
752  7.4  2.8
190  7.2  0.6
455  9.2  1.6
90   7.6  0.2
857  8.0  3.2
804  7.6  3.0
813  9.4  3.0
41   8.0  0.0
862  9.0  3.2
443  6.8  1.6
240  7.0  0.8
648  7.0  2.4
300  8.8  1.0
392  6.8  1.4
494  6.8  1.8
352  9.0  1.2
856  7.8  3.2
341  6.8  1.2
297  8.2  1.0
545  6.8  2.0
606  8.8  2.2
803  7.4  3.0
751  7.2  2.8
556  9.0  2.0
40   7.8  0.0
99   9.4  0.2
> 