CRIT.vec
   [1] 0.01735426 0.01945640 0.02074625 0.02153808 0.02194182 0.02227541 0.02247034 0.02261880 0.02267448 0.02271626 0.02278231 0.02283419 0.02287772
  [14] 0.02294348 0.02296524 0.02298144 0.02300944 0.02305754 0.02305877 0.02307241 0.02309446 0.02311375 0.02311385 0.02311739 0.02312630 0.02312856
  [27] 0.02313410 0.02312763 0.02313205 0.02314071 0.02313946 0.02314343 0.02314688 0.02315055 0.02315493 0.02316189 0.02315849 0.02316006 0.02316371
  [40] 0.02316239 0.02316188 0.02316578 0.02316582 0.02316441 0.02316644 0.02317049 0.02317288 0.02317560 0.02317476 0.02317497 0.02317766 0.02317713
  [53] 0.02317912 0.02318066 0.02318236 0.02318424 0.02318767 0.02318826 0.02318942 0.02318901 0.02318806 0.02318694 0.02318569 0.02318607 0.02318843
  [66] 0.02319011 0.02318841 0.02318860 0.02319039 0.02319018 0.02319041 0.02319193 0.02319172 0.02319172 0.02319317 0.02319343 0.02319379 0.02319453
  [79] 0.02319411 0.02319445 0.02319488 0.02319429 0.02319485 0.02319578 0.02319570 0.02319615 0.02319686 0.02319680 0.02319698 0.02319715 0.02319726
  [92] 0.02319773 0.02319746 0.02319719 0.02319726 0.02319774 0.02319834 0.02319875 0.02319901 0.02319861 0.02319826 0.02319830 0.02319852 0.02319918
 [105] 0.02319985 0.02319957 0.02319914 0.02319927 0.02319885 0.02319871 0.02319920 0.02319948 0.02319998 0.02320061 0.02320081 0.02320060 0.02320044
 [118] 0.02320044 0.02320059 0.02320092 0.02320104 0.02320107 0.02320133 0.02320135 0.02320162 0.02320175 0.02320156 0.02320143 0.02320173 0.02320199
 [131] 0.02320216 0.02320220 0.02320181 0.02320190 0.02320213 0.02320216 0.02320236 0.02320282 0.02320326 0.02320333 0.02320369 0.02320321 0.02320302
 [144] 0.02320319 0.02320278 0.02320278 0.02320297 0.02320305 0.02320315 0.02320317 0.02320309 0.02320303 0.02320285 0.02320291 0.02320295 0.02320320
 [157] 0.02320336 0.02320325 0.02320335 0.02320340 0.02320350 0.02320356 0.02320346 0.02320351 0.02320372 0.02320381 0.02320383 0.02320408 0.02320398
 [170] 0.02320401 0.02320403 0.02320380 0.02320377 0.02320390 0.02320381 0.02320380 0.02320403 0.02320370 0.02320358 0.02320366 0.02320367 0.02320362
 [183] 0.02320369 0.02320371 0.02320383 0.02320400 0.02320401 0.02320415 0.02320420 0.02320434 0.02320437 0.02320444 0.02320444 0.02320450 0.02320469
 [196] 0.02320454 0.02320462 0.02320473 0.02320460 0.02320459 0.02320480 0.02320467 0.02320456 0.02320461 0.02320458 0.02320459 0.02320464 0.02320467
 [209] 0.02320476 0.02320486 0.02320494 0.02320498 0.02320509 0.02320497 0.02320493 0.02320504 0.02320499 0.02320490 0.02320492 0.02320486 0.02320484
 [222] 0.02320489 0.02320486 0.02320498 0.02320505 0.02320494 0.02320493 0.02320500 0.02320498 0.02320505 0.02320516 0.02320505 0.02320510 0.02320517
 [235] 0.02320511 0.02320508 0.02320510 0.02320504 0.02320507 0.02320511 0.02320512 0.02320521 0.02320532 0.02320523 0.02320527 0.02320532 0.02320520
 [248] 0.02320521 0.02320519 0.02320525 0.02320526 0.02320537 0.02320525 0.02320526 0.02320536 0.02320534 0.02320538 0.02320536 0.02320528 0.02320532
 [261] 0.02320537 0.02320550 0.02320555 0.02320559 0.02320561 0.02320556 0.02320558 0.02320558 0.02320549 0.02320545 0.02320540 0.02320536 0.02320535
 [274] 0.02320533 0.02320538 0.02320542 0.02320551 0.02320556 0.02320557 0.02320556 0.02320565 0.02320564 0.02320566 0.02320566 0.02320575 0.02320571
 [287] 0.02320569 0.02320574 0.02320570 0.02320573 0.02320574 0.02320573 0.02320577 0.02320572 0.02320569 0.02320568 0.02320568 0.02320569 0.02320574
 [300] 0.02320579 0.02320581 0.02320580 0.02320580 0.02320584 0.02320584 0.02320576 0.02320577 0.02320587 0.02320589 0.02320593 0.02320591 0.02320594
 [313] 0.02320590 0.02320591 0.02320601 0.02320595 0.02320595 0.02320598 0.02320594 0.02320595 0.02320600 0.02320600 0.02320602 0.02320606 0.02320599
 [326] 0.02320598 0.02320598 0.02320598 0.02320601 0.02320610 0.02320609 0.02320608 0.02320609 0.02320609 0.02320610 0.02320610 0.02320607 0.02320607
 [339] 0.02320605 0.02320604 0.02320608 0.02320609 0.02320609 0.02320606 0.02320605 0.02320606 0.02320603 0.02320606 0.02320601 0.02320599 0.02320601
 [352] 0.02320608 0.02320608 0.02320613 0.02320613 0.02320612 0.02320614 0.02320612 0.02320612 0.02320618 0.02320612 0.02320612 0.02320615 0.02320611
 [365] 0.02320612 0.02320615 0.02320614 0.02320616 0.02320621 0.02320621 0.02320617 0.02320619 0.02320617 0.02320621 0.02320623 0.02320623 0.02320623
 [378] 0.02320626 0.02320624 0.02320626 0.02320630 0.02320625 0.02320625 0.02320625 0.02320625 0.02320625 0.02320629 0.02320627 0.02320628 0.02320631
 [391] 0.02320626 0.02320623 0.02320622 0.02320620 0.02320623 0.02320625 0.02320624 0.02320625 0.02320624 0.02320624 0.02320628 0.02320625 0.02320627
 [404] 0.02320632 0.02320633 0.02320631 0.02320631 0.02320633 0.02320630 0.02320628 0.02320630 0.02320631 0.02320630 0.02320631 0.02320629 0.02320628
 [417] 0.02320628 0.02320628 0.02320629 0.02320633 0.02320639 0.02320637 0.02320636 0.02320638 0.02320639 0.02320638 0.02320639 0.02320643 0.02320642
 [430] 0.02320645 0.02320642 0.02320639 0.02320639 0.02320638 0.02320638 0.02320638 0.02320641 0.02320640 0.02320638 0.02320641 0.02320643 0.02320643
 [443] 0.02320645 0.02320642 0.02320641 0.02320642 0.02320643 0.02320643 0.02320642 0.02320642 0.02320644 0.02320647 0.02320650 0.02320647 0.02320645
 [456] 0.02320644 0.02320644 0.02320645 0.02320647 0.02320652 0.02320654 0.02320653 0.02320653 0.02320652 0.02320653 0.02320651 0.02320649 0.02320649
 [469] 0.02320647 0.02320647 0.02320650 0.02320650 0.02320651 0.02320651 0.02320648 0.02320647 0.02320649 0.02320647 0.02320648 0.02320649 0.02320648
 [482] 0.02320650 0.02320655 0.02320656 0.02320657 0.02320656 0.02320655 0.02320654 0.02320652 0.02320652 0.02320654 0.02320656 0.02320657 0.02320656
 [495] 0.02320658 0.02320656 0.02320658 0.02320659 0.02320660 0.02320662 0.02320663 0.02320661 0.02320660 0.02320661 0.02320659 0.02320658 0.02320659
 [508] 0.02320657 0.02320658 0.02320660 0.02320661 0.02320662 0.02320663 0.02320661 0.02320661 0.02320663 0.02320661 0.02320663 0.02320664 0.02320662
 [521] 0.02320663 0.02320664 0.02320661 0.02320659 0.02320659 0.02320662 0.02320663 0.02320662 0.02320661 0.02320663 0.02320662 0.02320661 0.02320663
 [534] 0.02320664 0.02320664 0.02320662 0.02320663 0.02320662 0.02320662 0.02320664 0.02320663 0.02320662 0.02320663 0.02320664 0.02320664 0.02320663
 [547] 0.02320663 0.02320666 0.02320668 0.02320667 0.02320667 0.02320668 0.02320667 0.02320668 0.02320666 0.02320666 0.02320668 0.02320669 0.02320670
 [560] 0.02320669 0.02320670 0.02320671 0.02320671 0.02320673 0.02320671 0.02320671 0.02320671 0.02320670 0.02320670 0.02320669 0.02320668 0.02320668
 [573] 0.02320668 0.02320668 0.02320669 0.02320668 0.02320670 0.02320672 0.02320673 0.02320672 0.02320671 0.02320672 0.02320671 0.02320673 0.02320673
 [586] 0.02320673 0.02320674 0.02320675 0.02320673 0.02320673 0.02320674 0.02320673 0.02320674 0.02320675 0.02320675 0.02320676 0.02320677 0.02320676
 [599] 0.02320675 0.02320675 0.02320674 0.02320675 0.02320677 0.02320675 0.02320674 0.02320676 0.02320677 0.02320677 0.02320676 0.02320675 0.02320676
 [612] 0.02320677 0.02320678 0.02320678 0.02320681 0.02320681 0.02320681 0.02320680 0.02320681 0.02320680 0.02320680 0.02320680 0.02320679 0.02320678
 [625] 0.02320678 0.02320679 0.02320679 0.02320679 0.02320678 0.02320679 0.02320678 0.02320678 0.02320680 0.02320679 0.02320680 0.02320680 0.02320680
 [638] 0.02320680 0.02320680 0.02320680 0.02320682 0.02320682 0.02320681 0.02320683 0.02320682 0.02320680 0.02320679 0.02320679 0.02320680 0.02320681
 [651] 0.02320680 0.02320681 0.02320681 0.02320683 0.02320682 0.02320682 0.02320683 0.02320682 0.02320682 0.02320681 0.02320681 0.02320682 0.02320680
 [664] 0.02320680 0.02320682 0.02320683 0.02320682 0.02320683 0.02320684 0.02320683 0.02320684 0.02320685 0.02320684 0.02320684 0.02320685 0.02320685
 [677] 0.02320684 0.02320684 0.02320683 0.02320684 0.02320685 0.02320686 0.02320687 0.02320688 0.02320687 0.02320687 0.02320688 0.02320687 0.02320687
 [690] 0.02320686 0.02320687 0.02320687 0.02320687 0.02320686 0.02320686 0.02320686 0.02320685 0.02320686 0.02320687 0.02320687 0.02320689 0.02320688
 [703] 0.02320688 0.02320687 0.02320687 0.02320687 0.02320689 0.02320690 0.02320689 0.02320689 0.02320689 0.02320688 0.02320689 0.02320690 0.02320691
 [716] 0.02320691 0.02320690 0.02320691 0.02320690 0.02320691 0.02320690 0.02320690 0.02320690 0.02320690 0.02320689 0.02320689 0.02320689 0.02320690
 [729] 0.02320692 0.02320692 0.02320692 0.02320692 0.02320690 0.02320690 0.02320689 0.02320689 0.02320689 0.02320690 0.02320690 0.02320690 0.02320692
 [742] 0.02320692 0.02320692 0.02320694 0.02320694 0.02320694 0.02320693 0.02320692 0.02320693 0.02320693 0.02320693 0.02320693 0.02320693 0.02320692
 [755] 0.02320693 0.02320692 0.02320693 0.02320693 0.02320693 0.02320693 0.02320693 0.02320693 0.02320692 0.02320692 0.02320693 0.02320692 0.02320692
 [768] 0.02320693 0.02320693 0.02320693 0.02320695 0.02320695 0.02320696 0.02320696 0.02320696 0.02320696 0.02320696 0.02320696 0.02320696 0.02320696
 [781] 0.02320696 0.02320696 0.02320696 0.02320696 0.02320696 0.02320695 0.02320696 0.02320697 0.02320697 0.02320696 0.02320696 0.02320697 0.02320697
 [794] 0.02320698 0.02320698 0.02320697 0.02320698 0.02320698 0.02320698 0.02320697 0.02320697 0.02320698 0.02320700 0.02320699 0.02320698 0.02320698
 [807] 0.02320698 0.02320699 0.02320699 0.02320698 0.02320699 0.02320700 0.02320699 0.02320700 0.02320699 0.02320699 0.02320699 0.02320699 0.02320700
 [820] 0.02320699 0.02320700 0.02320701 0.02320700 0.02320701 0.02320703 0.02320702 0.02320702 0.02320701 0.02320701 0.02320702 0.02320703 0.02320702
 [833] 0.02320702 0.02320703 0.02320702 0.02320703 0.02320703 0.02320703 0.02320702 0.02320702 0.02320701 0.02320702 0.02320703 0.02320702 0.02320702
 [846] 0.02320702 0.02320702 0.02320701 0.02320702 0.02320702 0.02320703 0.02320704 0.02320703 0.02320703 0.02320703 0.02320704 0.02320703 0.02320703
 [859] 0.02320703 0.02320702 0.02320702 0.02320702 0.02320702 0.02320702 0.02320702 0.02320702 0.02320703 0.02320703 0.02320702 0.02320702 0.02320701
 [872] 0.02320702 0.02320703 0.02320703 0.02320704 0.02320706 0.02320705 0.02320704 0.02320704 0.02320704 0.02320704 0.02320704 0.02320704 0.02320705
 [885] 0.02320705 0.02320704 0.02320704 0.02320704 0.02320703 0.02320703 0.02320704 0.02320704 0.02320704 0.02320705 0.02320706 0.02320705 0.02320705
 [898] 0.02320705 0.02320705 0.02320705 0.02320705 0.02320705 0.02320705 0.02320705 0.02320705 0.02320704 0.02320705 0.02320705 0.02320705 0.02320707
 [911] 0.02320707 0.02320706 0.02320707 0.02320707 0.02320707 0.02320707 0.02320706 0.02320707 0.02320707 0.02320706 0.02320707 0.02320707 0.02320707
 [924] 0.02320707 0.02320707 0.02320707 0.02320708 0.02320707 0.02320707 0.02320707 0.02320706 0.02320706 0.02320706 0.02320707 0.02320707 0.02320708
 [937] 0.02320709 0.02320709 0.02320708 0.02320708 0.02320708 0.02320708 0.02320708 0.02320707 0.02320707 0.02320707 0.02320707 0.02320709 0.02320709
 [950] 0.02320709 0.02320710 0.02320710 0.02320710 0.02320710 0.02320710 0.02320710 0.02320710 0.02320709 0.02320709 0.02320709 0.02320709 0.02320708
 [963] 0.02320709 0.02320710 0.02320710 0.02320710 0.02320710 0.02320711 0.02320710 0.02320710 0.02320710 0.02320711 0.02320711 0.02320711 0.02320711
 [976] 0.02320711 0.02320711 0.02320711 0.02320711 0.02320711 0.02320711 0.02320711 0.02320711 0.02320711 0.02320711 0.02320711 0.02320710 0.02320711
 [989] 0.02320710 0.02320710 0.02320709 0.02320709 0.02320710 0.02320710 0.02320710 0.02320711 0.02320711 0.02320711 0.02320711 0.02320711



design.opt <- cbind(design1.uniq,opt.weight)
> design.opt
               opt.weight
      9.6 0.4 0.008325008
      9.4 2.0 0.015318015
      8.0 1.2 0.013320013
x.hat 9.6 2.4 0.010989011
x.hat 7.8 1.6 0.000999001
x.hat 9.2 0.2 0.000999001
x.hat 9.8 2.0 0.017982018
x.hat 7.7 1.2 0.000999001
x.hat 9.6 0.1 0.020979021
x.hat 9.3 2.2 0.019980020
x.hat 9.4 0.5 0.014985015
x.hat 7.5 1.5 0.000999001
x.hat 9.0 0.1 0.002997003
x.hat 8.0 1.5 0.020979021
x.hat 9.6 1.9 0.010989011
x.hat 7.7 1.0 0.009990010
x.hat 9.3 0.0 0.014985015
x.hat 9.3 2.4 0.024975025
x.hat 9.8 2.2 0.005994006
x.hat 9.7 0.3 0.013986014
x.hat 9.2 0.4 0.022977023
x.hat 7.5 1.2 0.000999001
x.hat 7.7 1.7 0.017982018
x.hat 9.5 2.4 0.005994006
x.hat 9.5 0.3 0.002997003
x.hat 7.8 1.4 0.006993007
x.hat 9.2 0.0 0.015984016
x.hat 9.9 2.1 0.012987013
x.hat 7.9 1.1 0.019980020
x.hat 9.5 2.1 0.000999001
x.hat 9.5 0.0 0.013986014
x.hat 8.0 1.6 0.009990010
x.hat 9.6 0.5 0.008991009
x.hat 9.8 2.4 0.000999001
x.hat 7.6 1.4 0.008991009
x.hat 9.7 1.9 0.011988012
x.hat 7.8 1.8 0.000999001
x.hat 9.0 0.2 0.000999001
x.hat 8.0 1.4 0.016983017
x.hat 9.5 0.2 0.002997003
x.hat 9.6 2.2 0.006993007
x.hat 7.7 1.1 0.009990010
x.hat 7.6 1.6 0.016983017
x.hat 9.3 2.1 0.008991009
x.hat 9.1 0.0 0.009990010
x.hat 9.3 0.4 0.011988012
x.hat 9.9 2.0 0.011988012
x.hat 9.5 2.5 0.012987013
x.hat 7.9 1.3 0.000999001
x.hat 7.9 1.7 0.017982018
x.hat 9.8 2.3 0.019980020
x.hat 9.4 0.0 0.016983017
x.hat 7.6 1.3 0.009990010
x.hat 9.1 0.3 0.016983017
x.hat 9.5 0.5 0.013986014
x.hat 7.8 1.1 0.009990010
x.hat 9.4 2.4 0.003996004
x.hat 9.3 0.2 0.005994006
x.hat 9.7 2.1 0.000999001
x.hat 9.7 0.2 0.016983017
x.hat 9.7 2.4 0.020979021
x.hat 9.3 0.5 0.007992008
x.hat 7.5 1.3 0.007992008
x.hat 9.5 2.0 0.018981019
x.hat 9.1 0.1 0.016983017
x.hat 7.9 1.2 0.005994006
x.hat 9.3 2.3 0.013986014
x.hat 7.6 1.1 0.012987013
x.hat 7.9 1.5 0.000999001
x.hat 9.5 0.4 0.004995005
x.hat 7.6 1.5 0.014985015
x.hat 8.0 1.3 0.020979021
x.hat 7.8 1.0 0.009990010
x.hat 9.4 2.2 0.000999001
x.hat 9.9 2.2 0.010989011
x.hat 9.7 0.4 0.021978022
x.hat 7.8 1.7 0.015984016
x.hat 9.6 2.0 0.008991009
x.hat 9.1 0.2 0.015984016
x.hat 7.5 1.4 0.008991009
x.hat 9.4 0.3 0.003996004
x.hat 7.7 1.4 0.002997003
x.hat 9.8 1.9 0.003996004
x.hat 9.5 2.2 0.003996004
x.hat 7.6 1.2 0.014985015
x.hat 7.8 1.5 0.004995005
x.hat 9.6 0.2 0.001998002
x.hat 9.7 2.0 0.005994006
x.hat 9.5 0.1 0.003996004
x.hat 9.7 2.3 0.000999001
x.hat 9.5 1.9 0.000999001
x.hat 7.9 1.6 0.006993007
x.hat 9.4 0.4 0.004995005
x.hat 7.8 1.3 0.005994006
x.hat 9.4 0.2 0.006993007
x.hat 9.4 2.5 0.009990010
x.hat 9.8 2.1 0.000999001
x.hat 9.4 2.1 0.011988012
x.hat 9.3 0.3 0.000999001
x.hat 7.7 1.3 0.000999001
x.hat 9.7 2.2 0.003996004
x.hat 9.6 2.1 0.001998002
x.hat 9.6 2.5 0.003996004
x.hat 9.5 2.3 0.002997003
x.hat 7.7 1.5 0.000999001
x.hat 9.6 2.3 0.000999001
x.hat 9.2 0.3 0.002997003
x.hat 7.7 1.6 0.000999001
> nrow(design.opt)
[1] 108
> sum(design.opt[,3])
[1] 1

> a
      x.hat x.hat x.hat x.hat x.hat x.hat x.hat x.hat x.hat x.hat x.hat x.hat x.hat x.hat x.hat x.hat x.hat x.hat x.hat x.hat x.hat x.hat x.hat 
    1     6     9    11    13    17    20    21    25    27    31    33    38    40    45    46    52    54    55    58    60    62    65    70 
x.hat x.hat x.hat x.hat x.hat x.hat x.hat x.hat x.hat 
   76    79    81    87    89    93    95    99   107 
> b
      x.hat x.hat x.hat x.hat x.hat x.hat x.hat x.hat x.hat x.hat x.hat x.hat x.hat x.hat x.hat x.hat x.hat x.hat x.hat x.hat x.hat x.hat x.hat 
    3     5     8    12    14    16    22    23    26    29    32    35    37    39    42    43    49    50    53    56    63    66    68    69 
x.hat x.hat x.hat x.hat x.hat x.hat x.hat x.hat x.hat x.hat x.hat x.hat x.hat 
   71    72    73    77    80    82    85    86    92    94   100   105   108 
> cc
      x.hat x.hat x.hat x.hat x.hat x.hat x.hat x.hat x.hat x.hat x.hat x.hat x.hat x.hat x.hat x.hat x.hat x.hat x.hat x.hat x.hat x.hat x.hat 
    2     4     7    10    15    18    19    24    28    30    34    36    41    44    47    48    51    57    59    61    64    67    74    75 
x.hat x.hat x.hat x.hat x.hat x.hat x.hat x.hat x.hat x.hat x.hat x.hat x.hat x.hat 
   78    83    84    88    90    91    96    97    98   101   102   103   104   106 
> 