user  system elapsed 
3211.42   20.33 3240.41 
> #-----------------------------------------------------------------------------------------------
> as.numeric(row.names(xstart))
  [1] 1224 1275 1326 1377 1428 1479 1530 1581 1632 1683 1734 1785 1836 1887 1938 1989 2040 2091 2142 2193 2244 2295 2346 2397 2448 2499 2550
 [28] 2600 2549 2498 2447 2396 2345 2294 2243 2192 2141 2090 2039 1988 1937 1886 1835 1784 1733 1682 1631 1580 1529 1478 1427 1376 1325 1274
 [55] 1223 1172 1173 1122 1121 1071 1070 1020 1019  969  968  917  918  866  867  815 2599 2548 2497 2446 2395 2344 2293 2242 2191 2140 2089
 [82] 2038 1987 1936 1885 1834 1783 1732 1681 1630 1579 1528 1477 1426 1375 1324 1273 1222 1171 1120 1069 1018  967  916  865  816  814  765
[109]  764  763  712  713  714  663  662  661  612  611  610  561  560  559  510  509  508  459  458  457  408  407  406  357  356  355  306
[136]  305  304  253  254  255  202  203  204  151  152  153  102  101  100   51   50   49   48   99  150  201  252  303  354  405  456  507
[163]  558  609  660  711  762  813  864  915  966 1017 1068 1119 1170 1221 1272 1323 1374 1425 1476 1527 1578 1629 1680 1731 1782 1833 1884
[190] 1935 1986 2037 2088 2139 2190 2241 2292 2343 2394 2445
> setdiff(1:N,as.numeric(row.names(xstart)))
   [1]    1    2    3    4    5    6    7    8    9   10   11   12   13   14   15   16   17   18   19   20   21   22   23   24   25   26
  [27]   27   28   29   30   31   32   33   34   35   36   37   38   39   40   41   42   43   44   45   46   47   52   53   54   55   56
  [53]   57   58   59   60   61   62   63   64   65   66   67   68   69   70   71   72   73   74   75   76   77   78   79   80   81   82
  [79]   83   84   85   86   87   88   89   90   91   92   93   94   95   96   97   98  103  104  105  106  107  108  109  110  111  112
 [105]  113  114  115  116  117  118  119  120  121  122  123  124  125  126  127  128  129  130  131  132  133  134  135  136  137  138
 [131]  139  140  141  142  143  144  145  146  147  148  149  154  155  156  157  158  159  160  161  162  163  164  165  166  167  168
 [157]  169  170  171  172  173  174  175  176  177  178  179  180  181  182  183  184  185  186  187  188  189  190  191  192  193  194
 [183]  195  196  197  198  199  200  205  206  207  208  209  210  211  212  213  214  215  216  217  218  219  220  221  222  223  224
 [209]  225  226  227  228  229  230  231  232  233  234  235  236  237  238  239  240  241  242  243  244  245  246  247  248  249  250
 [235]  251  256  257  258  259  260  261  262  263  264  265  266  267  268  269  270  271  272  273  274  275  276  277  278  279  280
 [261]  281  282  283  284  285  286  287  288  289  290  291  292  293  294  295  296  297  298  299  300  301  302  307  308  309  310
 [287]  311  312  313  314  315  316  317  318  319  320  321  322  323  324  325  326  327  328  329  330  331  332  333  334  335  336
 [313]  337  338  339  340  341  342  343  344  345  346  347  348  349  350  351  352  353  358  359  360  361  362  363  364  365  366
 [339]  367  368  369  370  371  372  373  374  375  376  377  378  379  380  381  382  383  384  385  386  387  388  389  390  391  392
 [365]  393  394  395  396  397  398  399  400  401  402  403  404  409  410  411  412  413  414  415  416  417  418  419  420  421  422
 [391]  423  424  425  426  427  428  429  430  431  432  433  434  435  436  437  438  439  440  441  442  443  444  445  446  447  448
 [417]  449  450  451  452  453  454  455  460  461  462  463  464  465  466  467  468  469  470  471  472  473  474  475  476  477  478
 [443]  479  480  481  482  483  484  485  486  487  488  489  490  491  492  493  494  495  496  497  498  499  500  501  502  503  504
 [469]  505  506  511  512  513  514  515  516  517  518  519  520  521  522  523  524  525  526  527  528  529  530  531  532  533  534
 [495]  535  536  537  538  539  540  541  542  543  544  545  546  547  548  549  550  551  552  553  554  555  556  557  562  563  564
 [521]  565  566  567  568  569  570  571  572  573  574  575  576  577  578  579  580  581  582  583  584  585  586  587  588  589  590
 [547]  591  592  593  594  595  596  597  598  599  600  601  602  603  604  605  606  607  608  613  614  615  616  617  618  619  620
 [573]  621  622  623  624  625  626  627  628  629  630  631  632  633  634  635  636  637  638  639  640  641  642  643  644  645  646
 [599]  647  648  649  650  651  652  653  654  655  656  657  658  659  664  665  666  667  668  669  670  671  672  673  674  675  676
 [625]  677  678  679  680  681  682  683  684  685  686  687  688  689  690  691  692  693  694  695  696  697  698  699  700  701  702
 [651]  703  704  705  706  707  708  709  710  715  716  717  718  719  720  721  722  723  724  725  726  727  728  729  730  731  732
 [677]  733  734  735  736  737  738  739  740  741  742  743  744  745  746  747  748  749  750  751  752  753  754  755  756  757  758
 [703]  759  760  761  766  767  768  769  770  771  772  773  774  775  776  777  778  779  780  781  782  783  784  785  786  787  788
 [729]  789  790  791  792  793  794  795  796  797  798  799  800  801  802  803  804  805  806  807  808  809  810  811  812  817  818
 [755]  819  820  821  822  823  824  825  826  827  828  829  830  831  832  833  834  835  836  837  838  839  840  841  842  843  844
 [781]  845  846  847  848  849  850  851  852  853  854  855  856  857  858  859  860  861  862  863  868  869  870  871  872  873  874
 [807]  875  876  877  878  879  880  881  882  883  884  885  886  887  888  889  890  891  892  893  894  895  896  897  898  899  900
 [833]  901  902  903  904  905  906  907  908  909  910  911  912  913  914  919  920  921  922  923  924  925  926  927  928  929  930
 [859]  931  932  933  934  935  936  937  938  939  940  941  942  943  944  945  946  947  948  949  950  951  952  953  954  955  956
 [885]  957  958  959  960  961  962  963  964  965  970  971  972  973  974  975  976  977  978  979  980  981  982  983  984  985  986
 [911]  987  988  989  990  991  992  993  994  995  996  997  998  999 1000 1001 1002 1003 1004 1005 1006 1007 1008 1009 1010 1011 1012
 [937] 1013 1014 1015 1016 1021 1022 1023 1024 1025 1026 1027 1028 1029 1030 1031 1032 1033 1034 1035 1036 1037 1038 1039 1040 1041 1042
 [963] 1043 1044 1045 1046 1047 1048 1049 1050 1051 1052 1053 1054 1055 1056 1057 1058 1059 1060 1061 1062 1063 1064 1065 1066 1067 1072
 [989] 1073 1074 1075 1076 1077 1078 1079 1080 1081 1082 1083 1084
 [ reached getOption("max.print") -- omitted 1401 entries ]
> s.all <- sort(c(as.numeric(row.names(xstart)),setdiff(1:N,as.numeric(row.names(xstart)))))
> s.all2 <- sort(c(as.numeric(row.names(xstart)),as.numeric(row.names(xcan))))
> all.equal(1:N,s.all)
[1] TRUE
> all.equal(1:N,s.all2)
[1] TRUE
> nrow(xstart)
[1] 200
> nrow(xstart)-n1 
[1] 196
> nleft
[1] 196
> E11 <- E11[1:(nrow(xstart)-n1)]
> E12 <- E12[1:(nrow(xstart)-n1)]
> E22 <- E22[1:(nrow(xstart)-n1)]
> E21 <- E21[1:(nrow(xstart)-n1)]
> E1.dif <- E1.dif[1:(nrow(xstart)-n1)]
> E2.dif <- E2.dif[1:(nrow(xstart)-n1)]
> SUM.E1E2 <- SUM.E1E2[1:(nrow(xstart)-n1)]
> int.hit.n <- c(1,2,3,4,5,6,16,36,76,116,156,nrow(xstart)-n1)
> int.hit.n
 [1]   1   2   3   4   5   6  16  36  76 116 156 196
> E11[int.hit.n]
 [1] 0.9820509 0.9808033 0.9795550 0.9783055 0.9770550 0.9758035 0.9632350 0.9384055 0.9297487 0.9256283 0.9158183 0.9144318
> E12[int.hit.n]
 [1] 0.9834620 0.9823433 0.9811297 0.9798941 0.9786513 0.9774065 0.9649019 0.9399820 0.9332330 0.9339646 0.9237941 0.9263295
> E22[int.hit.n]
 [1] 0.9814855 0.9802369 0.9789937 0.9777503 0.9765061 0.9752610 0.9627569 0.9379308 0.9248286 0.9171716 0.9068610 0.9045133
> E21[int.hit.n]
 [1] 0.9819927 0.9807555 0.9795187 0.9782810 0.9770425 0.9758031 0.9633558 0.9385693 0.9264352 0.9208358 0.9106063 0.9091000
> E1.dif[int.hit.n]
 [1] 0.001411050 0.001540010 0.001574709 0.001588624 0.001596320 0.001603052 0.001666923 0.001576465 0.003484241 0.008336321 0.007975767
[12] 0.011897683
> E2.dif[int.hit.n]
 [1] 0.0005072090 0.0005185529 0.0005249936 0.0005307721 0.0005364179 0.0005420772 0.0005989454 0.0006385824 0.0016065913 0.0036641394
[11] 0.0037453151 0.0045866946
> SUM.E1E2[int.hit.n]
 [1] 0.001918259 0.002058563 0.002099702 0.002119396 0.002132738 0.002145129 0.002265869 0.002215047 0.005090833 0.012000460 0.011721082
[12] 0.016484377
> round(E11[int.hit.n],digits=5)
 [1] 0.98205 0.98080 0.97955 0.97831 0.97705 0.97580 0.96323 0.93841 0.92975 0.92563 0.91582 0.91443
> round(E12[int.hit.n],digits=5)
 [1] 0.98346 0.98234 0.98113 0.97989 0.97865 0.97741 0.96490 0.93998 0.93323 0.93396 0.92379 0.92633
> round(E22[int.hit.n],digits=5)
 [1] 0.98149 0.98024 0.97899 0.97775 0.97651 0.97526 0.96276 0.93793 0.92483 0.91717 0.90686 0.90451
> round(E21[int.hit.n],digits=5)
 [1] 0.98199 0.98076 0.97952 0.97828 0.97704 0.97580 0.96336 0.93857 0.92644 0.92084 0.91061 0.90910
> round(E1.dif[int.hit.n],digits=5)
 [1] 0.00141 0.00154 0.00157 0.00159 0.00160 0.00160 0.00167 0.00158 0.00348 0.00834 0.00798 0.01190
> round(E2.dif[int.hit.n],digits=5)
 [1] 0.00051 0.00052 0.00052 0.00053 0.00054 0.00054 0.00060 0.00064 0.00161 0.00366 0.00375 0.00459
> round(SUM.E1E2[int.hit.n],digits=5)
 [1] 0.00192 0.00206 0.00210 0.00212 0.00213 0.00215 0.00227 0.00222 0.00509 0.01200 0.01172 0.01648
> ##########################################################
> sel.iter <- c(1,2,3,4,5,6,16,26,36,46)
> E11[sel.iter]
 [1] 0.9820509 0.9808033 0.9795550 0.9783055 0.9770550 0.9758035 0.9632350 0.9505740 0.9384055 0.9353324
> E12[sel.iter]
 [1] 0.9834620 0.9823433 0.9811297 0.9798941 0.9786513 0.9774065 0.9649019 0.9523033 0.9399820 0.9356332
> E22[sel.iter]
 [1] 0.9814855 0.9802369 0.9789937 0.9777503 0.9765061 0.9752610 0.9627569 0.9501567 0.9379308 0.9356106
> E21[sel.iter]
 [1] 0.9819927 0.9807555 0.9795187 0.9782810 0.9770425 0.9758031 0.9633558 0.9508113 0.9385693 0.9358878
> E1.dif[sel.iter]
 [1] 0.0014110504 0.0015400101 0.0015747086 0.0015886235 0.0015963198 0.0016030518 0.0016669231 0.0017293161 0.0015764649 0.0003008315
> E2.dif[sel.iter]
 [1] 0.0005072090 0.0005185529 0.0005249936 0.0005307721 0.0005364179 0.0005420772 0.0005989454 0.0006545431 0.0006385824 0.0002771925
> SUM.E1E2[sel.iter]
 [1] 0.001918259 0.002058563 0.002099702 0.002119396 0.002132738 0.002145129 0.002265869 0.002383859 0.002215047 0.000578024
> round(E11[sel.iter],digits=5)
 [1] 0.98205 0.98080 0.97955 0.97831 0.97705 0.97580 0.96323 0.95057 0.93841 0.93533
> round(E12[sel.iter],digits=5)
 [1] 0.98346 0.98234 0.98113 0.97989 0.97865 0.97741 0.96490 0.95230 0.93998 0.93563
> round(E22[sel.iter],digits=5)
 [1] 0.98149 0.98024 0.97899 0.97775 0.97651 0.97526 0.96276 0.95016 0.93793 0.93561
> round(E21[sel.iter],digits=5)
 [1] 0.98199 0.98076 0.97952 0.97828 0.97704 0.97580 0.96336 0.95081 0.93857 0.93589
> round(E1.dif[sel.iter],digits=5)
 [1] 0.00141 0.00154 0.00157 0.00159 0.00160 0.00160 0.00167 0.00173 0.00158 0.00030
> round(E2.dif[sel.iter],digits=5)
 [1] 0.00051 0.00052 0.00052 0.00053 0.00054 0.00054 0.00060 0.00065 0.00064 0.00028
> round(SUM.E1E2[sel.iter],digits=5)
 [1] 0.00192 0.00206 0.00210 0.00212 0.00213 0.00215 0.00227 0.00238 0.00222 0.00058
> length(CRIT.vec)
[1] 200
> CRIT.vec <- CRIT.vec[1:nrow(xstart)]
> length(CRIT.vec)
[1] 200
> CRIT.vec
  [1] 1.174172e-12 1.174172e-12 1.174172e-12 1.174172e-12 1.900236e+00 3.517070e+00 5.219117e+00 6.942030e+00 8.669686e+00 1.039837e+01
 [11] 1.212728e+01 1.385623e+01 1.558519e+01 1.731415e+01 1.904311e+01 2.077207e+01 2.250103e+01 2.422999e+01 2.595895e+01 2.768791e+01
 [21] 2.941688e+01 3.114584e+01 3.287480e+01 3.460376e+01 3.633272e+01 3.806168e+01 3.979064e+01 4.151961e+01 4.324857e+01 4.497753e+01
 [31] 4.670650e+01 4.843548e+01 5.016446e+01 5.189346e+01 5.362248e+01 5.535156e+01 5.708073e+01 5.881009e+01 6.053979e+01 6.227013e+01
 [41] 6.400167e+01 6.573533e+01 6.747268e+01 6.921620e+01 7.096981e+01 7.273967e+01 7.453609e+01 7.637793e+01 7.830452e+01 8.041289e+01
 [51] 8.301467e+01 8.305455e+01 8.369113e+01 8.537249e+01 1.003246e+02 1.027252e+02 1.043422e+02 1.067429e+02 1.083598e+02 1.107605e+02
 [61] 1.123775e+02 1.147781e+02 1.163951e+02 1.187958e+02 1.204127e+02 1.228134e+02 1.244304e+02 1.268310e+02 1.284480e+02 1.308487e+02
 [71] 1.324656e+02 1.348663e+02 1.364833e+02 1.388839e+02 1.405009e+02 1.429016e+02 1.445186e+02 1.469192e+02 1.485362e+02 1.509368e+02
 [81] 1.525538e+02 1.549545e+02 1.565715e+02 1.589721e+02 1.605891e+02 1.629898e+02 1.646067e+02 1.670074e+02 1.686244e+02 1.710250e+02
 [91] 1.726420e+02 1.750427e+02 1.766596e+02 1.790603e+02 1.806773e+02 1.830779e+02 1.846949e+02 1.870956e+02 1.887126e+02 1.911132e+02
[101] 1.927302e+02 1.951308e+02 1.956833e+02 1.972407e+02 1.994488e+02 2.219653e+02 2.242686e+02 2.271390e+02 2.287944e+02 2.309506e+02
[111] 2.338210e+02 2.354765e+02 2.376327e+02 2.405030e+02 2.421585e+02 2.443147e+02 2.471851e+02 2.488405e+02 2.509967e+02 2.538671e+02
[121] 2.555226e+02 2.576788e+02 2.605491e+02 2.622046e+02 2.643608e+02 2.672312e+02 2.688866e+02 2.710429e+02 2.739132e+02 2.755687e+02
[131] 2.777249e+02 2.805953e+02 2.822507e+02 2.844069e+02 2.872773e+02 2.889327e+02 2.910890e+02 2.939593e+02 2.956148e+02 2.977710e+02
[141] 3.006414e+02 3.022968e+02 3.044530e+02 3.073234e+02 3.089789e+02 3.111351e+02 3.140054e+02 3.156609e+02 3.178171e+02 3.206875e+02
[151] 0.000000e+00 0.000000e+00 0.000000e+00 0.000000e+00 0.000000e+00 0.000000e+00 0.000000e+00 0.000000e+00 0.000000e+00 0.000000e+00
[161] 0.000000e+00 0.000000e+00 0.000000e+00 0.000000e+00 0.000000e+00 0.000000e+00 0.000000e+00 0.000000e+00 0.000000e+00 0.000000e+00
[171] 0.000000e+00 0.000000e+00 0.000000e+00 0.000000e+00 0.000000e+00 0.000000e+00 0.000000e+00 0.000000e+00 0.000000e+00 0.000000e+00
[181] 0.000000e+00 0.000000e+00 0.000000e+00 0.000000e+00 0.000000e+00 0.000000e+00 0.000000e+00 0.000000e+00 0.000000e+00 0.000000e+00
[191] 0.000000e+00 0.000000e+00 0.000000e+00 0.000000e+00 0.000000e+00 0.000000e+00 0.000000e+00 0.000000e+00 0.000000e+00 0.000000e+00
> xstart
     Var1 Var2
1224 10.0  4.6
1275 10.0  4.8
1326 10.0  5.0
1377 10.0  5.2
1428 10.0  5.4
1479 10.0  5.6
1530 10.0  5.8
1581 10.0  6.0
1632 10.0  6.2
1683 10.0  6.4
1734 10.0  6.6
1785 10.0  6.8
1836 10.0  7.0
1887 10.0  7.2
1938 10.0  7.4
1989 10.0  7.6
2040 10.0  7.8
2091 10.0  8.0
2142 10.0  8.2
2193 10.0  8.4
2244 10.0  8.6
2295 10.0  8.8
2346 10.0  9.0
2397 10.0  9.2
2448 10.0  9.4
2499 10.0  9.6
2550 10.0  9.8
2600  9.8 10.0
2549  9.8  9.8
2498  9.8  9.6
2447  9.8  9.4
2396  9.8  9.2
2345  9.8  9.0
2294  9.8  8.8
2243  9.8  8.6
2192  9.8  8.4
2141  9.8  8.2
2090  9.8  8.0
2039  9.8  7.8
1988  9.8  7.6
1937  9.8  7.4
1886  9.8  7.2
1835  9.8  7.0
1784  9.8  6.8
1733  9.8  6.6
1682  9.8  6.4
1631  9.8  6.2
1580  9.8  6.0
1529  9.8  5.8
1478  9.8  5.6
1427  9.8  5.4
1376  9.8  5.2
1325  9.8  5.0
1274  9.8  4.8
1223  9.8  4.6
1172  9.8  4.4
1173 10.0  4.4
1122 10.0  4.2
1121  9.8  4.2
1071 10.0  4.0
1070  9.8  4.0
1020 10.0  3.8
1019  9.8  3.8
969  10.0  3.6
968   9.8  3.6
917   9.8  3.4
918  10.0  3.4
866   9.8  3.2
867  10.0  3.2
815   9.8  3.0
2599  9.6 10.0
2548  9.6  9.8
2497  9.6  9.6
2446  9.6  9.4
2395  9.6  9.2
2344  9.6  9.0
2293  9.6  8.8
2242  9.6  8.6
2191  9.6  8.4
2140  9.6  8.2
2089  9.6  8.0
2038  9.6  7.8
1987  9.6  7.6
1936  9.6  7.4
1885  9.6  7.2
1834  9.6  7.0
1783  9.6  6.8
1732  9.6  6.6
1681  9.6  6.4
1630  9.6  6.2
1579  9.6  6.0
1528  9.6  5.8
1477  9.6  5.6
1426  9.6  5.4
1375  9.6  5.2
1324  9.6  5.0
1273  9.6  4.8
1222  9.6  4.6
1171  9.6  4.4
1120  9.6  4.2
1069  9.6  4.0
1018  9.6  3.8
967   9.6  3.6
916   9.6  3.4
865   9.6  3.2
816  10.0  3.0
814   9.6  3.0
765  10.0  2.8
764   9.8  2.8
763   9.6  2.8
712   9.6  2.6
713   9.8  2.6
714  10.0  2.6
663  10.0  2.4
662   9.8  2.4
661   9.6  2.4
612  10.0  2.2
611   9.8  2.2
610   9.6  2.2
561  10.0  2.0
560   9.8  2.0
559   9.6  2.0
510  10.0  1.8
509   9.8  1.8
508   9.6  1.8
459  10.0  1.6
458   9.8  1.6
457   9.6  1.6
408  10.0  1.4
407   9.8  1.4
406   9.6  1.4
357  10.0  1.2
356   9.8  1.2
355   9.6  1.2
306  10.0  1.0
305   9.8  1.0
304   9.6  1.0
253   9.6  0.8
254   9.8  0.8
255  10.0  0.8
202   9.6  0.6
203   9.8  0.6
204  10.0  0.6
151   9.6  0.4
152   9.8  0.4
153  10.0  0.4
102  10.0  0.2
101   9.8  0.2
100   9.6  0.2
51   10.0  0.0
50    9.8  0.0
49    9.6  0.0
48    9.4  0.0
99    9.4  0.2
150   9.4  0.4
201   9.4  0.6
252   9.4  0.8
303   9.4  1.0
354   9.4  1.2
405   9.4  1.4
456   9.4  1.6
507   9.4  1.8
558   9.4  2.0
609   9.4  2.2
660   9.4  2.4
711   9.4  2.6
762   9.4  2.8
813   9.4  3.0
864   9.4  3.2
915   9.4  3.4
966   9.4  3.6
1017  9.4  3.8
1068  9.4  4.0
1119  9.4  4.2
1170  9.4  4.4
1221  9.4  4.6
1272  9.4  4.8
1323  9.4  5.0
1374  9.4  5.2
1425  9.4  5.4
1476  9.4  5.6
1527  9.4  5.8
1578  9.4  6.0
1629  9.4  6.2
1680  9.4  6.4
1731  9.4  6.6
1782  9.4  6.8
1833  9.4  7.0
1884  9.4  7.2
1935  9.4  7.4
1986  9.4  7.6
2037  9.4  7.8
2088  9.4  8.0
2139  9.4  8.2
2190  9.4  8.4
2241  9.4  8.6
2292  9.4  8.8
2343  9.4  9.0
2394  9.4  9.2
2445  9.4  9.4