user  system elapsed 
1287.39    0.64 1292.11 
> #-----------------------------------------------------------------------------------------------
> as.numeric(row.names(xstart))
  [1]   1   4  79  83 160  87 233 237  14  91 168  95 172  22 314 310 383 387 395 456 541 537 545 533 622 618 614 610  11 526 175
 [32] 475 226 376 325  76 625  25  60 604 616  20  72 543 316 389 243 235 308 397  56  68  64  16 556 608 539 393 547 154 162 454
 [63] 256 595 560 331 214 191 587 410 433 183 343 287 106 122 506   6 110 118 337 366 270 206 114  27 606  18 510 264 360 293 133
 [94] 575 525 141  75 125 483 576 176 326 375 126 598 276 425 602 156 476 426 225 275 553 503 164 460 103 448 498 298 348 278 203
[125] 403  37 592  49 229 305 247 446 590 496 354 149 328 444 494 346 405 438 320  99 492 452 442 549 620 152 612 211 399 381 529
[156] 490 488 440 284  45  33 583  41 296 601  29  26 624 416 282 249 352   9 252 137 145 196 194 580 364 266 217 220 407 130 240
[187] 209 199  24   7 369  13 480  77 569 486 180 563 436 358
> setdiff(1:N,as.numeric(row.names(xstart)))
  [1]   2   3   5   8  10  12  15  17  19  21  23  28  30  31  32  34  35  36  38  39  40  42  43  44  46  47  48  50  51  52  53
 [32]  54  55  57  58  59  61  62  63  65  66  67  69  70  71  73  74  78  80  81  82  84  85  86  88  89  90  92  93  94  96  97
 [63]  98 100 101 102 104 105 107 108 109 111 112 113 115 116 117 119 120 121 123 124 127 128 129 131 132 134 135 136 138 139 140
 [94] 142 143 144 146 147 148 150 151 153 155 157 158 159 161 163 165 166 167 169 170 171 173 174 177 178 179 181 182 184 185 186
[125] 187 188 189 190 192 193 195 197 198 200 201 202 204 205 207 208 210 212 213 215 216 218 219 221 222 223 224 227 228 230 231
[156] 232 234 236 238 239 241 242 244 245 246 248 250 251 253 254 255 257 258 259 260 261 262 263 265 267 268 269 271 272 273 274
[187] 277 279 280 281 283 285 286 288 289 290 291 292 294 295 297 299 300 301 302 303 304 306 307 309 311 312 313 315 317 318 319
[218] 321 322 323 324 327 329 330 332 333 334 335 336 338 339 340 341 342 344 345 347 349 350 351 353 355 356 357 359 361 362 363
[249] 365 367 368 370 371 372 373 374 377 378 379 380 382 384 385 386 388 390 391 392 394 396 398 400 401 402 404 406 408 409 411
[280] 412 413 414 415 417 418 419 420 421 422 423 424 427 428 429 430 431 432 434 435 437 439 441 443 445 447 449 450 451 453 455
[311] 457 458 459 461 462 463 464 465 466 467 468 469 470 471 472 473 474 477 478 479 481 482 484 485 487 489 491 493 495 497 499
[342] 500 501 502 504 505 507 508 509 511 512 513 514 515 516 517 518 519 520 521 522 523 524 527 528 530 531 532 534 535 536 538
[373] 540 542 544 546 548 550 551 552 554 555 557 558 559 561 562 564 565 566 567 568 570 571 572 573 574 577 578 579 581 582 584
[404] 585 586 588 589 591 593 594 596 597 599 600 603 605 607 609 611 613 615 617 619 621 623
> s.all <- sort(c(as.numeric(row.names(xstart)),setdiff(1:N,as.numeric(row.names(xstart)))))
> s.all2 <- sort(c(as.numeric(row.names(xstart)),as.numeric(row.names(xcan))))
> all.equal(1:N,s.all)
[1] TRUE
> all.equal(1:N,s.all2)
[1] TRUE
> nrow(xstart)
[1] 200
> nrow(xstart)-n1 
[1] 196
> nleft
[1] 196
> M.COUNT[nleft,]
  [1] 1 1 1 1 1 1 1 0 1 1 1 1 1 1 1 1 1 1 1 1 1 1 1 1 1 1 1 1 1 1 1 1 0 1 1 1 1 1 1 1 1 1 1 1 1 1 1 1 1 1 1 1 1 1 1 1 1 0 1 1 1 1
 [63] 1 1 1 1 1 1 1 1 1 1 1 1 1 1 1 0 1 1 1 1 1 0 1 1 1 0 1 1 0 1 1 1 1 1 0 1 1 1
> M.COUNT <- M.COUNT[1:(nrow(xstart)-n1),]
> dim(M.COUNT)
[1] 196 100
> M.COUNT[nrow(xstart)-n1,]
  [1] 1 1 1 1 1 1 1 0 1 1 1 1 1 1 1 1 1 1 1 1 1 1 1 1 1 1 1 1 1 1 1 1 0 1 1 1 1 1 1 1 1 1 1 1 1 1 1 1 1 1 1 1 1 1 1 1 1 0 1 1 1 1
 [63] 1 1 1 1 1 1 1 1 1 1 1 1 1 1 1 0 1 1 1 1 1 0 1 1 1 0 1 1 0 1 1 1 1 1 0 1 1 1
> av.hit.iter <- apply(M.COUNT,1,mean)
> av.hit.run <- apply(M.COUNT,2,mean)
> av.hit.iter
  [1] 0.73 0.74 0.73 0.73 0.78 0.72 0.74 0.79 0.73 0.78 0.72 0.69 0.74 0.73 0.80 0.80 0.69 0.77 0.78 0.75 0.83 0.80 0.74 0.75 0.77
 [26] 0.70 0.72 0.83 0.80 0.86 0.76 0.78 0.75 0.74 0.70 0.79 0.77 0.78 0.78 0.72 0.73 0.75 0.77 0.78 0.76 0.81 0.79 0.78 0.72 0.76
 [51] 0.66 0.80 0.84 0.79 0.79 0.77 0.73 0.78 0.80 0.81 0.72 0.72 0.78 0.75 0.79 0.84 0.84 0.74 0.75 0.73 0.79 0.76 0.82 0.83 0.81
 [76] 0.73 0.75 0.75 0.69 0.68 0.77 0.69 0.78 0.77 0.75 0.60 0.65 0.68 0.60 0.74 0.74 0.67 0.71 0.73 0.65 0.70 0.59 0.72 0.60 0.70
[101] 0.64 0.64 0.66 0.66 0.74 0.64 0.64 0.76 0.68 0.73 0.67 0.72 0.61 0.76 0.79 0.66 0.71 0.74 0.80 0.80 0.71 0.72 0.72 0.73 0.68
[126] 0.76 0.77 0.78 0.66 0.79 0.72 0.73 0.78 0.81 0.78 0.82 0.70 0.73 0.76 0.86 0.78 0.75 0.74 0.79 0.78 0.70 0.71 0.86 0.75 0.75
[151] 0.81 0.78 0.75 0.82 0.80 0.77 0.81 0.78 0.80 0.80 0.83 0.80 0.80 0.81 0.83 0.91 0.78 0.80 0.83 0.79 0.86 0.80 0.85 0.87 0.88
[176] 0.89 0.83 0.84 0.84 0.85 0.88 0.86 0.88 0.90 0.89 0.90 0.91 0.96 0.95 0.88 0.94 0.92 0.93 0.93 0.84 0.92
> av.hit.run
  [1] 0.7500000 0.7806122 0.7959184 0.7704082 0.7959184 0.7959184 0.8316327 0.7500000 0.7551020 0.7500000 0.7244898 0.7602041
 [13] 0.7500000 0.7959184 0.8265306 0.8112245 0.7448980 0.7346939 0.7704082 0.7806122 0.7959184 0.7346939 0.7500000 0.7448980
 [25] 0.7806122 0.7091837 0.7142857 0.7959184 0.7551020 0.7091837 0.7959184 0.8265306 0.8163265 0.7551020 0.7602041 0.7857143
 [37] 0.7500000 0.7653061 0.7806122 0.7397959 0.8163265 0.7448980 0.7857143 0.7142857 0.7346939 0.7908163 0.7755102 0.6989796
 [49] 0.8112245 0.7551020 0.7551020 0.8112245 0.7959184 0.7959184 0.8010204 0.8061224 0.8010204 0.7908163 0.7704082 0.7500000
 [61] 0.7857143 0.6785714 0.7397959 0.7908163 0.7908163 0.7806122 0.7704082 0.7500000 0.7806122 0.7244898 0.7653061 0.7755102
 [73] 0.7755102 0.7755102 0.8010204 0.8265306 0.7602041 0.7704082 0.8265306 0.7193878 0.7295918 0.7397959 0.8367347 0.7857143
 [85] 0.7653061 0.7346939 0.7959184 0.8010204 0.7295918 0.7551020 0.7704082 0.7551020 0.8061224 0.7397959 0.7142857 0.7806122
 [97] 0.6989796 0.7857143 0.7551020 0.7295918
> dim(M.COUNT)
[1] 196 100
> nrow(M.COUNT)
[1] 196
> length(av.hit.iter)
[1] 196
> E11
  [1] 0.9791889 0.9770765 0.9690955 0.9547515 0.9469755 0.9332621 0.9220876 0.9072519 0.8949770 0.8812885 0.8688642 0.8538383
 [13] 0.8412706 0.8331446 0.8206628 0.8054585 0.7927334 0.7844750 0.7718873 0.7565666 0.7442057 0.7441155 0.7360292 0.7265297
 [25] 0.7146315 0.7002707 0.6872077 0.6741140 0.6609763 0.6478189 0.6356663 0.6210256 0.6076951 0.5943326 0.5809247 0.5674960
 [37] 0.5550813 0.5399245 0.5252882 0.5116661 0.4990697 0.4856009 0.4729279 0.4580657 0.4441116 0.4307036 0.4178469 0.4045651
 [49] 0.3952807 0.3876188 0.3805459 0.3734573 0.3663438 0.3592114 0.3551002 0.3477731 0.3431773 0.3385508 0.3339079 0.3292487
 [61] 0.3246009 0.3199365 0.3155246 0.3121622 0.3087878 0.3084828 0.3061880 0.3045024 0.3007239 0.2982031 0.2965303 0.2938713
 [73] 0.2913255 0.2887584 0.2836691 0.2810790 0.2784912 0.2758876 0.2729604 0.2703659 0.2658062 0.2632165 0.2606173 0.2582094
 [85] 0.2558228 0.2462659 0.2433849 0.2401624 0.2377976 0.2354493 0.2332137 0.2308683 0.2284731 0.2262442 0.2241477 0.2217349
 [97] 0.2195213 0.2171186 0.2146998 0.2122773 0.2102293 0.2082592 0.2062326 0.2050127 0.2030288 0.2010459 0.1990183 0.1972216
[109] 0.1952040 0.1931550 0.1919969 0.1908370 0.1889312 0.1872305 0.1854609 0.1837107 0.1826724 0.1807961 0.1796987 0.1779305
[121] 0.1767582 0.1756617 0.1745596 0.1731143 0.1720883 0.1706016 0.1695554 0.1684746 0.1665914 0.1651423 0.1636870 0.1622129
[133] 0.1607672 0.1592828 0.1572984 0.1551742 0.1540677 0.1530353 0.1516299 0.1502248 0.1488078 0.1475003 0.1465137 0.1449612
[145] 0.1437837 0.1425250 0.1410142 0.1397895 0.1389671 0.1377299 0.1370234 0.1362689 0.1358001 0.1350436 0.1345652 0.1335142
[157] 0.1327444 0.1316235 0.1306178 0.1287387 0.1279896 0.1272571 0.1265204 0.1257805 0.1249303 0.1239349 0.1237683 0.1230429
[169] 0.1227510 0.1224221 0.1216137 0.1208641 0.1203061 0.1197656 0.1189301 0.1181484 0.1176263 0.1167602 0.1160104 0.1152322
[181] 0.1144904 0.1139291 0.1133708 0.1128164 0.1122654 0.1120318 0.1116941 0.1111514 0.1108109 0.1102645 0.1097991 0.1092511
[193] 0.1087145 0.1081571 0.1076121 0.1066555
> E12
  [1] 0.9796387 0.9775576 0.9695775 0.9551714 0.9473480 0.9336787 0.9225170 0.9077167 0.8954652 0.8818082 0.8694182 0.8544328
 [13] 0.8419055 0.8337906 0.8213389 0.8061755 0.7934900 0.7852435 0.7726785 0.7573893 0.7450477 0.7448963 0.7368113 0.7273263
 [25] 0.7154420 0.7011142 0.6880805 0.6750158 0.6619071 0.6487807 0.6366424 0.6220351 0.6087342 0.5954011 0.5820225 0.5686251
 [37] 0.5562251 0.5411043 0.5265076 0.5129174 0.5003300 0.4868810 0.4742207 0.4593709 0.4454277 0.4320356 0.4191859 0.4059113
 [49] 0.3968181 0.3891690 0.3821093 0.3750335 0.3679328 0.3608161 0.3565235 0.3492027 0.3446260 0.3400223 0.3354023 0.3307659
 [61] 0.3261334 0.3214842 0.3170858 0.3137345 0.3103712 0.3100213 0.3077574 0.3061084 0.3024130 0.2999525 0.2983172 0.2957363
 [73] 0.2932452 0.2907489 0.2857543 0.2832286 0.2806985 0.2781539 0.2753117 0.2727576 0.2683175 0.2657698 0.2632127 0.2608268
 [85] 0.2584471 0.2484912 0.2457118 0.2425948 0.2402199 0.2378631 0.2356260 0.2332726 0.2308710 0.2286343 0.2265325 0.2241135
 [97] 0.2218908 0.2194610 0.2170269 0.2145743 0.2125433 0.2106007 0.2085752 0.2073751 0.2053854 0.2033938 0.2013748 0.1996009
[109] 0.1975845 0.1955625 0.1944073 0.1932479 0.1913093 0.1895870 0.1878105 0.1860465 0.1850207 0.1831333 0.1820394 0.1802463
[121] 0.1791133 0.1780395 0.1769603 0.1755037 0.1744478 0.1729587 0.1719158 0.1708197 0.1688967 0.1674277 0.1659501 0.1644880
[133] 0.1630464 0.1615734 0.1595721 0.1574046 0.1563386 0.1553109 0.1539041 0.1524999 0.1510779 0.1497864 0.1488233 0.1472487
[145] 0.1460699 0.1448115 0.1433400 0.1421035 0.1412754 0.1400116 0.1393249 0.1385710 0.1381056 0.1373484 0.1368759 0.1358475
[157] 0.1350688 0.1339292 0.1329333 0.1309597 0.1302030 0.1294717 0.1287312 0.1279894 0.1271594 0.1261738 0.1260188 0.1252881
[169] 0.1250192 0.1247051 0.1239069 0.1231744 0.1226242 0.1220956 0.1212443 0.1204653 0.1199444 0.1190739 0.1183238 0.1175409
[181] 0.1167886 0.1162371 0.1156971 0.1151577 0.1146197 0.1143713 0.1140511 0.1135200 0.1131978 0.1126553 0.1121971 0.1116657
[193] 0.1111339 0.1105667 0.1100259 0.1090331
> E22
  [1] 0.97892463 0.97682311 0.96805779 0.95342569 0.94532010 0.93109300 0.91916559 0.90384830 0.89077549 0.87647698 0.86326844
 [12] 0.84774440 0.83440306 0.82581058 0.81252108 0.79681045 0.78329686 0.77455958 0.76111972 0.74524447 0.73191519 0.73190720
 [23] 0.72323218 0.71275757 0.70006088 0.68505520 0.67116152 0.65723902 0.64326976 0.62927008 0.61630279 0.60100211 0.58682377
 [34] 0.57261534 0.55835866 0.54407023 0.53082384 0.51506960 0.49951455 0.48502386 0.47157596 0.45713185 0.44360129 0.42792992
 [45] 0.41274728 0.39830020 0.38456464 0.37015125 0.36006536 0.35174737 0.34395976 0.33615541 0.32832372 0.32047010 0.31611189
 [56] 0.30812110 0.30298289 0.29779205 0.29258273 0.28735550 0.28217539 0.27697676 0.27203329 0.26832606 0.26460550 0.26437990
 [67] 0.26184454 0.25996036 0.25572557 0.25289358 0.25103606 0.24801483 0.24516411 0.24225982 0.23665080 0.23373224 0.23082952
 [78] 0.22790444 0.22455505 0.22169668 0.21660706 0.21375553 0.21089352 0.20831821 0.20583643 0.19659914 0.19321915 0.18933864
 [89] 0.18692837 0.18451383 0.18219285 0.17978507 0.17734012 0.17502432 0.17284409 0.17038414 0.16810297 0.16569875 0.16326127
[100] 0.16084013 0.15863599 0.15651948 0.15437688 0.15311149 0.15105035 0.14900191 0.14686171 0.14492478 0.14281941 0.14045216
[111] 0.13934068 0.13823139 0.13636270 0.13467192 0.13281179 0.13108123 0.13003670 0.12810892 0.12700002 0.12527114 0.12397517
[122] 0.12283336 0.12168488 0.12023154 0.11929371 0.11784234 0.11682654 0.11579547 0.11391184 0.11255983 0.11120426 0.10969867
[133] 0.10825233 0.10675363 0.10474670 0.10256017 0.10133313 0.10026216 0.09891233 0.09755614 0.09620025 0.09489152 0.09384232
[144] 0.09227814 0.09114202 0.08993839 0.08825143 0.08714052 0.08636220 0.08525129 0.08452663 0.08382147 0.08336619 0.08266148
[155] 0.08219418 0.08112917 0.08042220 0.07943181 0.07845346 0.07680719 0.07609457 0.07540663 0.07471191 0.07401338 0.07318510
[166] 0.07223594 0.07202865 0.07135591 0.07100542 0.07065565 0.06990043 0.06919857 0.06866577 0.06815573 0.06743093 0.06669656
[177] 0.06622985 0.06543603 0.06474631 0.06406750 0.06345378 0.06293383 0.06241085 0.06189942 0.06139556 0.06117641 0.06084163
[188] 0.06035471 0.06001802 0.05953421 0.05910213 0.05860933 0.05814242 0.05766606 0.05719459 0.05639341
> E21
  [1] 0.97923216 0.97714576 0.96837683 0.95372943 0.94561092 0.93142971 0.91951551 0.90423590 0.89119084 0.87692450 0.86375102
 [12] 0.84826785 0.83496778 0.82638738 0.81312891 0.79745943 0.78398615 0.77526102 0.76184464 0.74600117 0.73269202 0.73265025
 [23] 0.72397716 0.71351782 0.70083561 0.68586377 0.67200036 0.65810784 0.64416853 0.63020081 0.61724841 0.60198195 0.58783425
 [34] 0.57365616 0.55942982 0.54517376 0.53194259 0.51622521 0.50071125 0.48625344 0.47281533 0.45839210 0.44487480 0.42921685
 [45] 0.41404722 0.39961739 0.38588979 0.37148485 0.36150373 0.35319893 0.34542516 0.33763429 0.32981609 0.32197864 0.31752609
 [56] 0.30954235 0.30442359 0.29925606 0.29407013 0.28886624 0.28370176 0.27851882 0.27358897 0.26989321 0.26618417 0.26593432
 [67] 0.26342686 0.26157462 0.25740269 0.25462277 0.25279776 0.24984370 0.24703985 0.24419633 0.23865689 0.23579274 0.23293943
 [78] 0.23006599 0.22679206 0.22396800 0.21895779 0.21614078 0.21331341 0.21075454 0.20827504 0.19873531 0.19544453 0.19166937
 [89] 0.18924623 0.18681801 0.18448942 0.18206940 0.17961379 0.17728768 0.17510058 0.17262995 0.17033714 0.16790539 0.16544874
[100] 0.16299765 0.16080588 0.15870977 0.15656727 0.15531593 0.15324861 0.15119119 0.14905611 0.14713663 0.14503025 0.14269310
[111] 0.14157905 0.14046556 0.13856740 0.13685596 0.13499052 0.13324357 0.13220620 0.13026853 0.12916225 0.12740833 0.12614398
[122] 0.12501843 0.12388633 0.12242301 0.12146036 0.12000211 0.11898547 0.11794054 0.11602537 0.11465190 0.11327314 0.11177322
[133] 0.11032565 0.10883081 0.10680819 0.10459154 0.10339514 0.10232674 0.10096908 0.09960648 0.09823970 0.09693834 0.09590598
[144] 0.09432477 0.09318243 0.09197302 0.09031825 0.08918983 0.08840466 0.08726630 0.08655477 0.08584709 0.08539256 0.08468449
[155] 0.08421940 0.08316594 0.08244997 0.08143820 0.08046298 0.07873968 0.07801855 0.07732778 0.07662679 0.07592295 0.07510428
[166] 0.07415604 0.07395621 0.07327584 0.07294100 0.07260123 0.07184830 0.07115339 0.07062418 0.07011978 0.06938058 0.06864268
[177] 0.06817397 0.06737249 0.06667713 0.06598885 0.06536004 0.06484372 0.06432903 0.06382380 0.06332464 0.06309523 0.06276967
[188] 0.06228654 0.06195923 0.06147498 0.06104429 0.06055694 0.06008892 0.05960268 0.05912910 0.05829604
> E1.dif
  [1] 0.0004498222 0.0004810806 0.0004819665 0.0004199583 0.0003725160 0.0004166022 0.0004293576 0.0004648375 0.0004882029
 [10] 0.0005196601 0.0005539945 0.0005945693 0.0006348828 0.0006460074 0.0006761119 0.0007170205 0.0007566186 0.0007685100
 [19] 0.0007912117 0.0008226695 0.0008419739 0.0007808056 0.0007820701 0.0007965498 0.0008104744 0.0008435242 0.0008728262
 [28] 0.0009018037 0.0009307773 0.0009617510 0.0009760821 0.0010094880 0.0010391401 0.0010684636 0.0010977919 0.0011291711
 [37] 0.0011437969 0.0011797581 0.0012194194 0.0012513834 0.0012602903 0.0012801761 0.0012927471 0.0013051568 0.0013160798
 [46] 0.0013320757 0.0013390179 0.0013461245 0.0015374384 0.0015502302 0.0015633958 0.0015762100 0.0015890471 0.0016046833
 [55] 0.0014232549 0.0014295906 0.0014486811 0.0014715159 0.0014944395 0.0015172831 0.0015324576 0.0015476986 0.0015611945
 [64] 0.0015723085 0.0015834610 0.0015385073 0.0015693958 0.0016060492 0.0016891431 0.0017493768 0.0017869071 0.0018649890
 [73] 0.0019196310 0.0019905035 0.0020851772 0.0021495255 0.0022073298 0.0022663334 0.0023513181 0.0023917650 0.0025112626
 [82] 0.0025532743 0.0025954328 0.0026173672 0.0026242200 0.0022252186 0.0023268290 0.0024324286 0.0024223389 0.0024137926
 [91] 0.0024123424 0.0024043330 0.0023978889 0.0023901402 0.0023848430 0.0023785985 0.0023695336 0.0023424699 0.0023270214
[100] 0.0022970391 0.0023139201 0.0023414582 0.0023426042 0.0023623565 0.0023566474 0.0023479275 0.0023564866 0.0023792238
[109] 0.0023804453 0.0024074702 0.0024104348 0.0024109496 0.0023781154 0.0023564374 0.0023495805 0.0023357916 0.0023482841
[118] 0.0023372047 0.0023406995 0.0023158052 0.0023551049 0.0023777859 0.0024006885 0.0023893979 0.0023595243 0.0023571314
[127] 0.0023603528 0.0023450457 0.0023053571 0.0022854174 0.0022631120 0.0022750954 0.0022791995 0.0022905468 0.0022736979
[136] 0.0022304285 0.0022709857 0.0022755797 0.0022742586 0.0022750587 0.0022701813 0.0022860633 0.0023096277 0.0022874653
[145] 0.0022862151 0.0022864096 0.0023258342 0.0023139730 0.0023082180 0.0022817500 0.0023015539 0.0023020362 0.0023055381
[154] 0.0023048155 0.0023107307 0.0023332773 0.0023244319 0.0023057023 0.0023155425 0.0022210044 0.0022133721 0.0022146252
[163] 0.0022107397 0.0022089618 0.0022290433 0.0022388274 0.0022505189 0.0022451643 0.0022681700 0.0022830246 0.0022932061
[172] 0.0023103117 0.0023180148 0.0023299892 0.0023141641 0.0023169364 0.0023180899 0.0023137411 0.0023133899 0.0023086523
[181] 0.0022982137 0.0023080337 0.0023262874 0.0023412706 0.0023543611 0.0023394941 0.0023569968 0.0023686106 0.0023869022
[190] 0.0023908608 0.0023979692 0.0024146302 0.0024194555 0.0024095053 0.0024137796 0.0023775846
> E2.dif
  [1] 0.0003075268 0.0003226564 0.0003190417 0.0003037382 0.0002908219 0.0003367064 0.0003499281 0.0003875998 0.0004153485
 [10] 0.0004475183 0.0004825840 0.0005234423 0.0005647223 0.0005768044 0.0006078260 0.0006489819 0.0006892872 0.0007014399
 [19] 0.0007249176 0.0007567055 0.0007768303 0.0007430500 0.0007449748 0.0007602553 0.0007747350 0.0008085754 0.0008388402
 [28] 0.0008688157 0.0008987718 0.0009307208 0.0009456244 0.0009798372 0.0010104751 0.0010408207 0.0010711545 0.0011035316
 [37] 0.0011187481 0.0011556044 0.0011967064 0.0012295811 0.0012393699 0.0012602557 0.0012735079 0.0012869290 0.0012999424
 [46] 0.0013171900 0.0013251519 0.0013335975 0.0014383744 0.0014515520 0.0014653988 0.0014788746 0.0014923691 0.0015085429
 [55] 0.0014142012 0.0014212558 0.0014406965 0.0014640040 0.0014874000 0.0015107341 0.0015263675 0.0015420624 0.0015556864
 [64] 0.0015671571 0.0015786675 0.0015544137 0.0015823179 0.0016142599 0.0016771204 0.0017291916 0.0017616977 0.0018288657
 [73] 0.0018757356 0.0019365093 0.0020060946 0.0020605014 0.0021099059 0.0021615508 0.0022370087 0.0022713153 0.0023507297
 [82] 0.0023852478 0.0024198833 0.0024363369 0.0024386171 0.0021361659 0.0022253795 0.0023307226 0.0023178541 0.0023041796
 [91] 0.0022965618 0.0022843216 0.0022736666 0.0022633558 0.0022564876 0.0022458065 0.0022341706 0.0022066446 0.0021874692
[100] 0.0021575209 0.0021698949 0.0021902955 0.0021903883 0.0022044412 0.0021982567 0.0021892822 0.0021943952 0.0022118461
[109] 0.0022108387 0.0022409484 0.0022383750 0.0022341772 0.0022046988 0.0021840382 0.0021787361 0.0021623370 0.0021695032
[118] 0.0021596066 0.0021622307 0.0021371945 0.0021688148 0.0021850619 0.0022014487 0.0021914728 0.0021666560 0.0021597632
[127] 0.0021589374 0.0021450683 0.0021135298 0.0020920728 0.0020688870 0.0020745457 0.0020733189 0.0020771765 0.0020614898
[136] 0.0020313674 0.0020620084 0.0020645822 0.0020567467 0.0020503423 0.0020394543 0.0020468195 0.0020636576 0.0020466224
[145] 0.0020404153 0.0020346260 0.0020668147 0.0020493169 0.0020424591 0.0020150083 0.0020281381 0.0020256224 0.0020263690
[154] 0.0020230049 0.0020252213 0.0020367745 0.0020277711 0.0020063943 0.0020095276 0.0019324953 0.0019239768 0.0019211484
[163] 0.0019148740 0.0019095764 0.0019191807 0.0019200990 0.0019275631 0.0019199281 0.0019355758 0.0019455854 0.0019478754
[172] 0.0019548215 0.0019584128 0.0019640450 0.0019496517 0.0019461237 0.0019441193 0.0019364611 0.0019308218 0.0019213470
[181] 0.0019062535 0.0019098814 0.0019181879 0.0019243773 0.0019290773 0.0019188167 0.0019280454 0.0019318311 0.0019412043
[190] 0.0019407727 0.0019421614 0.0019476080 0.0019465035 0.0019366250 0.0019345146 0.0019026239
> SUM.E1E2
  [1] 0.0007573489 0.0008037370 0.0008010082 0.0007236965 0.0006633379 0.0007533086 0.0007792857 0.0008524373 0.0009035514
 [10] 0.0009671784 0.0010365785 0.0011180116 0.0011996052 0.0012228118 0.0012839379 0.0013660024 0.0014459058 0.0014699499
 [19] 0.0015161293 0.0015793750 0.0016188042 0.0015238556 0.0015270449 0.0015568051 0.0015852094 0.0016520997 0.0017116664
 [28] 0.0017706194 0.0018295491 0.0018924718 0.0019217065 0.0019893251 0.0020496153 0.0021092843 0.0021689464 0.0022327027
 [37] 0.0022625450 0.0023353625 0.0024161257 0.0024809645 0.0024996602 0.0025404319 0.0025662550 0.0025920857 0.0026160222
 [46] 0.0026492658 0.0026641698 0.0026797221 0.0029758128 0.0030017822 0.0030287945 0.0030550847 0.0030814163 0.0031132262
 [55] 0.0028374561 0.0028508464 0.0028893776 0.0029355199 0.0029818395 0.0030280172 0.0030588251 0.0030897610 0.0031168808
 [64] 0.0031394656 0.0031621285 0.0030929210 0.0031517137 0.0032203091 0.0033662635 0.0034785683 0.0035486048 0.0036938547
 [73] 0.0037953666 0.0039270128 0.0040912717 0.0042100269 0.0043172357 0.0044278843 0.0045883267 0.0046630803 0.0048619923
 [82] 0.0049385221 0.0050153161 0.0050537041 0.0050628370 0.0043613845 0.0045522085 0.0047631511 0.0047401930 0.0047179722
 [91] 0.0047089042 0.0046886547 0.0046715556 0.0046534959 0.0046413305 0.0046244049 0.0046037041 0.0045491145 0.0045144906
[100] 0.0044545600 0.0044838150 0.0045317537 0.0045329925 0.0045667977 0.0045549041 0.0045372096 0.0045508818 0.0045910699
[109] 0.0045912839 0.0046484186 0.0046488099 0.0046451269 0.0045828142 0.0045404756 0.0045283166 0.0044981286 0.0045177873
[118] 0.0044968113 0.0045029302 0.0044529997 0.0045239196 0.0045628478 0.0046021373 0.0045808707 0.0045261803 0.0045168946
[127] 0.0045192902 0.0044901141 0.0044188869 0.0043774901 0.0043319990 0.0043496411 0.0043525185 0.0043677234 0.0043351877
[136] 0.0042617959 0.0043329942 0.0043401619 0.0043310054 0.0043254010 0.0043096355 0.0043328828 0.0043732853 0.0043340877
[145] 0.0043266304 0.0043210356 0.0043926489 0.0043632899 0.0043506771 0.0042967583 0.0043296920 0.0043276585 0.0043319072
[154] 0.0043278204 0.0043359520 0.0043700518 0.0043522030 0.0043120966 0.0043250701 0.0041534997 0.0041373489 0.0041357736
[163] 0.0041256138 0.0041185382 0.0041482240 0.0041589263 0.0041780820 0.0041650924 0.0042037457 0.0042286100 0.0042410815
[172] 0.0042651332 0.0042764276 0.0042940341 0.0042638158 0.0042630601 0.0042622092 0.0042502022 0.0042442117 0.0042299994
[181] 0.0042044672 0.0042179151 0.0042444753 0.0042656479 0.0042834384 0.0042583107 0.0042850422 0.0043004417 0.0043281065
[190] 0.0043316335 0.0043401306 0.0043622382 0.0043659590 0.0043461303 0.0043482941 0.0042802086
> int.hit.n <- c(1,2,3,4,5,6,16,36,76,116,156,length(av.hit.iter))
> int.hit.n
 [1]   1   2   3   4   5   6  16  36  76 116 156 196
> av.hit.iter[int.hit.n]
 [1] 0.73 0.74 0.73 0.73 0.78 0.72 0.80 0.79 0.73 0.66 0.77 0.92
> E11[int.hit.n]
 [1] 0.9791889 0.9770765 0.9690955 0.9547515 0.9469755 0.9332621 0.8054585 0.5674960 0.2810790 0.1837107 0.1335142 0.1066555
> E12[int.hit.n]
 [1] 0.9796387 0.9775576 0.9695775 0.9551714 0.9473480 0.9336787 0.8061755 0.5686251 0.2832286 0.1860465 0.1358475 0.1090331
> E22[int.hit.n]
 [1] 0.97892463 0.97682311 0.96805779 0.95342569 0.94532010 0.93109300 0.79681045 0.54407023 0.23373224 0.13108123 0.08112917
[12] 0.05639341
> E21[int.hit.n]
 [1] 0.97923216 0.97714576 0.96837683 0.95372943 0.94561092 0.93142971 0.79745943 0.54517376 0.23579274 0.13324357 0.08316594
[12] 0.05829604
> E1.dif[int.hit.n]
 [1] 0.0004498222 0.0004810806 0.0004819665 0.0004199583 0.0003725160 0.0004166022 0.0007170205 0.0011291711 0.0021495255
[10] 0.0023357916 0.0023332773 0.0023775846
> E2.dif[int.hit.n]
 [1] 0.0003075268 0.0003226564 0.0003190417 0.0003037382 0.0002908219 0.0003367064 0.0006489819 0.0011035316 0.0020605014
[10] 0.0021623370 0.0020367745 0.0019026239
> SUM.E1E2[int.hit.n]
 [1] 0.0007573489 0.0008037370 0.0008010082 0.0007236965 0.0006633379 0.0007533086 0.0013660024 0.0022327027 0.0042100269
[10] 0.0044981286 0.0043700518 0.0042802086
> round(E11[int.hit.n],digits=5)
 [1] 0.97919 0.97708 0.96910 0.95475 0.94698 0.93326 0.80546 0.56750 0.28108 0.18371 0.13351 0.10666
> round(E12[int.hit.n],digits=5)
 [1] 0.97964 0.97756 0.96958 0.95517 0.94735 0.93368 0.80618 0.56863 0.28323 0.18605 0.13585 0.10903
> round(E22[int.hit.n],digits=5)
 [1] 0.97892 0.97682 0.96806 0.95343 0.94532 0.93109 0.79681 0.54407 0.23373 0.13108 0.08113 0.05639
> round(E21[int.hit.n],digits=5)
 [1] 0.97923 0.97715 0.96838 0.95373 0.94561 0.93143 0.79746 0.54517 0.23579 0.13324 0.08317 0.05830
> round(E1.dif[int.hit.n],digits=5)
 [1] 0.00045 0.00048 0.00048 0.00042 0.00037 0.00042 0.00072 0.00113 0.00215 0.00234 0.00233 0.00238
> round(E2.dif[int.hit.n],digits=5)
 [1] 0.00031 0.00032 0.00032 0.00030 0.00029 0.00034 0.00065 0.00110 0.00206 0.00216 0.00204 0.00190
> round(SUM.E1E2[int.hit.n],digits=5)
 [1] 0.00076 0.00080 0.00080 0.00072 0.00066 0.00075 0.00137 0.00223 0.00421 0.00450 0.00437 0.00428
> ##########################################################
> sel.iter <- c(1,2,3,4,5,6,16,26,36,46)
> av.hit.iter[sel.iter]
 [1] 0.73 0.74 0.73 0.73 0.78 0.72 0.80 0.70 0.79 0.81
> E11[sel.iter]
 [1] 0.9791889 0.9770765 0.9690955 0.9547515 0.9469755 0.9332621 0.8054585 0.7002707 0.5674960 0.4307036
> E12[sel.iter]
 [1] 0.9796387 0.9775576 0.9695775 0.9551714 0.9473480 0.9336787 0.8061755 0.7011142 0.5686251 0.4320356
> E22[sel.iter]
 [1] 0.9789246 0.9768231 0.9680578 0.9534257 0.9453201 0.9310930 0.7968105 0.6850552 0.5440702 0.3983002
> E21[sel.iter]
 [1] 0.9792322 0.9771458 0.9683768 0.9537294 0.9456109 0.9314297 0.7974594 0.6858638 0.5451738 0.3996174
> E1.dif[sel.iter]
 [1] 0.0004498222 0.0004810806 0.0004819665 0.0004199583 0.0003725160 0.0004166022 0.0007170205 0.0008435242 0.0011291711
[10] 0.0013320757
> E2.dif[sel.iter]
 [1] 0.0003075268 0.0003226564 0.0003190417 0.0003037382 0.0002908219 0.0003367064 0.0006489819 0.0008085754 0.0011035316
[10] 0.0013171900
> SUM.E1E2[sel.iter]
 [1] 0.0007573489 0.0008037370 0.0008010082 0.0007236965 0.0006633379 0.0007533086 0.0013660024 0.0016520997 0.0022327027
[10] 0.0026492658
> round(av.hit.iter[sel.iter],digits=5)
 [1] 0.73 0.74 0.73 0.73 0.78 0.72 0.80 0.70 0.79 0.81
> round(E11[sel.iter],digits=5)
 [1] 0.97919 0.97708 0.96910 0.95475 0.94698 0.93326 0.80546 0.70027 0.56750 0.43070
> round(E12[sel.iter],digits=5)
 [1] 0.97964 0.97756 0.96958 0.95517 0.94735 0.93368 0.80618 0.70111 0.56863 0.43204
> round(E22[sel.iter],digits=5)
 [1] 0.97892 0.97682 0.96806 0.95343 0.94532 0.93109 0.79681 0.68506 0.54407 0.39830
> round(E21[sel.iter],digits=5)
 [1] 0.97923 0.97715 0.96838 0.95373 0.94561 0.93143 0.79746 0.68586 0.54517 0.39962
> round(E1.dif[sel.iter],digits=5)
 [1] 0.00045 0.00048 0.00048 0.00042 0.00037 0.00042 0.00072 0.00084 0.00113 0.00133
> round(E2.dif[sel.iter],digits=5)
 [1] 0.00031 0.00032 0.00032 0.00030 0.00029 0.00034 0.00065 0.00081 0.00110 0.00132
> round(SUM.E1E2[sel.iter],digits=5)
 [1] 0.00076 0.00080 0.00080 0.00072 0.00066 0.00075 0.00137 0.00165 0.00223 0.00265
> length(CRIT.vec)
[1] 200
> CRIT.vec <- CRIT.vec[1:nrow(xstart)]
> length(CRIT.vec)
[1] 200
> CRIT.vec
  [1]  -0.6137056  -0.6137056  -0.6137056  -0.6137056  -0.7559930  -0.9053394  -1.0568561  -1.2097984  -1.3626915  -1.5155951
 [11]  -1.6685025  -1.8214130  -1.9741827  -2.1271048  -2.2798864  -2.4328170  -2.5856196  -2.7385604  -2.8913771  -3.0443289
 [21]  -3.1971599  -3.3501224  -3.5029675  -3.6559406  -3.8088000  -3.9615550  -4.1144213  -4.2671379  -4.4200146  -4.5728964
 [31]  -4.7256240  -4.8783589  -5.0311017  -5.1838544  -5.3367641  -5.4896798  -5.6424512  -5.7952299  -5.9480166  -6.1008135
 [41]  -6.2537563  -6.4067058  -6.5593874  -6.7122147  -6.8651778  -7.0180165  -7.1709928  -7.3239762  -7.4767131  -7.6295849
 [51]  -7.7825813  -7.9354651  -8.0878304  -8.2407392  -8.3935017  -8.5462715  -8.6990492  -8.8518370  -9.0047230  -9.1576537
 [61]  -9.3106610  -9.4636784  -9.6166996  -9.7697250  -9.9227730 -10.0758240 -10.2288826 -10.3819851 -10.5350901 -10.6892973
 [71] -10.8449864 -11.0008678 -11.1558830 -11.3115365 -11.4673278 -11.6232272 -11.7792791 -11.9354691 -12.0902236 -12.2458027
 [81] -12.4015242 -12.5573832 -12.7133612 -12.8695011 -13.0247466 -13.1806107 -13.3366295 -13.4928452 -13.6494092 -13.8004389
 [91] -13.9554283 -14.1098531 -14.2650816 -14.4205823 -14.5763530 -14.7323934 -14.8887707 -15.0453881 -15.2022858 -15.3594571
[101] -15.5169124 -15.6747031 -15.8327803 -15.9911445 -16.1498734 -16.3089519 -16.4682985 -16.6280866 -16.7882811 -16.9487730
[111] -17.1095481 -17.2706739 -17.4321124 -17.5902893 -17.7531378 -17.9163518 -18.0799407 -18.2439176 -18.4064995 -18.5713941
[121] -18.7366584 -18.8962969 -19.0569884 -19.2230145 -19.3883641 -19.5552551 -19.7224686 -19.8853521 -20.0437358 -20.2129328
[131] -20.3824811 -20.5468259 -20.7059398 -20.8770870 -21.0486129 -21.2207135 -21.3933753 -21.5664880 -21.7325312 -21.8910286
[141] -22.0656040 -22.2403798 -22.4166152 -22.5932944 -22.7704242 -22.9479992 -23.1259480 -23.2968151 -23.4764362 -23.6563732
[151] -23.8280263 -24.0101297 -24.1929360 -24.3760054 -24.5588298 -24.7434843 -24.9286251 -25.1140053 -25.2995809 -25.4854543
[161] -25.6715729 -25.8579761 -26.0447762 -26.2175944 -26.4059492 -26.5946803 -26.7836175 -26.9726908 -27.1622589 -27.3519760
[171] -27.5418268 -27.7325577 -27.9243568 -28.1162856 -28.3085090 -28.5020206 -28.6960275 -28.8906635 -29.0812412 -29.2770486
[181] -29.4732795 -29.6645624 -29.8620158 -30.0576469 -30.2562103 -30.4554901 -30.6552040 -30.8552488 -31.0554072 -31.2515354
[191] -31.4521821 -31.6529071 -31.8536958 -32.0547475 -32.2558657 -32.4582427 -32.6606364 -32.8631020 -33.0663269 -33.2624772
> xstart
          Var1       Var2
1    0.0000000  0.0000000
4    1.2500000  0.0000000
79   1.2500000  1.2500000
83   2.9166667  1.2500000
160  3.7500000  2.5000000
87   4.5833333  1.2500000
233  2.9166667  3.7500000
237  4.5833333  3.7500000
14   5.4166667  0.0000000
91   6.2500000  1.2500000
168  7.0833333  2.5000000
95   7.9166667  1.2500000
172  8.7500000  2.5000000
22   8.7500000  0.0000000
314  5.4166667  5.0000000
310  3.7500000  5.0000000
383  2.9166667  6.2500000
387  4.5833333  6.2500000
395  7.9166667  6.2500000
456  2.0833333  7.5000000
541  6.2500000  8.7500000
537  4.5833333  8.7500000
545  7.9166667  8.7500000
533  2.9166667  8.7500000
622  8.7500000 10.0000000
618  7.0833333 10.0000000
614  5.4166667 10.0000000
610  3.7500000 10.0000000
11   4.1666667  0.0000000
526  0.0000000  8.7500000
175 10.0000000  2.5000000
475 10.0000000  7.5000000
226  0.0000000  3.7500000
376  0.0000000  6.2500000
325 10.0000000  5.0000000
76   0.0000000  1.2500000
625 10.0000000 10.0000000
25  10.0000000  0.0000000
60   3.7500000  0.8333333
604  1.2500000 10.0000000
616  6.2500000 10.0000000
20   7.9166667  0.0000000
72   8.7500000  0.8333333
543  7.0833333  8.7500000
316  6.2500000  5.0000000
389  5.4166667  6.2500000
243  7.0833333  3.7500000
235  3.7500000  3.7500000
308  2.9166667  5.0000000
397  8.7500000  6.2500000
56   2.0833333  0.8333333
68   7.0833333  0.8333333
64   5.4166667  0.8333333
16   6.2500000  0.0000000
556  2.0833333  9.1666667
608  2.9166667 10.0000000
539  5.4166667  8.7500000
393  7.0833333  6.2500000
547  8.7500000  8.7500000
154  1.2500000  2.5000000
162  4.5833333  2.5000000
454  1.2500000  7.5000000
256  2.0833333  4.1666667
595  7.9166667  9.5833333
560  3.7500000  9.1666667
331  2.0833333  5.4166667
214  5.4166667  3.3333333
191  6.2500000  2.9166667
587  4.5833333  9.5833333
410  3.7500000  6.6666667
433  2.9166667  7.0833333
183  2.9166667  2.9166667
343  7.0833333  5.4166667
287  4.5833333  4.5833333
106  2.0833333  1.6666667
122  8.7500000  1.6666667
506  2.0833333  8.3333333
6    2.0833333  0.0000000
110  3.7500000  1.6666667
118  7.0833333  1.6666667
337  4.5833333  5.4166667
366  6.2500000  5.8333333
270  7.9166667  4.1666667
206  2.0833333  3.3333333
114  5.4166667  1.6666667
27   0.4166667  0.4166667
606  2.0833333 10.0000000
18   7.0833333  0.0000000
510  3.7500000  8.3333333
264  5.4166667  4.1666667
360  3.7500000  5.8333333
293  7.0833333  4.5833333
133  2.9166667  2.0833333
575 10.0000000  9.1666667
525 10.0000000  8.3333333
141  6.2500000  2.0833333
75  10.0000000  0.8333333
125 10.0000000  1.6666667
483  2.9166667  7.9166667
576  0.0000000  9.5833333
176  0.0000000  2.9166667
326  0.0000000  5.4166667
375 10.0000000  5.8333333
126  0.0000000  2.0833333
598  9.1666667  9.5833333
276  0.0000000  4.5833333
425 10.0000000  6.6666667
602  0.4166667 10.0000000
156  2.0833333  2.5000000
476  0.0000000  7.9166667
426  0.0000000  7.0833333
225 10.0000000  3.3333333
275 10.0000000  4.1666667
553  0.8333333  9.1666667
503  0.8333333  8.3333333
164  5.4166667  2.5000000
460  3.7500000  7.5000000
103  0.8333333  1.6666667
448  9.1666667  7.0833333
498  9.1666667  7.9166667
298  9.1666667  4.5833333
348  9.1666667  5.4166667
278  0.8333333  4.5833333
203  0.8333333  3.3333333
403  0.8333333  6.6666667
37   4.5833333  0.4166667
592  6.6666667  9.5833333
49   9.5833333  0.4166667
229  1.2500000  3.7500000
305  1.6666667  5.0000000
247  8.7500000  3.7500000
446  8.3333333  7.0833333
590  5.8333333  9.5833333
496  8.3333333  7.9166667
354  1.2500000  5.8333333
149  9.5833333  2.0833333
328  0.8333333  5.4166667
444  7.5000000  7.0833333
494  7.5000000  7.9166667
346  8.3333333  5.4166667
405  1.6666667  6.6666667
438  5.0000000  7.0833333
320  7.9166667  5.0000000
99   9.5833333  1.2500000
492  6.6666667  7.9166667
452  0.4166667  7.5000000
442  6.6666667  7.0833333
549  9.5833333  8.7500000
620  7.9166667 10.0000000
152  0.4166667  2.5000000
612  4.5833333 10.0000000
211  4.1666667  3.3333333
399  9.5833333  6.2500000
381  2.0833333  6.2500000
529  1.2500000  8.7500000
490  5.8333333  7.9166667
488  5.0000000  7.9166667
440  5.8333333  7.0833333
284  3.3333333  4.5833333
45   7.9166667  0.4166667
33   2.9166667  0.4166667
583  2.9166667  9.5833333
41   6.2500000  0.4166667
296  8.3333333  4.5833333
601  0.0000000 10.0000000
29   1.2500000  0.4166667
26   0.0000000  0.4166667
624  9.5833333 10.0000000
416  6.2500000  6.6666667
282  2.5000000  4.5833333
249  9.5833333  3.7500000
352  0.4166667  5.8333333
9    3.3333333  0.0000000
252  0.4166667  4.1666667
137  4.5833333  2.0833333
145  7.9166667  2.0833333
196  8.3333333  2.9166667
194  7.5000000  2.9166667
580  1.6666667  9.5833333
364  5.4166667  5.8333333
266  6.2500000  4.1666667
217  6.6666667  3.3333333
220  7.9166667  3.3333333
407  2.5000000  6.6666667
130  1.6666667  2.0833333
240  5.8333333  3.7500000
209  3.3333333  3.3333333
199  9.5833333  2.9166667
24   9.5833333  0.0000000
7    2.5000000  0.0000000
369  7.5000000  5.8333333
13   5.0000000  0.0000000
480  1.6666667  7.9166667
77   0.4166667  1.2500000
569  7.5000000  9.1666667
486  4.1666667  7.9166667
180  1.6666667  2.9166667
563  5.0000000  9.1666667
436  4.1666667  7.0833333
358  2.9166667  5.8333333