as.numeric(row.names(xstart))
  [1]   508   557   153   610  5571   245  1531  5081  5572  1532  5573  6101  5082  2451  1533  5574   144  5575  1534  6102  2452  1441
 [23]  2453  1535  6103  1442   512  5576  5083  2454   513  1443  2455  1444  2456  1445  5084  1421  2457  1422    49  5577  6104  1536
 [45]  1446  2458   514  5578  5085  1423  2459   491  1447  1537  6105   515  5579  1424   492 24510   516  5086   493   517 55710 24511
 [67]  5087  1448   518  1425   494 55711   519  5088   495 55712   496 24512  1538  6106  1449  5110 55713 24513  5089  1426   497 55714
 [89]  1539 14410  5111 24514 50810   498 14411 55715  5112  1427 50811 24515   499  6107 15310 24516 55716  5113 14412 50812 24517  4910
[111] 55717  1428 15311  6108  5114 14413 55718 24518 50813  5115 14414 15312 55719 24519  4911  6109 50814  5116  1429 24520 55720  4912
[133] 15313 14415 50815 24521  5117 55721 14416 61010 15314 24522 55722  5118 14210  4913 50816  4914  5119 24523 55723 14417 50817  5120
[155] 14211  4915 55724 24524 50818 15315 61011 14418  5121 24525 55725  4916 50819 14212  5122 14419 55726 15316 24526 61012  4917 50820
[177] 24527  5123 55727 14420 15317 61013 24528 55728 15318 14421  5124 14213 50821  4918 24529 55729  5125 14422 50822 24530 61014 15319
[199] 55730  4919 14214  5126 24531 55731 50823 14423  5127  4920 14215 55732 15320 24532    51 61015 14424 50824  5128 24533 55733  4921
[221] 15321 14216 55734 14425 50825 24534  5129 61016   142  4922 55735 15322 24535 14426 50826  5130 24536 55736  4923 14217 50827  5131
[243] 14427 55737 15323 24537 61017  5132 14428 50828 24538 55738  4924 15324 14218 61018  5133 24539 55739 14429 50829  4925 15325 24540
[265] 55740  5134 14219 50830 14430 55741  5135 24541  4926 61019 15326   511 24542 50831 14431 55742  5136 14220  4927 55743 15327 24543
[287] 61020 14432 50832  5137 24544 55744  4928 50833 14221  5138 14433 55745 15328 24545
> nrow(xstart)
[1] 300
> nrow(xstart)-n1 
[1] 296
> nleft
[1] 296
> length(CRIT.vec)
[1] 300
> CRIT.vec <- CRIT.vec[1:nrow(xstart)]
> length(CRIT.vec)
[1] 300
> CRIT.vec
  [1] 2.347536e-12 2.347536e-12 2.347536e-12 2.347536e-12 1.394195e-02 2.031404e-02 2.792275e-02 3.649092e-02 4.630565e-02 5.728523e-02
 [11] 6.955379e-02 8.288749e-02 9.737033e-02 1.127745e-01 1.295647e-01 1.477501e-01 1.669935e-01 1.871672e-01 2.084478e-01 2.307963e-01
 [21] 2.545602e-01 2.797291e-01 3.058454e-01 3.330711e-01 3.614025e-01 3.908622e-01 4.215995e-01 4.532654e-01 4.862879e-01 5.206123e-01
 [31] 5.558833e-01 5.923424e-01 6.299227e-01 6.685045e-01 7.085990e-01 7.494825e-01 7.929011e-01 8.362657e-01 8.808008e-01 9.266778e-01
 [41] 9.734815e-01 1.021585e+00 1.070639e+00 1.121177e+00 1.173146e+00 1.226080e+00 1.280160e+00 1.335075e+00 1.393557e+00 1.451257e+00
 [51] 1.511014e+00 1.570889e+00 1.632101e+00 1.694208e+00 1.757648e+00 1.822397e+00 1.887946e+00 1.954698e+00 2.022821e+00 2.092005e+00
 [61] 2.163195e+00 2.235007e+00 2.307793e+00 2.381482e+00 2.456425e+00 2.532552e+00 2.610199e+00 2.688660e+00 2.768397e+00 2.849640e+00
 [71] 2.932026e+00 3.015192e+00 3.099528e+00 3.185000e+00 3.271556e+00 3.359595e+00 3.448665e+00 3.538691e+00 3.631133e+00 3.723602e+00
 [81] 3.818070e+00 3.912978e+00 4.009291e+00 4.106281e+00 4.204723e+00 4.304330e+00 4.404791e+00 4.506665e+00 4.609818e+00 4.714194e+00
 [91] 4.819528e+00 4.926220e+00 5.033508e+00 5.142283e+00 5.252951e+00 5.364180e+00 5.476671e+00 5.590492e+00 5.704907e+00 5.820632e+00
[101] 5.937540e+00 6.055688e+00 6.175092e+00 6.295834e+00 6.417550e+00 6.540380e+00 6.664279e+00 6.789476e+00 6.915985e+00 7.043334e+00
[111] 7.172196e+00 7.302171e+00 7.432786e+00 7.564759e+00 7.698198e+00 7.832708e+00 7.968377e+00 8.105218e+00 8.243108e+00 8.382288e+00
[121] 8.522698e+00 8.664098e+00 8.806993e+00 8.950787e+00 9.095633e+00 9.241675e+00 9.388995e+00 9.537325e+00 9.686988e+00 9.837996e+00
[131] 9.989921e+00 1.014292e+01 1.029718e+01 1.045248e+01 1.060910e+01 1.076715e+01 1.092600e+01 1.108616e+01 1.124742e+01 1.140972e+01
[141] 1.157334e+01 1.173837e+01 1.190419e+01 1.207129e+01 1.223954e+01 1.240868e+01 1.257920e+01 1.275094e+01 1.292391e+01 1.310028e+01
[151] 1.327575e+01 1.345206e+01 1.362949e+01 1.380830e+01 1.398814e+01 1.416951e+01 1.435172e+01 1.453497e+01 1.471932e+01 1.490513e+01
[161] 1.509191e+01 1.528020e+01 1.546931e+01 1.565990e+01 1.585159e+01 1.604435e+01 1.623813e+01 1.643330e+01 1.662941e+01 1.682673e+01
[171] 1.702528e+01 1.722473e+01 1.742548e+01 1.762764e+01 1.783101e+01 1.803566e+01 1.824137e+01 1.844778e+01 1.865541e+01 1.886455e+01
[181] 1.907463e+01 1.928612e+01 1.949881e+01 1.971260e+01 1.992734e+01 2.014331e+01 2.036029e+01 2.057862e+01 2.079819e+01 2.101890e+01
[191] 2.124079e+01 2.146380e+01 2.168788e+01 2.191334e+01 2.214019e+01 2.236759e+01 2.259623e+01 2.282640e+01 2.305728e+01 2.328956e+01
[201] 2.352305e+01 2.375787e+01 2.399373e+01 2.423092e+01 2.446886e+01 2.470807e+01 2.494867e+01 2.519023e+01 2.543332e+01 2.567716e+01
[211] 2.592189e+01 2.616808e+01 2.641571e+01 2.666438e+01 2.691437e+01 2.716539e+01 2.741726e+01 2.767067e+01 2.792506e+01 2.818062e+01
[221] 2.843757e+01 2.869560e+01 2.895464e+01 2.921468e+01 2.947609e+01 2.973854e+01 3.000254e+01 3.026764e+01 3.053380e+01 3.080091e+01
[231] 3.106923e+01 3.133863e+01 3.160945e+01 3.188174e+01 3.215458e+01 3.242896e+01 3.270460e+01 3.298091e+01 3.325862e+01 3.353732e+01
[241] 3.381750e+01 3.409880e+01 3.438113e+01 3.466457e+01 3.494926e+01 3.523522e+01 3.552241e+01 3.581103e+01 3.610006e+01 3.639041e+01
[251] 3.668231e+01 3.697497e+01 3.726903e+01 3.756439e+01 3.786078e+01 3.815842e+01 3.845702e+01 3.875659e+01 3.905759e+01 3.935997e+01
[261] 3.966325e+01 3.996806e+01 4.027372e+01 4.058039e+01 4.088839e+01 4.119777e+01 4.150806e+01 4.181953e+01 4.213214e+01 4.244599e+01
[271] 4.276085e+01 4.307695e+01 4.339424e+01 4.371287e+01 4.403284e+01 4.435366e+01 4.467541e+01 4.499859e+01 4.532284e+01 4.564857e+01
[281] 4.597530e+01 4.630287e+01 4.663171e+01 4.696184e+01 4.729304e+01 4.762566e+01 4.795959e+01 4.829416e+01 4.863026e+01 4.896753e+01
[291] 4.930563e+01 4.964512e+01 4.998573e+01 5.032746e+01 5.067033e+01 5.101429e+01 5.135945e+01 5.170593e+01 5.205380e+01 5.240277e+01
> xstart
      Var1 Var2
508    9.6  1.8
557    9.2  2.0
153   10.0  0.4
610    9.6  2.2
5571   9.2  2.0
245    8.0  0.8
1531  10.0  0.4
5081   9.6  1.8
5572   9.2  2.0
1532  10.0  0.4
5573   9.2  2.0
6101   9.6  2.2
5082   9.6  1.8
2451   8.0  0.8
1533  10.0  0.4
5574   9.2  2.0
144    8.2  0.4
5575   9.2  2.0
1534  10.0  0.4
6102   9.6  2.2
2452   8.0  0.8
1441   8.2  0.4
2453   8.0  0.8
1535  10.0  0.4
6103   9.6  2.2
1442   8.2  0.4
512   10.0  0.0
5576   9.2  2.0
5083   9.6  1.8
2454   8.0  0.8
513   10.0  0.0
1443   8.2  0.4
2455   8.0  0.8
1444   8.2  0.4
2456   8.0  0.8
1445   8.2  0.4
5084   9.6  1.8
1421   7.8  0.4
2457   8.0  0.8
1422   7.8  0.4
49     9.6  0.0
5577   9.2  2.0
6104   9.6  2.2
1536  10.0  0.4
1446   8.2  0.4
2458   8.0  0.8
514   10.0  0.0
5578   9.2  2.0
5085   9.6  1.8
1423   7.8  0.4
2459   8.0  0.8
491    9.6  0.0
1447   8.2  0.4
1537  10.0  0.4
6105   9.6  2.2
515   10.0  0.0
5579   9.2  2.0
1424   7.8  0.4
492    9.6  0.0
24510  8.0  0.8
516   10.0  0.0
5086   9.6  1.8
493    9.6  0.0
517   10.0  0.0
55710  9.2  2.0
24511  8.0  0.8
5087   9.6  1.8
1448   8.2  0.4
518   10.0  0.0
1425   7.8  0.4
494    9.6  0.0
55711  9.2  2.0
519   10.0  0.0
5088   9.6  1.8
495    9.6  0.0
55712  9.2  2.0
496    9.6  0.0
24512  8.0  0.8
1538  10.0  0.4
6106   9.6  2.2
1449   8.2  0.4
5110  10.0  0.0
55713  9.2  2.0
24513  8.0  0.8
5089   9.6  1.8
1426   7.8  0.4
497    9.6  0.0
55714  9.2  2.0
1539  10.0  0.4
14410  8.2  0.4
5111  10.0  0.0
24514  8.0  0.8
50810  9.6  1.8
498    9.6  0.0
14411  8.2  0.4
55715  9.2  2.0
5112  10.0  0.0
1427   7.8  0.4
50811  9.6  1.8
24515  8.0  0.8
499    9.6  0.0
6107   9.6  2.2
15310 10.0  0.4
24516  8.0  0.8
55716  9.2  2.0
5113  10.0  0.0
14412  8.2  0.4
50812  9.6  1.8
24517  8.0  0.8
4910   9.6  0.0
55717  9.2  2.0
1428   7.8  0.4
15311 10.0  0.4
6108   9.6  2.2
5114  10.0  0.0
14413  8.2  0.4
55718  9.2  2.0
24518  8.0  0.8
50813  9.6  1.8
5115  10.0  0.0
14414  8.2  0.4
15312 10.0  0.4
55719  9.2  2.0
24519  8.0  0.8
4911   9.6  0.0
6109   9.6  2.2
50814  9.6  1.8
5116  10.0  0.0
1429   7.8  0.4
24520  8.0  0.8
55720  9.2  2.0
4912   9.6  0.0
15313 10.0  0.4
14415  8.2  0.4
50815  9.6  1.8
24521  8.0  0.8
5117  10.0  0.0
55721  9.2  2.0
14416  8.2  0.4
61010  9.6  2.2
15314 10.0  0.4
24522  8.0  0.8
55722  9.2  2.0
5118  10.0  0.0
14210  7.8  0.4
4913   9.6  0.0
50816  9.6  1.8
4914   9.6  0.0
5119  10.0  0.0
24523  8.0  0.8
55723  9.2  2.0
14417  8.2  0.4
50817  9.6  1.8
5120  10.0  0.0
14211  7.8  0.4
4915   9.6  0.0
55724  9.2  2.0
24524  8.0  0.8
50818  9.6  1.8
15315 10.0  0.4
61011  9.6  2.2
14418  8.2  0.4
5121  10.0  0.0
24525  8.0  0.8
55725  9.2  2.0
4916   9.6  0.0
50819  9.6  1.8
14212  7.8  0.4
5122  10.0  0.0
14419  8.2  0.4
55726  9.2  2.0
15316 10.0  0.4
24526  8.0  0.8
61012  9.6  2.2
4917   9.6  0.0
50820  9.6  1.8
24527  8.0  0.8
5123  10.0  0.0
55727  9.2  2.0
14420  8.2  0.4
15317 10.0  0.4
61013  9.6  2.2
24528  8.0  0.8
55728  9.2  2.0
15318 10.0  0.4
14421  8.2  0.4
5124  10.0  0.0
14213  7.8  0.4
50821  9.6  1.8
4918   9.6  0.0
24529  8.0  0.8
55729  9.2  2.0
5125  10.0  0.0
14422  8.2  0.4
50822  9.6  1.8
24530  8.0  0.8
61014  9.6  2.2
15319 10.0  0.4
55730  9.2  2.0
4919   9.6  0.0
14214  7.8  0.4
5126  10.0  0.0
24531  8.0  0.8
55731  9.2  2.0
50823  9.6  1.8
14423  8.2  0.4
5127  10.0  0.0
4920   9.6  0.0
14215  7.8  0.4
55732  9.2  2.0
15320 10.0  0.4
24532  8.0  0.8
51    10.0  0.0
61015  9.6  2.2
14424  8.2  0.4
50824  9.6  1.8
5128  10.0  0.0
24533  8.0  0.8
55733  9.2  2.0
4921   9.6  0.0
15321 10.0  0.4
14216  7.8  0.4
55734  9.2  2.0
14425  8.2  0.4
50825  9.6  1.8
24534  8.0  0.8
5129  10.0  0.0
61016  9.6  2.2
142    7.8  0.4
4922   9.6  0.0
55735  9.2  2.0
15322 10.0  0.4
24535  8.0  0.8
14426  8.2  0.4
50826  9.6  1.8
5130  10.0  0.0
24536  8.0  0.8
55736  9.2  2.0
4923   9.6  0.0
14217  7.8  0.4
50827  9.6  1.8
5131  10.0  0.0
14427  8.2  0.4
55737  9.2  2.0
15323 10.0  0.4
24537  8.0  0.8
61017  9.6  2.2
5132  10.0  0.0
14428  8.2  0.4
50828  9.6  1.8
24538  8.0  0.8
55738  9.2  2.0
4924   9.6  0.0
15324 10.0  0.4
14218  7.8  0.4
61018  9.6  2.2
5133  10.0  0.0
24539  8.0  0.8
55739  9.2  2.0
14429  8.2  0.4
50829  9.6  1.8
4925   9.6  0.0
15325 10.0  0.4
24540  8.0  0.8
55740  9.2  2.0
5134  10.0  0.0
14219  7.8  0.4
50830  9.6  1.8
14430  8.2  0.4
55741  9.2  2.0
5135  10.0  0.0
24541  8.0  0.8
4926   9.6  0.0
61019  9.6  2.2
15326 10.0  0.4
511   10.0  0.0
24542  8.0  0.8
50831  9.6  1.8
14431  8.2  0.4
55742  9.2  2.0
5136  10.0  0.0
14220  7.8  0.4
4927   9.6  0.0
55743  9.2  2.0
15327 10.0  0.4
24543  8.0  0.8
61020  9.6  2.2
14432  8.2  0.4
50832  9.6  1.8
5137  10.0  0.0
24544  8.0  0.8
55744  9.2  2.0
4928   9.6  0.0
50833  9.6  1.8
14221  7.8  0.4
5138  10.0  0.0
14433  8.2  0.4
55745  9.2  2.0
15328 10.0  0.4
24545  8.0  0.8


design.opt <- cbind(design1.uniq,replic1,replic2)
> design.opt
     Var1 Var2 replic1    replic2
508   9.6  1.8      34 0.11333333
557   9.2  2.0      46 0.15333333
153  10.0  0.4      29 0.09666667
610   9.6  2.2      21 0.07000000
245   8.0  0.8      46 0.15333333
144   8.2  0.4      34 0.11333333
512  10.0  0.0      39 0.13000000
1421  7.8  0.4      22 0.07333333
49    9.6  0.0      29 0.09666667
> sum(design.opt[,3])
[1] 300
> sum(design.opt[,4])
[1] 1
> 