> design.opt
     Var1 Var2 replic1 replic2
557   9.2  2.0       6   0.030
153  10.0  0.4       9   0.045
193   7.8  0.6       5   0.025
610   9.6  2.2       4   0.020
608   9.2  2.2       8   0.040
295   7.8  1.0       4   0.020
560   9.8  2.0       7   0.035
50    9.8  0.0       8   0.040
609   9.4  2.2       2   0.010
152   9.8  0.4       7   0.035
48    9.4  0.0       5   0.025
611   9.8  2.2       5   0.025
151   9.6  0.4       9   0.045
660   9.4  2.4       6   0.030
297   8.2  1.0       6   0.030
559   9.6  2.0       7   0.035
194   8.0  0.6       8   0.040
346   7.8  1.2       9   0.045
491   9.6  0.0       9   0.045
661   9.6  2.4       6   0.030
100   9.6  0.2       4   0.020
3471  8.0  1.2       9   0.045
2461  8.2  0.8       5   0.025
558   9.4  2.0       8   0.040
294   7.6  1.0       4   0.020
99    9.4  0.2       4   0.020
243   7.6  0.8       2   0.010
2451  8.0  0.8       5   0.025
296   8.0  1.0       4   0.020
507   9.4  1.8       1   0.005
2441  7.8  0.8       6   0.030
5081  9.6  1.8       3   0.015
1022 10.0  0.2       7   0.035
6592  9.2  2.4       5   0.025
51   10.0  0.0       3   0.015


> sum(design.opt[,3])
[1] 200
