nrow(xstart)
[1] 200
> nrow(xstart)-n1 
[1] 196
> nleft
[1] 196
> M.COUNT[nleft,]
  [1] 0 0 0 0 0 0 0 0 0 0 0 0 0 0 0 0 0 0 0 0 0 0 0 0 0 0 0 0 0 0 0 0 0 0 0 0 0 0 0 0 0 0 0 0 0 0 0 0 0 0 0 0 0 0 0 0 0 0 0 0 0 0
 [63] 0 0 0 0 0 0 0 0 0 0 0 0 0 0 0 0 0 0 0 0 0 0 0 0 0 0 0 0 0 0 0 0 0 0 0 0 0 0
> M.COUNT <- M.COUNT[1:(nrow(xstart)-n1),]
> dim(M.COUNT)
[1] 196 100
> M.COUNT[nrow(xstart)-n1,]
  [1] 0 0 0 0 0 0 0 0 0 0 0 0 0 0 0 0 0 0 0 0 0 0 0 0 0 0 0 0 0 0 0 0 0 0 0 0 0 0 0 0 0 0 0 0 0 0 0 0 0 0 0 0 0 0 0 0 0 0 0 0 0 0
 [63] 0 0 0 0 0 0 0 0 0 0 0 0 0 0 0 0 0 0 0 0 0 0 0 0 0 0 0 0 0 0 0 0 0 0 0 0 0 0
> M.COUNT.N <- 1-M.COUNT
> M.COUNT.N[nrow(xstart)-n1,]
  [1] 1 1 1 1 1 1 1 1 1 1 1 1 1 1 1 1 1 1 1 1 1 1 1 1 1 1 1 1 1 1 1 1 1 1 1 1 1 1 1 1 1 1 1 1 1 1 1 1 1 1 1 1 1 1 1 1 1 1 1 1 1 1
 [63] 1 1 1 1 1 1 1 1 1 1 1 1 1 1 1 1 1 1 1 1 1 1 1 1 1 1 1 1 1 1 1 1 1 1 1 1 1 1
> av.hit.iter <- apply(M.COUNT.N,1,mean)
> av.hit.run <- apply(M.COUNT.N,2,mean)
> av.hit.iter
  [1] 0.38 0.32 0.44 0.44 0.48 0.55 0.65 0.58 0.68 0.65 0.69 0.60 0.65 0.82 0.75 0.71 0.80 0.74 0.80 0.83 0.80 0.81 0.79 0.81 0.76
 [26] 0.87 0.81 0.81 0.81 0.82 0.87 0.85 0.89 0.87 0.88 0.89 0.90 0.92 0.90 0.86 0.92 0.92 0.97 0.94 0.93 0.91 0.97 0.93 0.91 0.92
 [51] 0.94 0.94 0.97 0.94 0.98 0.97 0.95 0.99 0.99 0.99 0.97 0.98 0.95 0.98 0.98 0.99 0.99 0.95 0.99 0.96 1.00 0.99 0.99 1.00 0.98
 [76] 0.98 0.97 0.99 1.00 0.99 0.98 0.98 0.96 0.99 0.99 1.00 1.00 1.00 1.00 1.00 0.98 0.98 0.99 0.99 0.99 0.99 0.98 0.99 1.00 0.98
[101] 1.00 1.00 1.00 1.00 0.99 1.00 1.00 1.00 1.00 1.00 1.00 0.99 1.00 1.00 0.99 1.00 1.00 0.99 1.00 1.00 1.00 1.00 1.00 1.00 1.00
[126] 1.00 0.99 1.00 0.98 1.00 1.00 1.00 1.00 1.00 1.00 1.00 1.00 1.00 1.00 0.99 1.00 1.00 1.00 1.00 1.00 1.00 1.00 1.00 1.00 1.00
[151] 1.00 1.00 1.00 1.00 1.00 1.00 1.00 1.00 1.00 1.00 1.00 1.00 1.00 1.00 1.00 0.99 1.00 1.00 1.00 1.00 1.00 1.00 1.00 1.00 1.00
[176] 1.00 1.00 1.00 1.00 1.00 1.00 1.00 1.00 1.00 1.00 1.00 1.00 1.00 1.00 1.00 1.00 1.00 1.00 1.00 1.00 1.00
> av.hit.run
  [1] 0.9183673 0.9336735 0.9234694 0.8979592 0.9438776 0.9132653 0.9489796 0.9438776 0.9591837 0.9336735 0.9438776 0.9336735
 [13] 0.9438776 0.9030612 0.9234694 0.9438776 0.9285714 0.9489796 0.9387755 0.9387755 0.9234694 0.9489796 0.9438776 0.9285714
 [25] 0.9387755 0.9591837 0.9591837 0.9693878 0.9234694 0.9234694 0.9387755 0.9234694 0.9336735 0.9489796 0.9387755 0.9438776
 [37] 0.9591837 0.9438776 0.9387755 0.9183673 0.9489796 0.9234694 0.9387755 0.9234694 0.9387755 0.9387755 0.9438776 0.9285714
 [49] 0.9336735 0.9234694 0.9336735 0.9285714 0.9387755 0.9438776 0.9795918 0.9336735 0.9285714 0.9438776 0.9540816 0.9234694
 [61] 0.9489796 0.9387755 0.9591837 0.9387755 0.9234694 0.9438776 0.9489796 0.9642857 0.9234694 0.9234694 0.9489796 0.9438776
 [73] 0.9285714 0.9591837 0.9489796 0.9489796 0.9336735 0.9234694 0.9234694 0.9183673 0.9438776 0.9387755 0.9336735 0.9693878
 [85] 0.9285714 0.9234694 0.9234694 0.9285714 0.9489796 0.9336735 0.9540816 0.9387755 0.9540816 0.9183673 0.9438776 0.9285714
 [97] 0.9438776 0.9438776 0.9387755 0.9132653
> dim(M.COUNT.N)
[1] 196 100
> nrow(M.COUNT.N)
[1] 196
> length(av.hit.iter)
[1] 196
> int.hit.n <- c(1,2,3,4,5,6,16,36,76,116,156,length(av.hit.iter))
> int.hit.n
 [1]   1   2   3   4   5   6  16  36  76 116 156 196
> av.hit.iter[int.hit.n]
 [1] 0.38 0.32 0.44 0.44 0.48 0.55 0.71 0.89 0.98 1.00 1.00 1.00
> int.hit.1 <- c(1:16,36,76,116,156,length(av.hit.iter))
> int.hit.1
 [1]   1   2   3   4   5   6   7   8   9  10  11  12  13  14  15  16  36  76 116 156 196
> av.hit.iter[int.hit.1]
 [1] 0.38 0.32 0.44 0.44 0.48 0.55 0.65 0.58 0.68 0.65 0.69 0.60 0.65 0.82 0.75 0.71 0.89 0.98 1.00 1.00 1.00
> length(CRIT.vec)
[1] 200
> CRIT.vec <- CRIT.vec[1:nrow(xstart)]
> length(CRIT.vec)
[1] 200
> CRIT.vec
  [1] 5.868639e-13 5.868639e-13 5.868639e-13 5.868639e-13 1.109254e-02 1.039656e-01 1.848282e-01 2.108716e-01 2.169046e-01
 [10] 2.181718e-01 2.184206e-01 2.184678e-01 2.184765e-01 2.184782e-01 2.184787e-01 2.184797e-01 2.184822e-01 2.184893e-01
 [19] 2.185070e-01 2.185479e-01 2.186401e-01 2.188771e-01 2.196655e-01 2.225545e-01 2.321952e-01 2.622608e-01 3.735190e-01
 [28] 1.288818e-02 1.242563e-01 2.540060e-01 3.016948e-01 3.134484e-01 3.159597e-01 3.164799e-01 3.165860e-01 3.166077e-01
 [37] 3.166121e-01 3.166130e-01 3.166132e-01 3.166133e-01 3.166133e-01 3.166133e-01 3.166133e-01 3.166133e-01 3.166132e-01
 [46] 3.166131e-01 3.166122e-01 3.166096e-01 3.165976e-01 3.165896e-01 3.170043e-01 3.349148e-01 9.655464e-02 2.323251e-01
 [55] 3.258514e-01 3.645906e-01 3.749013e-01 3.771786e-01 3.776582e-01 3.777559e-01 3.777757e-01 3.777796e-01 3.777804e-01
 [64] 3.777806e-01 3.777806e-01 3.777806e-01 3.777806e-01 3.777806e-01 3.777806e-01 3.777806e-01 3.777805e-01 3.777794e-01
 [73] 3.777755e-01 3.777468e-01 3.775685e-01 3.770354e-01 4.137468e-01 1.673226e-01 2.766152e-01 3.616651e-01 3.988498e-01
 [82] 4.088396e-01 4.110518e-01 4.115178e-01 4.116127e-01 4.116319e-01 4.116358e-01 4.116366e-01 4.116367e-01 4.116368e-01
 [91] 4.116368e-01 4.116368e-01 4.116368e-01 4.116368e-01 4.116367e-01 4.116365e-01 4.116352e-01 4.116290e-01 4.116080e-01
[100] 4.114512e-01 4.124829e-01 4.446152e-01 1.933181e-01 2.915678e-01 3.747903e-01 4.116268e-01 4.215507e-01 4.237486e-01
[109] 4.242119e-01 4.243063e-01 4.243254e-01 4.243292e-01 4.243300e-01 4.243302e-01 4.243302e-01 4.243302e-01 4.243302e-01
[118] 4.243302e-01 4.243302e-01 4.243301e-01 4.243300e-01 4.243287e-01 4.243232e-01 4.243093e-01 4.241719e-01 4.253644e-01
[127] 4.524348e-01 2.003239e-01 2.956619e-01 3.784781e-01 4.152336e-01 4.251418e-01 4.273367e-01 4.277994e-01 4.278937e-01
[136] 4.279128e-01 4.279166e-01 4.279174e-01 4.279175e-01 4.279176e-01 4.279176e-01 4.279176e-01 4.279176e-01 4.279176e-01
[145] 4.279175e-01 4.279174e-01 4.279161e-01 4.279109e-01 4.278964e-01 4.277523e-01 4.288211e-01 4.540743e-01 2.020396e-01
[154] 2.966927e-01 3.794144e-01 4.161514e-01 4.260563e-01 4.282506e-01 4.287131e-01 4.288074e-01 4.288265e-01 4.288303e-01
[163] 4.288311e-01 4.288312e-01 4.288313e-01 4.288313e-01 4.288313e-01 4.288313e-01 4.288313e-01 4.288312e-01 4.288311e-01
[172] 4.288298e-01 4.288246e-01 4.288094e-01 4.286601e-01 4.296531e-01 4.544047e-01 2.024365e-01 2.969411e-01 3.796397e-01
[181] 4.163727e-01 4.262769e-01 4.284710e-01 4.289335e-01 4.290278e-01 4.290469e-01 4.290508e-01 4.290515e-01 4.290517e-01
[190] 4.290517e-01 4.290517e-01 4.290517e-01 4.290517e-01 4.290517e-01 4.290517e-01 4.290515e-01 4.290502e-01 4.290451e-01
[199] 4.290294e-01 4.288776e-01
> xstart
          Var1       Var2
1    0.0000000  0.0000000
25  10.0000000  0.0000000
601  0.0000000 10.0000000
625 10.0000000 10.0000000
24   9.5833333  0.0000000
23   9.1666667  0.0000000
22   8.7500000  0.0000000
21   8.3333333  0.0000000
20   7.9166667  0.0000000
19   7.5000000  0.0000000
18   7.0833333  0.0000000
17   6.6666667  0.0000000
16   6.2500000  0.0000000
15   5.8333333  0.0000000
14   5.4166667  0.0000000
13   5.0000000  0.0000000
12   4.5833333  0.0000000
11   4.1666667  0.0000000
10   3.7500000  0.0000000
9    3.3333333  0.0000000
8    2.9166667  0.0000000
7    2.5000000  0.0000000
6    2.0833333  0.0000000
5    1.6666667  0.0000000
4    1.2500000  0.0000000
3    0.8333333  0.0000000
2    0.4166667  0.0000000
26   0.0000000  0.4166667
27   0.4166667  0.4166667
28   0.8333333  0.4166667
29   1.2500000  0.4166667
30   1.6666667  0.4166667
31   2.0833333  0.4166667
32   2.5000000  0.4166667
33   2.9166667  0.4166667
34   3.3333333  0.4166667
35   3.7500000  0.4166667
36   4.1666667  0.4166667
37   4.5833333  0.4166667
38   5.0000000  0.4166667
39   5.4166667  0.4166667
40   5.8333333  0.4166667
41   6.2500000  0.4166667
42   6.6666667  0.4166667
43   7.0833333  0.4166667
44   7.5000000  0.4166667
45   7.9166667  0.4166667
46   8.3333333  0.4166667
47   8.7500000  0.4166667
48   9.1666667  0.4166667
49   9.5833333  0.4166667
50  10.0000000  0.4166667
75  10.0000000  0.8333333
74   9.5833333  0.8333333
73   9.1666667  0.8333333
72   8.7500000  0.8333333
71   8.3333333  0.8333333
70   7.9166667  0.8333333
69   7.5000000  0.8333333
68   7.0833333  0.8333333
67   6.6666667  0.8333333
66   6.2500000  0.8333333
65   5.8333333  0.8333333
64   5.4166667  0.8333333
63   5.0000000  0.8333333
62   4.5833333  0.8333333
61   4.1666667  0.8333333
60   3.7500000  0.8333333
59   3.3333333  0.8333333
58   2.9166667  0.8333333
57   2.5000000  0.8333333
56   2.0833333  0.8333333
55   1.6666667  0.8333333
54   1.2500000  0.8333333
53   0.8333333  0.8333333
52   0.4166667  0.8333333
51   0.0000000  0.8333333
100 10.0000000  1.2500000
99   9.5833333  1.2500000
98   9.1666667  1.2500000
97   8.7500000  1.2500000
96   8.3333333  1.2500000
95   7.9166667  1.2500000
94   7.5000000  1.2500000
93   7.0833333  1.2500000
92   6.6666667  1.2500000
91   6.2500000  1.2500000
90   5.8333333  1.2500000
89   5.4166667  1.2500000
88   5.0000000  1.2500000
87   4.5833333  1.2500000
86   4.1666667  1.2500000
85   3.7500000  1.2500000
84   3.3333333  1.2500000
83   2.9166667  1.2500000
82   2.5000000  1.2500000
81   2.0833333  1.2500000
80   1.6666667  1.2500000
79   1.2500000  1.2500000
78   0.8333333  1.2500000
77   0.4166667  1.2500000
76   0.0000000  1.2500000
125 10.0000000  1.6666667
124  9.5833333  1.6666667
123  9.1666667  1.6666667
122  8.7500000  1.6666667
121  8.3333333  1.6666667
120  7.9166667  1.6666667
119  7.5000000  1.6666667
118  7.0833333  1.6666667
117  6.6666667  1.6666667
116  6.2500000  1.6666667
115  5.8333333  1.6666667
114  5.4166667  1.6666667
113  5.0000000  1.6666667
112  4.5833333  1.6666667
111  4.1666667  1.6666667
110  3.7500000  1.6666667
109  3.3333333  1.6666667
108  2.9166667  1.6666667
107  2.5000000  1.6666667
106  2.0833333  1.6666667
105  1.6666667  1.6666667
104  1.2500000  1.6666667
103  0.8333333  1.6666667
102  0.4166667  1.6666667
101  0.0000000  1.6666667
126  0.0000000  2.0833333
127  0.4166667  2.0833333
128  0.8333333  2.0833333
129  1.2500000  2.0833333
130  1.6666667  2.0833333
131  2.0833333  2.0833333
132  2.5000000  2.0833333
133  2.9166667  2.0833333
134  3.3333333  2.0833333
135  3.7500000  2.0833333
136  4.1666667  2.0833333
137  4.5833333  2.0833333
138  5.0000000  2.0833333
139  5.4166667  2.0833333
140  5.8333333  2.0833333
141  6.2500000  2.0833333
142  6.6666667  2.0833333
143  7.0833333  2.0833333
144  7.5000000  2.0833333
145  7.9166667  2.0833333
146  8.3333333  2.0833333
147  8.7500000  2.0833333
148  9.1666667  2.0833333
149  9.5833333  2.0833333
150 10.0000000  2.0833333
151  0.0000000  2.5000000
152  0.4166667  2.5000000
153  0.8333333  2.5000000
154  1.2500000  2.5000000
155  1.6666667  2.5000000
156  2.0833333  2.5000000
157  2.5000000  2.5000000
158  2.9166667  2.5000000
159  3.3333333  2.5000000
160  3.7500000  2.5000000
161  4.1666667  2.5000000
162  4.5833333  2.5000000
163  5.0000000  2.5000000
164  5.4166667  2.5000000
165  5.8333333  2.5000000
166  6.2500000  2.5000000
167  6.6666667  2.5000000
168  7.0833333  2.5000000
169  7.5000000  2.5000000
170  7.9166667  2.5000000
171  8.3333333  2.5000000
172  8.7500000  2.5000000
173  9.1666667  2.5000000
174  9.5833333  2.5000000
175 10.0000000  2.5000000
176  0.0000000  2.9166667
177  0.4166667  2.9166667
178  0.8333333  2.9166667
179  1.2500000  2.9166667
180  1.6666667  2.9166667
181  2.0833333  2.9166667
182  2.5000000  2.9166667
183  2.9166667  2.9166667
184  3.3333333  2.9166667
185  3.7500000  2.9166667
186  4.1666667  2.9166667
187  4.5833333  2.9166667
188  5.0000000  2.9166667
189  5.4166667  2.9166667
190  5.8333333  2.9166667
191  6.2500000  2.9166667
192  6.6666667  2.9166667
193  7.0833333  2.9166667
194  7.5000000  2.9166667
195  7.9166667  2.9166667
196  8.3333333  2.9166667
197  8.7500000  2.9166667
198  9.1666667  2.9166667
> 