user  system elapsed 
 592.77    1.19  597.46 
> #-----------------------------------------------------------------------------------------------
> as.numeric(row.names(xstart))
  [1]  71 150 149  95  70 174 175 120 125 195 124 196  94  69 119 173  47 118 197 172  46  72 171 170  73 144  99 145 198 199  45
 [32] 169  21  93 148 146  20 143  44  98  68 147 123 194  19 168  43  97 122 117 221  96 142 220  92 222 121 193  67 167 219 223
 [63] 116  18 141  42 218  91 192 246 247 245 166 244  66 191 217 224 243 248 115 140 270 271 216 242 272 269 165  90 190 268  41
 [94]  17  65 215 241 139 114 267 164  89 189 266 240 295 294 249 273 293 214 200 296 225 292 297  40  64 163 138 265 239 113  16
[125] 188 291  88 213 319 318 320 264 290 298 274 317 321 238 316 250 322 162 137 187 289 263 343 344 315 345 212 342 112 237  39
[156]  63 346 341 299 323 288 314  87 186 161 262 340 136 211 369 368 347 313 367 287 339 236 370 366  15 111 261 365 275 371  62
[187]  38 312 185 160 286 338 210  86 135 235  14 364 110 260
> setdiff(1:N,as.numeric(row.names(xstart)))
  [1]   1   2   3   4   5   6   7   8   9  10  11  12  13  22  23  24  25  26  27  28  29  30  31  32  33  34  35  36  37  48  49
 [32]  50  51  52  53  54  55  56  57  58  59  60  61  74  75  76  77  78  79  80  81  82  83  84  85 100 101 102 103 104 105 106
 [63] 107 108 109 126 127 128 129 130 131 132 133 134 151 152 153 154 155 156 157 158 159 176 177 178 179 180 181 182 183 184 201
 [94] 202 203 204 205 206 207 208 209 226 227 228 229 230 231 232 233 234 251 252 253 254 255 256 257 258 259 276 277 278 279 280
[125] 281 282 283 284 285 300 301 302 303 304 305 306 307 308 309 310 311 324 325 326 327 328 329 330 331 332 333 334 335 336 337
[156] 348 349 350 351 352 353 354 355 356 357 358 359 360 361 362 363 372 373 374 375 376 377 378 379 380 381 382 383 384 385 386
[187] 387 388 389 390 391 392 393 394 395 396 397 398 399 400 401 402 403 404 405 406 407 408 409 410 411 412 413 414 415 416 417
[218] 418 419 420 421 422 423 424 425 426 427 428 429 430 431 432 433 434 435 436 437 438 439 440 441 442 443 444 445 446 447 448
[249] 449 450 451 452 453 454 455 456 457 458 459 460 461 462 463 464 465 466 467 468 469 470 471 472 473 474 475 476 477 478 479
[280] 480 481 482 483 484 485 486 487 488 489 490 491 492 493 494 495 496 497 498 499 500 501 502 503 504 505 506 507 508 509 510
[311] 511 512 513 514 515 516 517 518 519 520 521 522 523 524 525 526 527 528 529 530 531 532 533 534 535 536 537 538 539 540 541
[342] 542 543 544 545 546 547 548 549 550 551 552 553 554 555 556 557 558 559 560 561 562 563 564 565 566 567 568 569 570 571 572
[373] 573 574 575 576 577 578 579 580 581 582 583 584 585 586 587 588 589 590 591 592 593 594 595 596 597 598 599 600 601 602 603
[404] 604 605 606 607 608 609 610 611 612 613 614 615 616 617 618 619 620 621 622 623 624 625
> s.all <- sort(c(as.numeric(row.names(xstart)),setdiff(1:N,as.numeric(row.names(xstart)))))
> s.all2 <- sort(c(as.numeric(row.names(xstart)),as.numeric(row.names(xcan))))
> all.equal(1:N,s.all)
[1] TRUE
> all.equal(1:N,s.all2)
[1] TRUE
> nrow(xstart)
[1] 200
> nrow(xstart)-n1 
[1] 196
> nleft
[1] 196
> M.COUNT[nleft,]
  [1] 1 1 1 1 1 1 1 1 1 1 1 1 1 1 1 1 1 1 1 1 1 1 1 1 1 1 1 1 1 1 1 1 1 1 1 1 1 1 1 1 1 1 1 1 1 1 1 1 1 1 1 1 1 1 1 1 1 1 1 1 1 1
 [63] 1 1 1 1 1 1 1 1 1 1 1 1 1 1 1 1 1 1 1 1 1 1 1 1 1 1 1 1 1 1 1 1 1 1 1 1 1 1
> M.COUNT <- M.COUNT[1:(nrow(xstart)-n1),]
> dim(M.COUNT)
[1] 196 100
> M.COUNT[nrow(xstart)-n1,]
  [1] 1 1 1 1 1 1 1 1 1 1 1 1 1 1 1 1 1 1 1 1 1 1 1 1 1 1 1 1 1 1 1 1 1 1 1 1 1 1 1 1 1 1 1 1 1 1 1 1 1 1 1 1 1 1 1 1 1 1 1 1 1 1
 [63] 1 1 1 1 1 1 1 1 1 1 1 1 1 1 1 1 1 1 1 1 1 1 1 1 1 1 1 1 1 1 1 1 1 1 1 1 1 1
> av.hit.iter <- apply(M.COUNT,1,mean)
> av.hit.run <- apply(M.COUNT,2,mean)
> av.hit.iter
  [1] 0.66 0.69 0.68 0.65 0.70 0.68 0.73 0.65 0.74 0.72 0.74 0.77 0.74 0.75 0.81 0.81 0.72 0.79 0.80 0.81 0.89 0.86 0.87 0.92 0.81
 [26] 0.87 0.85 0.83 0.87 0.87 0.95 0.89 0.96 0.95 0.94 0.92 0.91 0.98 0.97 0.97 0.91 0.94 0.88 0.98 0.96 0.92 0.92 0.99 0.93 0.98
 [51] 0.98 0.99 0.98 0.95 1.00 0.98 0.94 0.98 0.99 0.99 0.99 1.00 0.96 0.99 0.99 0.99 0.98 1.00 1.00 0.98 0.98 0.97 0.99 1.00 0.99
 [76] 0.99 0.99 0.98 1.00 1.00 1.00 1.00 1.00 1.00 1.00 1.00 0.99 1.00 0.99 1.00 1.00 0.99 1.00 1.00 1.00 1.00 0.99 1.00 1.00 1.00
[101] 1.00 1.00 1.00 1.00 1.00 0.99 1.00 1.00 1.00 0.99 0.99 1.00 1.00 1.00 1.00 1.00 1.00 1.00 1.00 1.00 1.00 1.00 1.00 1.00 1.00
[126] 1.00 1.00 1.00 1.00 1.00 1.00 1.00 1.00 1.00 1.00 1.00 1.00 1.00 1.00 1.00 1.00 1.00 1.00 1.00 1.00 1.00 1.00 1.00 1.00 1.00
[151] 1.00 1.00 1.00 1.00 1.00 1.00 1.00 1.00 1.00 1.00 1.00 1.00 1.00 1.00 1.00 1.00 1.00 1.00 1.00 1.00 1.00 1.00 1.00 1.00 1.00
[176] 1.00 1.00 1.00 1.00 1.00 1.00 1.00 1.00 1.00 1.00 1.00 1.00 1.00 1.00 1.00 1.00 1.00 1.00 1.00 1.00 1.00
> av.hit.run
  [1] 0.9795918 0.9846939 0.9693878 0.9285714 0.9540816 0.9540816 0.9744898 0.9642857 0.9234694 0.9744898 0.9591837 0.9642857
 [13] 0.9489796 0.9438776 0.9540816 0.9744898 0.9693878 0.9387755 0.9795918 0.9591837 0.9693878 0.9693878 0.9489796 0.9489796
 [25] 0.9540816 0.9336735 0.9846939 0.9591837 0.9693878 0.9744898 0.9693878 0.9693878 0.9336735 0.9642857 0.9540816 0.9489796
 [37] 0.9438776 0.9540816 0.9693878 0.9591837 0.9489796 0.9336735 0.9489796 0.9642857 0.9489796 0.9642857 0.9540816 0.9693878
 [49] 0.9642857 0.9591837 0.9642857 0.9540816 0.9540816 0.9744898 0.9591837 0.9489796 0.9438776 0.9795918 0.9540816 0.9591837
 [61] 0.9744898 0.9438776 0.9540816 0.9438776 0.9387755 0.9489796 0.9438776 0.9336735 0.9795918 0.9489796 0.9438776 0.9591837
 [73] 0.9489796 0.9540816 0.9285714 0.9846939 0.9489796 0.9489796 0.9693878 0.9591837 0.9642857 0.9540816 0.9336735 0.9489796
 [85] 0.9591837 0.9540816 0.9540816 0.9540816 0.9489796 0.9744898 0.9642857 0.9438776 0.9642857 0.9438776 0.9336735 0.9744898
 [97] 0.9693878 0.9540816 0.9795918 0.9642857
> dim(M.COUNT)
[1] 196 100
> nrow(M.COUNT)
[1] 196
> length(av.hit.iter)
[1] 196
> E11
  [1] 0.9544485 0.9595198 0.9570238 0.9521514 0.9512751 0.9513430 0.9481790 0.9487687 0.9453944 0.9455814 0.9459340 0.9319718
 [13] 0.9272910 0.9256025 0.9262861 0.9265526 0.9236352 0.9238018 0.9244598 0.9236947 0.9246908 0.9200400 0.9208758 0.9180088
 [25] 0.9188343 0.9198615 0.9193541 0.9179458 0.9189283 0.9197768 0.9283265 0.9297234 0.9310720 0.9339066 0.9350659 0.9348963
 [37] 0.9359221 0.9370055 0.9381819 0.9390198 0.9387549 0.9390791 0.9403181 0.9415739 0.9415083 0.9429545 0.9444308 0.9432927
 [49] 0.9445889 0.9454452 0.9452289 0.9454624 0.9468264 0.9440547 0.9455711 0.9427099 0.9442417 0.9440257 0.9411035 0.9426831
 [61] 0.9416562 0.9415888 0.9413594 0.9411165 0.9410455 0.9381391 0.9390113 0.9387813 0.9390377 0.9378586 0.9377301 0.9376194
 [73] 0.9346996 0.9345208 0.9327825 0.9325191 0.9324307 0.9312222 0.9310981 0.9310305 0.9323377 0.9336339 0.9333656 0.9332780
 [85] 0.9302848 0.9301440 0.9271210 0.9269864 0.9257633 0.9217292 0.9214998 0.9212041 0.9209078 0.9208191 0.9221254 0.9231484
 [97] 0.9239914 0.9238836 0.9226101 0.9224644 0.9193769 0.9168299 0.9165858 0.9162744 0.9171771 0.9175000 0.9185359 0.9193879
[109] 0.9180808 0.9080445 0.9093913 0.9091950 0.9105265 0.9118547 0.9115271 0.9112641 0.9111522 0.9110213 0.9077699 0.9076061
[121] 0.9063876 0.9060940 0.9058559 0.9072015 0.9069810 0.9066360 0.9063568 0.9060099 0.9027103 0.9025016 0.9022415 0.9009846
[133] 0.9006738 0.8997775 0.8972010 0.8985708 0.8999463 0.8995782 0.8992093 0.9005858 0.9002863 0.8968851 0.8966631 0.8963791
[145] 0.8962311 0.8960952 0.8947856 0.8910563 0.8906958 0.8904005 0.8901322 0.8898627 0.8894843 0.8890820 0.8889272 0.8888817
[157] 0.8884980 0.8880901 0.8879317 0.8878837 0.8865307 0.8862846 0.8877020 0.8873592 0.8837291 0.8834935 0.8794865 0.8791840
[169] 0.8755049 0.8752481 0.8723425 0.8719409 0.8715189 0.8694524 0.8691197 0.8705403 0.8700986 0.8696307 0.8691608 0.8705944
[181] 0.8701487 0.8692144 0.8698496 0.8699299 0.8706442 0.8691739 0.8637881 0.8634556 0.8630996 0.8627172 0.8623646 0.8620024
[193] 0.8634628 0.8629619 0.8624838 0.8619784
> E12
  [1] 0.9548804 0.9601290 0.9577023 0.9530397 0.9524027 0.9524825 0.9494259 0.9501676 0.9471306 0.9474003 0.9479091 0.9337966
 [13] 0.9292633 0.9276596 0.9282874 0.9287462 0.9262737 0.9264169 0.9270821 0.9263684 0.9273431 0.9229074 0.9238034 0.9215585
 [25] 0.9223234 0.9232867 0.9228891 0.9215163 0.9225269 0.9234338 0.9321950 0.9336040 0.9350386 0.9374443 0.9385836 0.9385771
 [37] 0.9396442 0.9406382 0.9418390 0.9425731 0.9424514 0.9427331 0.9439496 0.9451820 0.9451392 0.9465819 0.9480739 0.9467567
 [49] 0.9480214 0.9487326 0.9485413 0.9486891 0.9500355 0.9474997 0.9490294 0.9463986 0.9479353 0.9479334 0.9455854 0.9471653
 [61] 0.9459573 0.9458868 0.9456904 0.9454824 0.9453936 0.9427231 0.9434500 0.9434403 0.9436143 0.9422627 0.9422480 0.9421555
 [73] 0.9394752 0.9395069 0.9379557 0.9377299 0.9376249 0.9362425 0.9361383 0.9358566 0.9371358 0.9384108 0.9381647 0.9380541
 [85] 0.9353061 0.9353861 0.9326115 0.9326982 0.9312947 0.9278117 0.9276107 0.9273399 0.9270696 0.9267636 0.9280504 0.9289374
 [97] 0.9297034 0.9295736 0.9281199 0.9279960 0.9251637 0.9232086 0.9229940 0.9227096 0.9234611 0.9236942 0.9245918 0.9253657
[109] 0.9238755 0.9147722 0.9160983 0.9159399 0.9172472 0.9185515 0.9182524 0.9179979 0.9176600 0.9175125 0.9145278 0.9146018
[121] 0.9131872 0.9129267 0.9128231 0.9141445 0.9139663 0.9136431 0.9133796 0.9130562 0.9100297 0.9100654 0.9099478 0.9084919
[133] 0.9082140 0.9070973 0.9046068 0.9059516 0.9073023 0.9069573 0.9066133 0.9079658 0.9076760 0.9045562 0.9045850 0.9044491
[145] 0.9040641 0.9039089 0.9023941 0.8994974 0.8991604 0.8990129 0.8987928 0.8985718 0.8982239 0.8978500 0.8974561 0.8973887
[157] 0.8970353 0.8966556 0.8962558 0.8961852 0.8946233 0.8944084 0.8958021 0.8954711 0.8921377 0.8921679 0.8884157 0.8881640
[169] 0.8847860 0.8847994 0.8821412 0.8817793 0.8813824 0.8794240 0.8791284 0.8805294 0.8801155 0.8796798 0.8792430 0.8806570
[181] 0.8802388 0.8790631 0.8796687 0.8795034 0.8801652 0.8784768 0.8740346 0.8737238 0.8735305 0.8731600 0.8728622 0.8725397
[193] 0.8739810 0.8735143 0.8730666 0.8725960
> E22
  [1] 0.9530682 0.9570253 0.9541257 0.9483242 0.9471336 0.9471477 0.9436084 0.9441070 0.9402830 0.9404295 0.9407229 0.9267356
 [13] 0.9211884 0.9189690 0.9197700 0.9198814 0.9163468 0.9166111 0.9174488 0.9165625 0.9177330 0.9126468 0.9135926 0.9101341
 [25] 0.9110594 0.9122686 0.9116389 0.9102055 0.9112862 0.9121999 0.9213852 0.9228569 0.9242462 0.9276639 0.9289304 0.9286447
 [37] 0.9297004 0.9309361 0.9322136 0.9331837 0.9329009 0.9332725 0.9346439 0.9360143 0.9359708 0.9375115 0.9390605 0.9378901
 [49] 0.9393093 0.9403130 0.9401373 0.9404617 0.9419517 0.9387506 0.9403389 0.9370750 0.9386809 0.9383538 0.9349403 0.9365751
 [61] 0.9354658 0.9354282 0.9352392 0.9350294 0.9349909 0.9316762 0.9326972 0.9323500 0.9326895 0.9314673 0.9312852 0.9311746
 [73] 0.9278273 0.9275188 0.9256352 0.9254037 0.9253467 0.9240932 0.9239678 0.9239662 0.9254033 0.9268375 0.9266046 0.9265507
 [85] 0.9231199 0.9228205 0.9193627 0.9190622 0.9177869 0.9132884 0.9130765 0.9128137 0.9125504 0.9125270 0.9139722 0.9151426
 [97] 0.9161184 0.9160431 0.9147213 0.9145727 0.9110238 0.9080067 0.9077796 0.9075010 0.9085548 0.9089335 0.9101193 0.9111062
[109] 0.9097489 0.8983824 0.8998532 0.8996395 0.9011071 0.9025759 0.9022808 0.9020385 0.9019931 0.9018948 0.8981748 0.8978271
[121] 0.8965071 0.8962426 0.8959407 0.8974286 0.8971947 0.8968835 0.8966230 0.8963100 0.8925207 0.8921352 0.8918108 0.8904489
[133] 0.8901674 0.8892358 0.8864682 0.8879784 0.8894949 0.8891600 0.8888244 0.8903470 0.8900671 0.8861620 0.8857548 0.8854060
[145] 0.8853236 0.8852097 0.8837907 0.8793044 0.8789645 0.8786006 0.8783137 0.8780255 0.8776679 0.8772969 0.8772014 0.8771404
[157] 0.8767779 0.8764017 0.8763035 0.8762400 0.8747654 0.8745086 0.8760764 0.8757513 0.8715988 0.8711565 0.8668352 0.8665115
[169] 0.8623022 0.8618351 0.8585374 0.8581608 0.8577572 0.8554937 0.8551392 0.8567096 0.8562867 0.8558473 0.8554059 0.8569911
[181] 0.8565650 0.8555394 0.8563042 0.8564676 0.8573046 0.8557018 0.8493668 0.8490102 0.8485677 0.8481872 0.8478055 0.8474191
[193] 0.8490338 0.8485610 0.8481012 0.8476239
> E21
  [1] 0.9534617 0.9575637 0.9547232 0.9490994 0.9480207 0.9480418 0.9445754 0.9451455 0.9415147 0.9416835 0.9420570 0.9279740
 [13] 0.9225900 0.9204506 0.9212191 0.9214151 0.9181273 0.9183708 0.9191946 0.9183321 0.9194756 0.9145292 0.9154864 0.9123112
 [25] 0.9132017 0.9143734 0.9137921 0.9123439 0.9134188 0.9143430 0.9235785 0.9250517 0.9264626 0.9296460 0.9308992 0.9306817
 [37] 0.9317592 0.9329518 0.9342216 0.9351477 0.9349014 0.9352545 0.9366106 0.9379654 0.9379140 0.9394457 0.9410005 0.9398034
 [49] 0.9412042 0.9421574 0.9419827 0.9422703 0.9437502 0.9406717 0.9422648 0.9391224 0.9407287 0.9404834 0.9372882 0.9389251
 [61] 0.9377999 0.9377473 0.9375596 0.9373477 0.9372917 0.9341005 0.9350704 0.9348079 0.9351080 0.9338585 0.9337152 0.9336166
 [73] 0.9303919 0.9301636 0.9283423 0.9281094 0.9280352 0.9267546 0.9266420 0.9265787 0.9279960 0.9294134 0.9291764 0.9291039
 [85] 0.9257986 0.9255994 0.9222693 0.9220687 0.9207629 0.9164602 0.9162426 0.9159769 0.9157107 0.9156251 0.9170539 0.9181720
 [97] 0.9191099 0.9190161 0.9176666 0.9175320 0.9141115 0.9113311 0.9110986 0.9108173 0.9118176 0.9121702 0.9133027 0.9142512
[109] 0.9128660 0.9019187 0.9033752 0.9031753 0.9046235 0.9060732 0.9057758 0.9055244 0.9054146 0.9053011 0.9017179 0.9014754
[121] 0.9001402 0.8998746 0.8996215 0.9010902 0.9008727 0.9005583 0.9002901 0.8999738 0.8963221 0.8960474 0.8957752 0.8943984
[133] 0.8941157 0.8931252 0.8904002 0.8918906 0.8933874 0.8930496 0.8927111 0.8942143 0.8939257 0.8901622 0.8898685 0.8895746
[145] 0.8894249 0.8892915 0.8878575 0.8837164 0.8833704 0.8830612 0.8827934 0.8825244 0.8821640 0.8817913 0.8816272 0.8815650
[157] 0.8811994 0.8808214 0.8806538 0.8805889 0.8790984 0.8788592 0.8804077 0.8800744 0.8760741 0.8757497 0.8715173 0.8712139
[169] 0.8671588 0.8668117 0.8636586 0.8632829 0.8628735 0.8606675 0.8603322 0.8618846 0.8614589 0.8610192 0.8605776 0.8621446
[181] 0.8617156 0.8606466 0.8613836 0.8614672 0.8622698 0.8606515 0.8547236 0.8543809 0.8539962 0.8536040 0.8532444 0.8528784
[193] 0.8544751 0.8540025 0.8535403 0.8530633
> E1.dif
  [1] 0.0004318320 0.0006092515 0.0006784387 0.0008882889 0.0011276080 0.0011394563 0.0012469169 0.0013988875 0.0017362133
 [10] 0.0018188550 0.0019750631 0.0018248585 0.0019722996 0.0020570974 0.0020012532 0.0021935543 0.0026384175 0.0026150981
 [19] 0.0026223066 0.0026736882 0.0026523019 0.0028674077 0.0029275937 0.0035496926 0.0034891475 0.0034252881 0.0035349930
 [28] 0.0035705804 0.0035986158 0.0036569814 0.0038684463 0.0038805403 0.0039665951 0.0035377177 0.0035177174 0.0036808708
 [37] 0.0037220679 0.0036327336 0.0036571178 0.0035533242 0.0036964763 0.0036540126 0.0036315506 0.0036080471 0.0036308796
 [46] 0.0036273894 0.0036431577 0.0034639230 0.0034324539 0.0032873622 0.0033123458 0.0032266992 0.0032090983 0.0034449720
 [55] 0.0034582724 0.0036886472 0.0036936321 0.0039077303 0.0044819607 0.0044822337 0.0043010600 0.0042980038 0.0043310168
 [64] 0.0043658694 0.0043481750 0.0045840207 0.0044387484 0.0046590676 0.0045766359 0.0044040917 0.0045178840 0.0045360408
 [73] 0.0047755820 0.0049860951 0.0051732080 0.0052107540 0.0051942045 0.0050202452 0.0050401675 0.0048260822 0.0047980095
 [82] 0.0047768662 0.0047991398 0.0047760171 0.0050213482 0.0052421491 0.0054905351 0.0057117807 0.0055313210 0.0060825758
 [91] 0.0061108850 0.0061358808 0.0061617716 0.0059444594 0.0059249618 0.0057890024 0.0057120300 0.0056900278 0.0055098964
[100] 0.0055315682 0.0057867773 0.0063786597 0.0064081958 0.0064351612 0.0062839709 0.0061942534 0.0060559101 0.0059777818
[109] 0.0057947081 0.0067277221 0.0067070416 0.0067448836 0.0067207196 0.0066967627 0.0067252637 0.0067337452 0.0065077711
[118] 0.0064912444 0.0067579010 0.0069956864 0.0067996647 0.0068327564 0.0069671619 0.0069430854 0.0069852653 0.0070071133
[127] 0.0070228083 0.0070462503 0.0073194736 0.0075637280 0.0077063684 0.0075073046 0.0075402337 0.0073198546 0.0074058122
[136] 0.0073808115 0.0073560177 0.0073791752 0.0074039997 0.0073800315 0.0073897065 0.0076710449 0.0079219063 0.0080699475
[145] 0.0078330030 0.0078136708 0.0076085758 0.0084410815 0.0084646005 0.0086123704 0.0086606249 0.0087090865 0.0087395369
[154] 0.0087679786 0.0085289903 0.0085070145 0.0085372919 0.0085655369 0.0083240412 0.0083014301 0.0080925643 0.0081237396
[163] 0.0081001126 0.0081118678 0.0084086803 0.0086743641 0.0089292543 0.0089800076 0.0092811120 0.0095512624 0.0097986679
[172] 0.0098383632 0.0098635744 0.0099716067 0.0100086757 0.0099890793 0.0100169410 0.0100491229 0.0100822179 0.0100626105
[181] 0.0100901158 0.0098486700 0.0098191259 0.0095735819 0.0095209930 0.0093029477 0.0102464708 0.0102681749 0.0104308524
[190] 0.0104428296 0.0104976180 0.0105373304 0.0105181620 0.0105524727 0.0105827843 0.0106175981
> E2.dif
  [1] 0.0003935507 0.0005384177 0.0005975612 0.0007752871 0.0008871072 0.0008941227 0.0009669940 0.0010385881 0.0012317968
 [10] 0.0012539165 0.0013341911 0.0012384430 0.0014015642 0.0014816004 0.0014491242 0.0015336270 0.0017805071 0.0017597509
 [19] 0.0017457635 0.0017695832 0.0017426473 0.0018823571 0.0018938001 0.0021771575 0.0021423341 0.0021047974 0.0021531530
 [28] 0.0021383619 0.0021325957 0.0021431818 0.0021932454 0.0021947934 0.0022164518 0.0019821575 0.0019688253 0.0020369482
 [37] 0.0020588192 0.0020156325 0.0020080259 0.0019640535 0.0020005164 0.0019820484 0.0019667450 0.0019510601 0.0019432034
 [46] 0.0019342695 0.0019400358 0.0019132776 0.0018948550 0.0018444151 0.0018453747 0.0018085965 0.0017984917 0.0019210369
 [55] 0.0019258677 0.0020474409 0.0020478351 0.0021295583 0.0023478721 0.0023499747 0.0023341291 0.0023191348 0.0023203989
 [64] 0.0023182965 0.0023008200 0.0024243073 0.0023732167 0.0024579221 0.0024184600 0.0023912133 0.0024299655 0.0024420173
 [73] 0.0025645837 0.0026448204 0.0027071241 0.0027057000 0.0026885465 0.0026613535 0.0026741517 0.0026125563 0.0025926741
 [82] 0.0025758289 0.0025718012 0.0025531153 0.0026786673 0.0027789221 0.0029066293 0.0030064271 0.0029759776 0.0031717643
 [91] 0.0031661504 0.0031632225 0.0031603120 0.0030980763 0.0030817737 0.0030293238 0.0029914558 0.0029730710 0.0029453528
[100] 0.0029592507 0.0030876528 0.0033244188 0.0033189700 0.0033162978 0.0032627702 0.0032366737 0.0031834027 0.0031450203
[109] 0.0031170980 0.0035362923 0.0035220302 0.0035358514 0.0035163872 0.0034973191 0.0034950201 0.0034859535 0.0034215400
[118] 0.0034063250 0.0035431388 0.0036482485 0.0036331037 0.0036320074 0.0036807323 0.0036615923 0.0036780231 0.0036747525
[127] 0.0036670805 0.0036638265 0.0038013408 0.0039121273 0.0039644051 0.0039495580 0.0039482703 0.0038894002 0.0039320035
[136] 0.0039122739 0.0038924940 0.0038895846 0.0038867315 0.0038673839 0.0038585917 0.0040002296 0.0041137317 0.0041685616
[145] 0.0041012973 0.0040818761 0.0040668115 0.0044120870 0.0044059456 0.0044605225 0.0044796720 0.0044989062 0.0044960451
[154] 0.0044943968 0.0044257301 0.0044245769 0.0044215310 0.0044197172 0.0043502943 0.0043489675 0.0043329864 0.0043506258
[163] 0.0043313164 0.0043230949 0.0044752406 0.0045932794 0.0046820953 0.0047024503 0.0048565346 0.0049766128 0.0051211281
[172] 0.0051221194 0.0051163262 0.0051738635 0.0051929752 0.0051750317 0.0051721577 0.0051718968 0.0051716886 0.0051535341
[181] 0.0051505412 0.0051072238 0.0050794134 0.0049996272 0.0049652247 0.0049497382 0.0053567750 0.0053707042 0.0054284297
[190] 0.0054168019 0.0054388315 0.0054592669 0.0054412296 0.0054415529 0.0054391337 0.0054394447
> SUM.E1E2
  [1] 0.0008253827 0.0011476692 0.0012759999 0.0016635759 0.0020147152 0.0020335790 0.0022139110 0.0024374756 0.0029680100
 [10] 0.0030727716 0.0033092542 0.0030633015 0.0033738638 0.0035386978 0.0034503774 0.0037271813 0.0044189246 0.0043748489
 [19] 0.0043680701 0.0044432713 0.0043949492 0.0047497648 0.0048213939 0.0057268501 0.0056314816 0.0055300855 0.0056881460
 [28] 0.0057089423 0.0057312115 0.0058001632 0.0060616918 0.0060753336 0.0061830469 0.0055198751 0.0054865427 0.0057178190
 [37] 0.0057808871 0.0056483660 0.0056651437 0.0055173777 0.0056969927 0.0056360611 0.0055982956 0.0055591072 0.0055740830
 [46] 0.0055616589 0.0055831935 0.0053772006 0.0053273088 0.0051317773 0.0051577204 0.0050352958 0.0050075900 0.0053660089
 [55] 0.0053841401 0.0057360880 0.0057414671 0.0060372885 0.0068298328 0.0068322084 0.0066351891 0.0066171386 0.0066514157
 [64] 0.0066841659 0.0066489950 0.0070083280 0.0068119651 0.0071169897 0.0069950959 0.0067953050 0.0069478495 0.0069780581
 [73] 0.0073401657 0.0076309155 0.0078803321 0.0079164541 0.0078827510 0.0076815987 0.0077143192 0.0074386385 0.0073906836
 [82] 0.0073526952 0.0073709411 0.0073291324 0.0077000156 0.0080210712 0.0083971644 0.0087182078 0.0085072986 0.0092543401
 [91] 0.0092770355 0.0092991034 0.0093220836 0.0090425357 0.0090067355 0.0088183261 0.0087034857 0.0086630988 0.0084552492
[100] 0.0084908189 0.0088744301 0.0097030785 0.0097271658 0.0097514590 0.0095467411 0.0094309271 0.0092393128 0.0091228021
[109] 0.0089118061 0.0102640143 0.0102290718 0.0102807349 0.0102371068 0.0101940818 0.0102202838 0.0102196987 0.0099293111
[118] 0.0098975694 0.0103010398 0.0106439349 0.0104327684 0.0104647638 0.0106478943 0.0106046777 0.0106632884 0.0106818658
[127] 0.0106898888 0.0107100768 0.0111208144 0.0114758554 0.0116707736 0.0114568626 0.0114885040 0.0112092548 0.0113378157
[136] 0.0112930853 0.0112485117 0.0112687598 0.0112907312 0.0112474154 0.0112482982 0.0116712745 0.0120356381 0.0122385091
[145] 0.0119343003 0.0118955469 0.0116753873 0.0128531685 0.0128705461 0.0130728929 0.0131402969 0.0132079926 0.0132355820
[154] 0.0132623754 0.0129547203 0.0129315914 0.0129588229 0.0129852541 0.0126743355 0.0126503977 0.0124255507 0.0124743654
[163] 0.0124314290 0.0124349626 0.0128839208 0.0132676435 0.0136113496 0.0136824580 0.0141376466 0.0145278752 0.0149197960
[172] 0.0149604826 0.0149799006 0.0151454703 0.0152016509 0.0151641110 0.0151890987 0.0152210197 0.0152539065 0.0152161446
[181] 0.0152406570 0.0149558938 0.0148985393 0.0145732091 0.0144862177 0.0142526859 0.0156032457 0.0156388791 0.0158592821
[190] 0.0158596316 0.0159364495 0.0159965973 0.0159593916 0.0159940257 0.0160219180 0.0160570428
> int.hit.n <- c(1,2,3,4,5,6,16,36,76,116,156,length(av.hit.iter))
> int.hit.n
 [1]   1   2   3   4   5   6  16  36  76 116 156 196
> av.hit.iter[int.hit.n]
 [1] 0.66 0.69 0.68 0.65 0.70 0.68 0.81 0.92 0.99 1.00 1.00 1.00
> E11[int.hit.n]
 [1] 0.9544485 0.9595198 0.9570238 0.9521514 0.9512751 0.9513430 0.9265526 0.9348963 0.9325191 0.9112641 0.8888817 0.8619784
> E12[int.hit.n]
 [1] 0.9548804 0.9601290 0.9577023 0.9530397 0.9524027 0.9524825 0.9287462 0.9385771 0.9377299 0.9179979 0.8973887 0.8725960
> E22[int.hit.n]
 [1] 0.9530682 0.9570253 0.9541257 0.9483242 0.9471336 0.9471477 0.9198814 0.9286447 0.9254037 0.9020385 0.8771404 0.8476239
> E21[int.hit.n]
 [1] 0.9534617 0.9575637 0.9547232 0.9490994 0.9480207 0.9480418 0.9214151 0.9306817 0.9281094 0.9055244 0.8815650 0.8530633
> E1.dif[int.hit.n]
 [1] 0.0004318320 0.0006092515 0.0006784387 0.0008882889 0.0011276080 0.0011394563 0.0021935543 0.0036808708 0.0052107540
[10] 0.0067337452 0.0085070145 0.0106175981
> E2.dif[int.hit.n]
 [1] 0.0003935507 0.0005384177 0.0005975612 0.0007752871 0.0008871072 0.0008941227 0.0015336270 0.0020369482 0.0027057000
[10] 0.0034859535 0.0044245769 0.0054394447
> SUM.E1E2[int.hit.n]
 [1] 0.0008253827 0.0011476692 0.0012759999 0.0016635759 0.0020147152 0.0020335790 0.0037271813 0.0057178190 0.0079164541
[10] 0.0102196987 0.0129315914 0.0160570428
> round(E11[int.hit.n],digits=4)
 [1] 0.9544 0.9595 0.9570 0.9522 0.9513 0.9513 0.9266 0.9349 0.9325 0.9113 0.8889 0.8620
> round(E12[int.hit.n],digits=4)
 [1] 0.9549 0.9601 0.9577 0.9530 0.9524 0.9525 0.9287 0.9386 0.9377 0.9180 0.8974 0.8726
> round(E22[int.hit.n],digits=4)
 [1] 0.9531 0.9570 0.9541 0.9483 0.9471 0.9471 0.9199 0.9286 0.9254 0.9020 0.8771 0.8476
> round(E21[int.hit.n],digits=4)
 [1] 0.9535 0.9576 0.9547 0.9491 0.9480 0.9480 0.9214 0.9307 0.9281 0.9055 0.8816 0.8531
> round(E1.dif[int.hit.n],digits=4)
 [1] 0.0004 0.0006 0.0007 0.0009 0.0011 0.0011 0.0022 0.0037 0.0052 0.0067 0.0085 0.0106
> round(E2.dif[int.hit.n],digits=4)
 [1] 0.0004 0.0005 0.0006 0.0008 0.0009 0.0009 0.0015 0.0020 0.0027 0.0035 0.0044 0.0054
> round(SUM.E1E2[int.hit.n],digits=4)
 [1] 0.0008 0.0011 0.0013 0.0017 0.0020 0.0020 0.0037 0.0057 0.0079 0.0102 0.0129 0.0161
> length(CRIT.vec)
[1] 200
> CRIT.vec <- CRIT.vec[1:nrow(xstart)]
> length(CRIT.vec)
[1] 200
> CRIT.vec
  [1] 2.347536e-12 2.347536e-12 2.347536e-12 2.347536e-12 8.534901e-03 2.021139e-02 2.761180e-02 3.649901e-02 4.628040e-02
 [10] 5.709627e-02 6.903339e-02 8.150659e-02 9.410388e-02 1.075076e-01 1.219630e-01 1.370875e-01 1.525082e-01 1.689234e-01
 [19] 1.861250e-01 2.047032e-01 2.239903e-01 2.430263e-01 2.629651e-01 2.838136e-01 3.050940e-01 3.291566e-01 3.511692e-01
 [28] 3.750435e-01 3.988691e-01 4.239687e-01 4.493423e-01 4.764313e-01 5.032412e-01 5.309175e-01 5.683018e-01 5.996795e-01
 [37] 6.318623e-01 6.692866e-01 7.012487e-01 7.346845e-01 7.689383e-01 8.030601e-01 8.376357e-01 8.732893e-01 9.092682e-01
 [46] 9.464390e-01 9.844988e-01 1.022559e+00 1.061531e+00 1.101033e+00 1.141028e+00 1.182372e+00 1.223710e+00 1.265706e+00
 [55] 1.308151e+00 1.352081e+00 1.394427e+00 1.437958e+00 1.482770e+00 1.528882e+00 1.576117e+00 1.624311e+00 1.676372e+00
 [64] 1.727118e+00 1.777202e+00 1.828084e+00 1.880288e+00 1.932148e+00 1.985354e+00 2.035729e+00 2.087631e+00 2.139926e+00
 [73] 2.193190e+00 2.246820e+00 2.300425e+00 2.355245e+00 2.409363e+00 2.464030e+00 2.520249e+00 2.575821e+00 2.630772e+00
 [82] 2.686879e+00 2.743689e+00 2.799335e+00 2.855391e+00 2.912797e+00 2.969308e+00 3.027303e+00 3.083054e+00 3.139819e+00
 [91] 3.196334e+00 3.253515e+00 3.311779e+00 3.373545e+00 3.432417e+00 3.491481e+00 3.552018e+00 3.610014e+00 3.668301e+00
[100] 3.727118e+00 3.786809e+00 3.845532e+00 3.904545e+00 3.964333e+00 4.024008e+00 4.087684e+00 4.147192e+00 4.208045e+00
[109] 4.267197e+00 4.327064e+00 4.386953e+00 4.447125e+00 4.506397e+00 4.575349e+00 4.637458e+00 4.700761e+00 4.763209e+00
[118] 4.825674e+00 4.888267e+00 4.952343e+00 5.012129e+00 5.072593e+00 5.134035e+00 5.195779e+00 5.258734e+00 5.321860e+00
[127] 5.384706e+00 5.448669e+00 5.512161e+00 5.576454e+00 5.639158e+00 5.703346e+00 5.766165e+00 5.829751e+00 5.893586e+00
[136] 5.957433e+00 6.022136e+00 6.086179e+00 6.153206e+00 6.217685e+00 6.282634e+00 6.347116e+00 6.412067e+00 6.476606e+00
[145] 6.542618e+00 6.605462e+00 6.669074e+00 6.732936e+00 6.797145e+00 6.861972e+00 6.926297e+00 6.993410e+00 7.059018e+00
[154] 7.125538e+00 7.191216e+00 7.257389e+00 7.322977e+00 7.388834e+00 7.454781e+00 7.521468e+00 7.587095e+00 7.654192e+00
[163] 7.720142e+00 7.786837e+00 7.852604e+00 7.919343e+00 7.984758e+00 8.051126e+00 8.116904e+00 8.183011e+00 8.252271e+00
[172] 8.319280e+00 8.385115e+00 8.451350e+00 8.521317e+00 8.589566e+00 8.657156e+00 8.725901e+00 8.795019e+00 8.862694e+00
[181] 8.930557e+00 8.998232e+00 9.066095e+00 9.133784e+00 9.202667e+00 9.268741e+00 9.335788e+00 9.401903e+00 9.468963e+00
[190] 9.535079e+00 9.604596e+00 9.672790e+00 9.741607e+00 9.810769e+00 9.878557e+00 9.947691e+00 1.001621e+01 1.008472e+01
[199] 1.015261e+01 1.022150e+01
> xstart
         Var1      Var2
71   8.333333 0.8333333
150 10.000000 2.0833333
149  9.583333 2.0833333
95   7.916667 1.2500000
70   7.916667 0.8333333
174  9.583333 2.5000000
175 10.000000 2.5000000
120  7.916667 1.6666667
125 10.000000 1.6666667
195  7.916667 2.9166667
124  9.583333 1.6666667
196  8.333333 2.9166667
94   7.500000 1.2500000
69   7.500000 0.8333333
119  7.500000 1.6666667
173  9.166667 2.5000000
47   8.750000 0.4166667
118  7.083333 1.6666667
197  8.750000 2.9166667
172  8.750000 2.5000000
46   8.333333 0.4166667
72   8.750000 0.8333333
171  8.333333 2.5000000
170  7.916667 2.5000000
73   9.166667 0.8333333
144  7.500000 2.0833333
99   9.583333 1.2500000
145  7.916667 2.0833333
198  9.166667 2.9166667
199  9.583333 2.9166667
45   7.916667 0.4166667
169  7.500000 2.5000000
21   8.333333 0.0000000
93   7.083333 1.2500000
148  9.166667 2.0833333
146  8.333333 2.0833333
20   7.916667 0.0000000
143  7.083333 2.0833333
44   7.500000 0.4166667
98   9.166667 1.2500000
68   7.083333 0.8333333
147  8.750000 2.0833333
123  9.166667 1.6666667
194  7.500000 2.9166667
19   7.500000 0.0000000
168  7.083333 2.5000000
43   7.083333 0.4166667
97   8.750000 1.2500000
122  8.750000 1.6666667
117  6.666667 1.6666667
221  8.333333 3.3333333
96   8.333333 1.2500000
142  6.666667 2.0833333
220  7.916667 3.3333333
92   6.666667 1.2500000
222  8.750000 3.3333333
121  8.333333 1.6666667
193  7.083333 2.9166667
67   6.666667 0.8333333
167  6.666667 2.5000000
219  7.500000 3.3333333
223  9.166667 3.3333333
116  6.250000 1.6666667
18   7.083333 0.0000000
141  6.250000 2.0833333
42   6.666667 0.4166667
218  7.083333 3.3333333
91   6.250000 1.2500000
192  6.666667 2.9166667
246  8.333333 3.7500000
247  8.750000 3.7500000
245  7.916667 3.7500000
166  6.250000 2.5000000
244  7.500000 3.7500000
66   6.250000 0.8333333
191  6.250000 2.9166667
217  6.666667 3.3333333
224  9.583333 3.3333333
243  7.083333 3.7500000
248  9.166667 3.7500000
115  5.833333 1.6666667
140  5.833333 2.0833333
270  7.916667 4.1666667
271  8.333333 4.1666667
216  6.250000 3.3333333
242  6.666667 3.7500000
272  8.750000 4.1666667
269  7.500000 4.1666667
165  5.833333 2.5000000
90   5.833333 1.2500000
190  5.833333 2.9166667
268  7.083333 4.1666667
41   6.250000 0.4166667
17   6.666667 0.0000000
65   5.833333 0.8333333
215  5.833333 3.3333333
241  6.250000 3.7500000
139  5.416667 2.0833333
114  5.416667 1.6666667
267  6.666667 4.1666667
164  5.416667 2.5000000
89   5.416667 1.2500000
189  5.416667 2.9166667
266  6.250000 4.1666667
240  5.833333 3.7500000
295  7.916667 4.5833333
294  7.500000 4.5833333
249  9.583333 3.7500000
273  9.166667 4.1666667
293  7.083333 4.5833333
214  5.416667 3.3333333
200 10.000000 2.9166667
296  8.333333 4.5833333
225 10.000000 3.3333333
292  6.666667 4.5833333
297  8.750000 4.5833333
40   5.833333 0.4166667
64   5.416667 0.8333333
163  5.000000 2.5000000
138  5.000000 2.0833333
265  5.833333 4.1666667
239  5.416667 3.7500000
113  5.000000 1.6666667
16   6.250000 0.0000000
188  5.000000 2.9166667
291  6.250000 4.5833333
88   5.000000 1.2500000
213  5.000000 3.3333333
319  7.500000 5.0000000
318  7.083333 5.0000000
320  7.916667 5.0000000
264  5.416667 4.1666667
290  5.833333 4.5833333
298  9.166667 4.5833333
274  9.583333 4.1666667
317  6.666667 5.0000000
321  8.333333 5.0000000
238  5.000000 3.7500000
316  6.250000 5.0000000
250 10.000000 3.7500000
322  8.750000 5.0000000
162  4.583333 2.5000000
137  4.583333 2.0833333
187  4.583333 2.9166667
289  5.416667 4.5833333
263  5.000000 4.1666667
343  7.083333 5.4166667
344  7.500000 5.4166667
315  5.833333 5.0000000
345  7.916667 5.4166667
212  4.583333 3.3333333
342  6.666667 5.4166667
112  4.583333 1.6666667
237  4.583333 3.7500000
39   5.416667 0.4166667
63   5.000000 0.8333333
346  8.333333 5.4166667
341  6.250000 5.4166667
299  9.583333 4.5833333
323  9.166667 5.0000000
288  5.000000 4.5833333
314  5.416667 5.0000000
87   4.583333 1.2500000
186  4.166667 2.9166667
161  4.166667 2.5000000
262  4.583333 4.1666667
340  5.833333 5.4166667
136  4.166667 2.0833333
211  4.166667 3.3333333
369  7.500000 5.8333333
368  7.083333 5.8333333
347  8.750000 5.4166667
313  5.000000 5.0000000
367  6.666667 5.8333333
287  4.583333 4.5833333
339  5.416667 5.4166667
236  4.166667 3.7500000
370  7.916667 5.8333333
366  6.250000 5.8333333
15   5.833333 0.0000000
111  4.166667 1.6666667
261  4.166667 4.1666667
365  5.833333 5.8333333
275 10.000000 4.1666667
371  8.333333 5.8333333
62   4.583333 0.8333333
38   5.000000 0.4166667
312  4.583333 5.0000000
185  3.750000 2.9166667
160  3.750000 2.5000000
286  4.166667 4.5833333
338  5.000000 5.4166667
210  3.750000 3.3333333
86   4.166667 1.2500000
135  3.750000 2.0833333
235  3.750000 3.7500000
14   5.416667 0.0000000
364  5.416667 5.8333333
110  3.750000 1.6666667
260  3.750000 4.1666667
> 

#---------------#---------------
> av.sd.iter <- apply(M.COUNT,1,function(x) sqrt((NRUN-1)/NRUN*var(x)))
> av.sd.iter
  [1] 0.47370877 0.46249324 0.46647615 0.47696960 0.45825757 0.46647615 0.44395946 0.47696960 0.43863424 0.44899889 0.43863424 0.42083251
 [13] 0.43863424 0.43301270 0.39230090 0.39230090 0.44899889 0.40730824 0.40000000 0.39230090 0.31288976 0.34698703 0.33630343 0.27129320
 [25] 0.39230090 0.33630343 0.35707142 0.37563280 0.33630343 0.33630343 0.21794495 0.31288976 0.19595918 0.21794495 0.23748684 0.27129320
 [37] 0.28618176 0.14000000 0.17058722 0.17058722 0.28618176 0.23748684 0.32496154 0.14000000 0.19595918 0.27129320 0.27129320 0.09949874
 [49] 0.25514702 0.14000000 0.14000000 0.09949874 0.14000000 0.21794495 0.00000000 0.14000000 0.23748684 0.14000000 0.09949874 0.09949874
 [61] 0.09949874 0.00000000 0.19595918 0.09949874 0.09949874 0.09949874 0.14000000 0.00000000 0.00000000 0.14000000 0.14000000 0.17058722
 [73] 0.09949874 0.00000000 0.09949874 0.09949874 0.09949874 0.14000000 0.00000000 0.00000000 0.00000000 0.00000000 0.00000000 0.00000000
 [85] 0.00000000 0.00000000 0.09949874 0.00000000 0.09949874 0.00000000 0.00000000 0.09949874 0.00000000 0.00000000 0.00000000 0.00000000
 [97] 0.09949874 0.00000000 0.00000000 0.00000000 0.00000000 0.00000000 0.00000000 0.00000000 0.00000000 0.09949874 0.00000000 0.00000000
[109] 0.00000000 0.09949874 0.09949874 0.00000000 0.00000000 0.00000000 0.00000000 0.00000000 0.00000000 0.00000000 0.00000000 0.00000000
[121] 0.00000000 0.00000000 0.00000000 0.00000000 0.00000000 0.00000000 0.00000000 0.00000000 0.00000000 0.00000000 0.00000000 0.00000000
[133] 0.00000000 0.00000000 0.00000000 0.00000000 0.00000000 0.00000000 0.00000000 0.00000000 0.00000000 0.00000000 0.00000000 0.00000000
[145] 0.00000000 0.00000000 0.00000000 0.00000000 0.00000000 0.00000000 0.00000000 0.00000000 0.00000000 0.00000000 0.00000000 0.00000000
[157] 0.00000000 0.00000000 0.00000000 0.00000000 0.00000000 0.00000000 0.00000000 0.00000000 0.00000000 0.00000000 0.00000000 0.00000000
[169] 0.00000000 0.00000000 0.00000000 0.00000000 0.00000000 0.00000000 0.00000000 0.00000000 0.00000000 0.00000000 0.00000000 0.00000000
[181] 0.00000000 0.00000000 0.00000000 0.00000000 0.00000000 0.00000000 0.00000000 0.00000000 0.00000000 0.00000000 0.00000000 0.00000000
[193] 0.00000000 0.00000000 0.00000000 0.00000000
> av.sd.iter[int.hit.n]
 [1] 0.47370877 0.46249324 0.46647615 0.47696960 0.45825757 0.46647615 0.39230090 0.27129320 0.09949874 0.00000000 0.00000000 0.00000000
> round(av.sd.iter[int.hit.n],digits = 4)
 [1] 0.4737 0.4625 0.4665 0.4770 0.4583 0.4665 0.3923 0.2713 0.0995 0.0000 0.0000 0.0000
> count2 <- c(1,2,3,4,5,6,16,26,36,46)
> av.sd.iter[count2]
 [1] 0.4737088 0.4624932 0.4664762 0.4769696 0.4582576 0.4664762 0.3923009 0.3363034 0.2712932 0.2712932
> round(av.sd.iter[count2],digits = 4)
 [1] 0.4737 0.4625 0.4665 0.4770 0.4583 0.4665 0.3923 0.3363 0.2713 0.2713
> av.hit.iter[count2]
 [1] 0.66 0.69 0.68 0.65 0.70 0.68 0.81 0.87 0.92 0.92
> 