design.opt
                   opt.weight
      10.00 0.00 0.0023310023
       9.20 2.00 0.0003330003
       8.00 0.80 0.0003330003
x.hat  9.66 1.86 0.0019980020
x.hat  8.28 0.42 0.0009990010
x.hat  8.08 0.82 0.0009990010
x.hat  9.32 2.12 0.0009990010
x.hat 10.00 0.40 0.0009990010
x.hat  8.18 0.38 0.0009990010
x.hat  9.28 2.10 0.0019980020
x.hat 10.00 0.38 0.0039960040
x.hat  8.04 0.80 0.0009990010
x.hat  9.72 2.16 0.0009990010
x.hat  9.74 0.02 0.0009990010
x.hat  8.06 0.82 0.0019980020
x.hat  8.16 0.38 0.0019980020
x.hat  9.26 2.08 0.0129870130
x.hat  9.28 2.12 0.0009990010
x.hat  9.70 0.02 0.0009990010
x.hat  7.86 0.44 0.0009990010
x.hat  9.66 1.88 0.0009990010
x.hat  8.04 0.82 0.0059940060
x.hat  9.72 0.02 0.0009990010
x.hat  9.74 0.00 0.0009990010
x.hat  9.68 1.94 0.0029970030
x.hat  8.14 0.38 0.0009990010
x.hat 10.00 0.36 0.0259740260
x.hat  9.26 2.10 0.0149850150
x.hat  9.76 0.00 0.1578421578
x.hat  8.12 0.38 0.0029970030
x.hat  8.02 0.82 0.1888111888
x.hat  9.78 0.00 0.0029970030
x.hat  9.68 1.96 0.0109890110
x.hat  8.10 0.38 0.0119880120
x.hat  9.68 1.98 0.0269730270
x.hat  8.08 0.38 0.1218781219
x.hat  9.24 2.08 0.1518481518
x.hat 10.00 0.34 0.1398601399
x.hat  9.66 1.96 0.0869130869
x.hat  9.66 1.98 0.0039960040
> nrow(design.opt)
[1] 40
> sum(design.opt[,3])
[1] 1