sort(c(a,b,c))
 [1]  1  2  3  4  5  6  7  8  9 10 11 12 13 14 15 16 17 18 19 20 21 22 23 24 25 26 27 28 29 30 31 32 33 34 35 36
> length(sort(c(a,b,c)))
[1] 36
> design.opt[a,]
                     weight
[1,] 10.00 0.00 0.071262071
[2,] 10.00 0.40 0.000999001
[3,]  9.66 0.04 0.000999001
[4,] 10.00 0.36 0.009990010
[5,]  9.66 0.02 0.000999001
[6,]  9.64 0.04 0.128871129
[7,]  9.64 0.06 0.000999001
[8,]  9.98 0.36 0.112887113
> design.opt[b,]
                      weight
 [1,] 8.00 0.80 0.0003330003
 [2,] 8.28 0.42 0.0009990010
 [3,] 8.22 0.86 0.0009990010
 [4,] 7.92 0.52 0.0009990010
 [5,] 7.86 0.90 0.0019980020
 [6,] 7.96 0.46 0.0019980020
 [7,] 7.88 0.90 0.0009990010
 [8,] 8.22 0.80 0.0009990010
 [9,] 8.00 0.44 0.0009990010
[10,] 8.20 0.80 0.0019980020
[11,] 7.86 0.92 0.1238761239
[12,] 7.98 0.46 0.1218781219
[13,] 7.88 0.92 0.0009990010
[14,] 8.22 0.78 0.0739260739
[15,] 8.00 0.46 0.0039960040
> design.opt[c,]
                     weight
 [1,] 9.20 2.00 0.001332001
 [2,] 9.66 1.86 0.000999001
 [3,] 9.46 2.24 0.000999001
 [4,] 9.18 2.00 0.000999001
 [5,] 9.64 1.88 0.000999001
 [6,] 9.18 2.02 0.040959041
 [7,] 9.50 2.24 0.000999001
 [8,] 9.66 1.92 0.000999001
 [9,] 9.64 1.90 0.015984016
[10,] 9.48 2.26 0.007992008
[11,] 9.48 2.28 0.062937063
[12,] 9.62 1.90 0.108891109
[13,] 9.18 2.04 0.091908092
> a
[1]  1  8 11 14 17 23 30 33
> b
 [1]  3  5  6  9 12 15 18 20 22 26 27 28 29 31 32
> c 
 [1]  2  4  7 10 13 16 19 21 24 25 34 35 36
> 