nrow(xstart)
[1] 200
> nrow(xstart)-n1 
[1] 196
> nleft
[1] 196
> M.COUNT[nleft,]
  [1] 1 1 1 1 1 1 1 1 1 1 1 1 1 1 1 1 1 1 1 1 1 1 1 1 1 1 1 1 1 1 1 1 1 1 1 1 1 1 1 1 1 1 1 1 1 1 1 1 1 1 0 1 1 1 1 1 1 1 1 0 1 1
 [63] 1 1 1 1 1 1 1 1 1 1 1 1 0 1 1 1 1 1 1 1 1 0 1 1 1 1 1 1 1 1 1 1 1 1 1 1 1 1
> M.COUNT <- M.COUNT[1:(nrow(xstart)-n1),]
> dim(M.COUNT)
[1] 196 100
> M.COUNT[nrow(xstart)-n1,]
  [1] 1 1 1 1 1 1 1 1 1 1 1 1 1 1 1 1 1 1 1 1 1 1 1 1 1 1 1 1 1 1 1 1 1 1 1 1 1 1 1 1 1 1 1 1 1 1 1 1 1 1 0 1 1 1 1 1 1 1 1 0 1 1
 [63] 1 1 1 1 1 1 1 1 1 1 1 1 0 1 1 1 1 1 1 1 1 0 1 1 1 1 1 1 1 1 1 1 1 1 1 1 1 1
> av.hit.iter <- apply(M.COUNT,1,mean)
> av.hit.run <- apply(M.COUNT,2,mean)
> av.hit.iter
  [1] 0.47 0.47 0.53 0.49 0.43 0.49 0.51 0.50 0.58 0.57 0.56 0.49 0.45 0.55 0.45 0.49 0.59 0.44 0.56 0.54 0.56 0.58 0.53 0.45 0.55
 [26] 0.55 0.47 0.50 0.43 0.53 0.49 0.64 0.64 0.69 0.59 0.66 0.63 0.66 0.71 0.61 0.66 0.68 0.66 0.72 0.71 0.71 0.76 0.70 0.81 0.73
 [51] 0.72 0.76 0.67 0.69 0.69 0.68 0.69 0.77 0.83 0.75 0.80 0.79 0.74 0.77 0.84 0.75 0.72 0.84 0.75 0.78 0.85 0.74 0.69 0.84 0.80
 [76] 0.77 0.80 0.78 0.87 0.78 0.79 0.72 0.83 0.83 0.85 0.81 0.83 0.81 0.79 0.84 0.85 0.87 0.81 0.82 0.85 0.85 0.87 0.83 0.81 0.83
[101] 0.79 0.87 0.79 0.88 0.84 0.85 0.79 0.83 0.80 0.86 0.84 0.85 0.86 0.82 0.87 0.89 0.89 0.82 0.86 0.78 0.86 0.81 0.89 0.86 0.84
[126] 0.87 0.92 0.88 0.90 0.87 0.90 0.88 0.85 0.90 0.93 0.92 0.87 0.86 0.88 0.94 0.93 0.90 0.85 0.93 0.89 0.89 0.86 0.94 0.87 0.86
[151] 0.90 0.90 0.93 0.95 0.87 0.92 0.94 0.85 0.87 0.94 0.91 0.86 0.90 0.94 0.91 0.96 0.94 0.88 0.93 0.85 0.93 0.94 0.94 0.92 0.91
[176] 0.91 0.86 0.95 0.94 0.90 0.92 0.94 0.91 0.96 0.95 0.95 0.94 0.96 0.96 0.93 0.92 0.97 0.95 0.91 0.95 0.96
> av.hit.run
  [1] 0.8163265 0.8214286 0.7602041 0.7500000 0.8163265 0.7857143 0.7704082 0.7704082 0.7908163 0.8214286 0.7806122 0.8265306
 [13] 0.7806122 0.7959184 0.7602041 0.7959184 0.7500000 0.7448980 0.8061224 0.8622449 0.8061224 0.8265306 0.7551020 0.7551020
 [25] 0.7551020 0.7448980 0.7653061 0.8418367 0.7806122 0.8265306 0.8316327 0.7908163 0.7755102 0.7704082 0.8061224 0.7755102
 [37] 0.7857143 0.8061224 0.8010204 0.8061224 0.7295918 0.7397959 0.7959184 0.7755102 0.7602041 0.7857143 0.8061224 0.7653061
 [49] 0.7755102 0.8418367 0.7448980 0.8367347 0.8112245 0.7346939 0.8010204 0.7653061 0.7653061 0.7908163 0.8112245 0.7602041
 [61] 0.7755102 0.7448980 0.7857143 0.7397959 0.7806122 0.8163265 0.7653061 0.8367347 0.7908163 0.7602041 0.7653061 0.7448980
 [73] 0.8010204 0.7806122 0.8061224 0.7806122 0.8214286 0.7755102 0.7448980 0.7704082 0.8418367 0.8061224 0.7653061 0.8418367
 [85] 0.7653061 0.7908163 0.7602041 0.7908163 0.7755102 0.7653061 0.7959184 0.7755102 0.7551020 0.7959184 0.8163265 0.8214286
 [97] 0.7908163 0.7908163 0.7704082 0.7448980
> dim(M.COUNT)
[1] 196 100
> nrow(M.COUNT)
[1] 196
> length(av.hit.iter)
[1] 196
> E11
  [1] 0.9549270 0.9445905 0.9274890 0.9104145 0.8931571 0.8826623 0.8663570 0.8558027 0.8394141 0.8224047 0.8052989 0.7878311
 [13] 0.7711200 0.7540733 0.7373103 0.7204845 0.7063571 0.6898295 0.6723677 0.6540082 0.6404891 0.6219863 0.6037495 0.5856707
 [25] 0.5719875 0.5575853 0.5401008 0.5295414 0.5194516 0.5151573 0.5098311 0.5062583 0.5053157 0.5037401 0.5003088 0.4985879
 [37] 0.4950042 0.4929771 0.4882541 0.4846771 0.4814783 0.4796677 0.4779392 0.4741844 0.4713446 0.4693837 0.4645765 0.4629002
 [49] 0.4599366 0.4560822 0.4549603 0.4511889 0.4473371 0.4452988 0.4415392 0.4391959 0.4361146 0.4318197 0.4296866 0.4276341
 [61] 0.4250096 0.4210312 0.4187432 0.4170326 0.4155340 0.4124962 0.4104364 0.4068729 0.4036506 0.3993866 0.3981729 0.3943192
 [73] 0.3922824 0.3876460 0.3859679 0.3821651 0.3800975 0.3758235 0.3734207 0.3698029 0.3660679 0.3641279 0.3601776 0.3584269
 [85] 0.3530371 0.3491576 0.3476273 0.3460952 0.3441091 0.3397642 0.3378585 0.3343391 0.3303487 0.3285212 0.3275196 0.3264487
 [97] 0.3252380 0.3216272 0.3185024 0.3163561 0.3116749 0.3081757 0.3078163 0.3050199 0.2994141 0.2987550 0.2952069 0.2914750
[109] 0.2872706 0.2851141 0.2832646 0.2828086 0.2797476 0.2778820 0.2737455 0.2706474 0.2692273 0.2674615 0.2654086 0.2650075
[121] 0.2645286 0.2583174 0.2578329 0.2576356 0.2573513 0.2570384 0.2549122 0.2512995 0.2500543 0.2472906 0.2446777 0.2434810
[133] 0.2428381 0.2416145 0.2402789 0.2376321 0.2362972 0.2336271 0.2334631 0.2286231 0.2257893 0.2219042 0.2194022 0.2166920
[145] 0.2149607 0.2130287 0.2115700 0.2096756 0.2079535 0.2044025 0.2034262 0.1986741 0.1958300 0.1923690 0.1888382 0.1857298
[157] 0.1825070 0.1794521 0.1784130 0.1762325 0.1739326 0.1706430 0.1690940 0.1682794 0.1653301 0.1642902 0.1630995 0.1598607
[169] 0.1589089 0.1551924 0.1511830 0.1500568 0.1489973 0.1477383 0.1436008 0.1414501 0.1402484 0.1391012 0.1384341 0.1371052
[181] 0.1353879 0.1348989 0.1341788 0.1330941 0.1325998 0.1315557 0.1313109 0.1299889 0.1297545 0.1293820 0.1288679 0.1277612
[193] 0.1271609 0.1260035 0.1257571 0.1249477
> E12
  [1] 0.9551374 0.9448219 0.9277645 0.9107274 0.8935189 0.8830411 0.8667572 0.8562170 0.8398358 0.8228495 0.8057738 0.7883409
 [13] 0.7716677 0.7546325 0.7378891 0.7210890 0.7069717 0.6904512 0.6729853 0.6546384 0.6411197 0.6226324 0.6044161 0.5863271
 [25] 0.5726444 0.5582260 0.5407337 0.5301670 0.5200754 0.5159434 0.5107205 0.5071096 0.5061086 0.5045254 0.5011581 0.4995614
 [37] 0.4960029 0.4940397 0.4893900 0.4858931 0.4827059 0.4808929 0.4794123 0.4756069 0.4727358 0.4708752 0.4660251 0.4645041
 [49] 0.4614566 0.4575888 0.4565855 0.4527659 0.4489508 0.4470097 0.4432635 0.4409850 0.4378884 0.4336307 0.4315226 0.4295115
 [61] 0.4268366 0.4228527 0.4206360 0.4189061 0.4174494 0.4144421 0.4124719 0.4088812 0.4056538 0.4014206 0.4001870 0.3963723
 [73] 0.3944721 0.3898639 0.3882208 0.3844762 0.3825375 0.3782712 0.3758519 0.3722464 0.3685112 0.3666184 0.3626746 0.3609203
 [85] 0.3554909 0.3516097 0.3501075 0.3487129 0.3466997 0.3423397 0.3405747 0.3368859 0.3329070 0.3310615 0.3300267 0.3290718
 [97] 0.3278348 0.3242883 0.3211706 0.3190152 0.3143561 0.3108766 0.3105271 0.3077528 0.3021361 0.3015177 0.2979632 0.2943374
[109] 0.2900918 0.2878529 0.2859630 0.2855216 0.2824788 0.2806248 0.2764300 0.2733090 0.2718591 0.2700877 0.2680167 0.2676323
[121] 0.2671529 0.2609448 0.2604555 0.2602709 0.2600342 0.2597643 0.2577051 0.2540359 0.2527744 0.2500010 0.2473968 0.2461961
[133] 0.2455464 0.2442954 0.2429806 0.2403518 0.2390051 0.2363123 0.2361496 0.2313662 0.2285136 0.2246113 0.2221212 0.2194219
[145] 0.2176958 0.2157426 0.2143030 0.2123865 0.2106845 0.2071295 0.2061379 0.2014441 0.1985800 0.1954117 0.1918742 0.1887011
[157] 0.1855131 0.1824142 0.1813466 0.1792439 0.1768885 0.1735991 0.1720884 0.1713011 0.1683036 0.1672367 0.1661012 0.1628094
[169] 0.1619402 0.1582183 0.1541673 0.1530329 0.1519176 0.1507568 0.1465778 0.1443515 0.1431516 0.1419873 0.1413109 0.1399989
[181] 0.1382626 0.1377662 0.1370308 0.1359405 0.1354462 0.1344166 0.1341591 0.1328111 0.1325850 0.1322176 0.1317121 0.1305991
[193] 0.1300041 0.1288233 0.1285751 0.1277791
> E22
  [1] 0.95521485 0.94457395 0.92714053 0.90968682 0.89211011 0.88129699 0.86435085 0.85346380 0.83649029 0.81894754 0.80133539
 [12] 0.78345117 0.76620411 0.74855520 0.73113301 0.71366140 0.69883693 0.68152417 0.66348278 0.64465216 0.63019249 0.61123578
 [23] 0.59248040 0.57377517 0.55914078 0.54377680 0.52552450 0.51429611 0.50352683 0.49822089 0.49237342 0.48867938 0.48790769
 [34] 0.48633371 0.48246075 0.48045243 0.47636044 0.47409898 0.46872494 0.46470563 0.46114552 0.45926952 0.45695211 0.45272206
 [45] 0.44973089 0.44746746 0.44214312 0.43993852 0.43679448 0.43243948 0.43103684 0.42691171 0.42261251 0.42029943 0.41607009
 [56] 0.41329373 0.40997708 0.40512553 0.40295116 0.40066023 0.39793821 0.39354601 0.39082908 0.38904634 0.38740174 0.38392770
 [67] 0.38157521 0.37770410 0.37430211 0.36960632 0.36851418 0.36421987 0.36187597 0.35655759 0.35468492 0.35034021 0.34796975
 [78] 0.34318095 0.34060964 0.33657917 0.33250388 0.33045578 0.32599239 0.32418427 0.31838593 0.31415855 0.31264613 0.31071708
 [89] 0.30861603 0.30391077 0.30152367 0.29789498 0.29347459 0.29170299 0.29078023 0.28948001 0.28821548 0.28402006 0.28057456
[100] 0.27832903 0.27305572 0.26920038 0.26884449 0.26572880 0.25944964 0.25885853 0.25506915 0.25086265 0.24631175 0.24418565
[111] 0.24228282 0.24185835 0.23834412 0.23639857 0.23212137 0.22876779 0.22741742 0.22557379 0.22349708 0.22318067 0.22275488
[122] 0.21586284 0.21545748 0.21530911 0.21501015 0.21465836 0.21219728 0.20834167 0.20711676 0.20421542 0.20140424 0.20020795
[133] 0.19961055 0.19841122 0.19697213 0.19401036 0.19269048 0.18988563 0.18979484 0.18449757 0.18157803 0.17734835 0.17466741
[144] 0.17167564 0.16988199 0.16777926 0.16623809 0.16429972 0.16241116 0.15857347 0.15767319 0.15227076 0.14941512 0.14492606
[155] 0.14123848 0.13790727 0.13432674 0.13101508 0.13007662 0.12757653 0.12521387 0.12169435 0.11997394 0.11914127 0.11603458
[166] 0.11508319 0.11376428 0.11034629 0.10928039 0.10521147 0.10087754 0.09985470 0.09898052 0.09754055 0.09301825 0.09092090
[177] 0.08967469 0.08865292 0.08808053 0.08667716 0.08499020 0.08454378 0.08392620 0.08288112 0.08245474 0.08143239 0.08126698
[188] 0.08001013 0.07983368 0.07953242 0.07906981 0.07799920 0.07742419 0.07630491 0.07610283 0.07535317
> E21
  [1] 0.95542502 0.94480514 0.92741601 0.91000018 0.89247239 0.88167653 0.86475250 0.85387928 0.83691312 0.81939467 0.80181306
 [12] 0.78396438 0.76675543 0.74911920 0.73171767 0.71427231 0.69945874 0.68215393 0.66410835 0.64529178 0.63083343 0.61189336
 [23] 0.59315903 0.57444316 0.55981028 0.54443233 0.52617402 0.51493979 0.50417010 0.49901217 0.49322729 0.48949532 0.48867861
 [34] 0.48710092 0.48328116 0.48136063 0.47729886 0.47508505 0.46977482 0.46580887 0.46225722 0.46038083 0.45822479 0.45397156
 [45] 0.45095616 0.44876813 0.44342316 0.44132936 0.43813378 0.43377945 0.43245626 0.42830426 0.42403610 0.42179187 0.41758238
 [56] 0.41485798 0.41153425 0.40671687 0.40455153 0.40228820 0.39953297 0.39514227 0.39248350 0.39069030 0.38907007 0.38562596
 [67] 0.38333873 0.37945197 0.37604639 0.37138102 0.37026658 0.36600798 0.36375962 0.35847654 0.35662748 0.35232792 0.35004703
 [78] 0.34527324 0.34268703 0.33866907 0.33459303 0.33257335 0.32812701 0.32631525 0.32048457 0.31625874 0.31475519 0.31291690
 [89] 0.31079866 0.30608583 0.30379088 0.30004674 0.29563560 0.29384540 0.29289743 0.29167177 0.29039523 0.28625030 0.28280690
[100] 0.28055284 0.27530882 0.27146608 0.27111443 0.26802049 0.26173549 0.26116414 0.25736840 0.25323777 0.24865671 0.24647114
[111] 0.24453899 0.24412228 0.24062853 0.23868655 0.23436256 0.23099144 0.22961399 0.22776844 0.22567377 0.22535971 0.22493246
[122] 0.21804835 0.21763767 0.21749164 0.21721981 0.21689590 0.21448581 0.21059057 0.20935261 0.20644003 0.20363883 0.20243961
[133] 0.20183463 0.20061454 0.19918963 0.19624190 0.19490822 0.19208583 0.19199123 0.18673465 0.18379437 0.17955331 0.17687941
[144] 0.17389493 0.17209969 0.16998345 0.16845583 0.16649825 0.16462940 0.16078527 0.15986997 0.15451562 0.15163512 0.14735713
[155] 0.14364050 0.14026603 0.13671269 0.13337377 0.13241000 0.12996786 0.12757441 0.12406041 0.12236503 0.12154413 0.11840350
[166] 0.11743029 0.11614551 0.11269027 0.11167489 0.10760285 0.10324053 0.10220823 0.10129182 0.09991264 0.09536106 0.09320730
[177] 0.09196220 0.09091924 0.09033652 0.08894406 0.08723686 0.08678222 0.08615056 0.08509803 0.08466767 0.08365063 0.08347341
[188] 0.08219600 0.08202157 0.08171657 0.08125720 0.08017915 0.07960615 0.07846871 0.07826388 0.07751703
> E1.dif
  [1] 0.0002103859 0.0002313719 0.0002754915 0.0003129264 0.0003618577 0.0003787981 0.0004001770 0.0004143252 0.0004216136
 [10] 0.0004448160 0.0004748747 0.0005097994 0.0005476757 0.0005592234 0.0005787758 0.0006044563 0.0006146349 0.0006216641
 [19] 0.0006175911 0.0006301793 0.0006306267 0.0006460989 0.0006666313 0.0006564649 0.0006568941 0.0006406838 0.0006328815
 [28] 0.0006256015 0.0006237909 0.0007861300 0.0008894809 0.0008513035 0.0007928811 0.0007852973 0.0008492952 0.0009734617
 [37] 0.0009986308 0.0010626311 0.0011359245 0.0012159876 0.0012276125 0.0012252614 0.0014731474 0.0014225326 0.0013911274
 [46] 0.0014915281 0.0014485901 0.0016038943 0.0015200856 0.0015065946 0.0016252330 0.0015770189 0.0016137194 0.0017109237
 [55] 0.0017242949 0.0017890974 0.0017738362 0.0018109566 0.0018359918 0.0018774010 0.0018270000 0.0018214841 0.0018928600
 [64] 0.0018734729 0.0019153425 0.0019458870 0.0020355644 0.0020082810 0.0020032334 0.0020339816 0.0020141633 0.0020530943
 [73] 0.0021896537 0.0022179535 0.0022529217 0.0023111521 0.0024400372 0.0024477407 0.0024311710 0.0024435311 0.0024433310
 [82] 0.0024905147 0.0024970483 0.0024934351 0.0024537950 0.0024521113 0.0024802073 0.0026176954 0.0025906508 0.0025755363
 [91] 0.0027161634 0.0025467617 0.0025583137 0.0025402076 0.0025071096 0.0026231326 0.0025968134 0.0026611090 0.0026681888
[100] 0.0026591178 0.0026811764 0.0027008076 0.0027108299 0.0027328526 0.0027219081 0.0027627328 0.0027563617 0.0028624252
[109] 0.0028211874 0.0027387557 0.0026983801 0.0027130027 0.0027311287 0.0027427944 0.0026844962 0.0026615525 0.0026318535
[118] 0.0026262175 0.0026081222 0.0026247949 0.0026243667 0.0026274358 0.0026225753 0.0026353215 0.0026829430 0.0027258866
[127] 0.0027928818 0.0027364297 0.0027201184 0.0027104321 0.0027191026 0.0027151209 0.0027083103 0.0026809826 0.0027017248
[136] 0.0027197119 0.0027079217 0.0026851430 0.0026864561 0.0027431143 0.0027242788 0.0027070273 0.0027189735 0.0027298615
[145] 0.0027350790 0.0027139069 0.0027329790 0.0027108736 0.0027309609 0.0027269899 0.0027116793 0.0027700187 0.0027499768
[154] 0.0030426976 0.0030359572 0.0029712981 0.0030060252 0.0029621444 0.0029335426 0.0030113614 0.0029559265 0.0029560781
[163] 0.0029944362 0.0030217403 0.0029734433 0.0029465031 0.0030017395 0.0029487054 0.0030313095 0.0030258115 0.0029843012
[172] 0.0029760605 0.0029203207 0.0030184703 0.0029769367 0.0029014842 0.0029031820 0.0028861563 0.0028767876 0.0028937794
[181] 0.0028747532 0.0028672333 0.0028520063 0.0028463998 0.0028463907 0.0028608350 0.0028482024 0.0028222508 0.0028305647
[190] 0.0028356107 0.0028441475 0.0028379488 0.0028432246 0.0028198211 0.0028180147 0.0028314187
> E2.dif
  [1] 0.0002101722 0.0002311908 0.0002754801 0.0003133663 0.0003622722 0.0003795414 0.0004016430 0.0004154763 0.0004228329
 [10] 0.0004471277 0.0004776721 0.0005132166 0.0005513244 0.0005639973 0.0005846593 0.0006109101 0.0006218150 0.0006297582
 [19] 0.0006255721 0.0006396214 0.0006409392 0.0006575851 0.0006786290 0.0006679919 0.0006694937 0.0006555262 0.0006495212
 [28] 0.0006436710 0.0006432668 0.0007912838 0.0008538708 0.0008159348 0.0007709256 0.0007672052 0.0008204083 0.0009081980
 [37] 0.0009384185 0.0009860700 0.0010498806 0.0011032386 0.0011116922 0.0011113093 0.0012726834 0.0012495009 0.0012252639
 [46] 0.0013006707 0.0012800378 0.0013908385 0.0013392948 0.0013399664 0.0014194227 0.0013925491 0.0014235866 0.0014924370
 [55] 0.0015122939 0.0015642507 0.0015571717 0.0015913389 0.0016003657 0.0016279707 0.0015947575 0.0015962525 0.0016544198
 [64] 0.0016439647 0.0016683290 0.0016982561 0.0017635169 0.0017478732 0.0017442870 0.0017746934 0.0017523928 0.0017881112
 [73] 0.0018836487 0.0019189558 0.0019425557 0.0019877090 0.0020772827 0.0020922890 0.0020773962 0.0020899004 0.0020891473
 [82] 0.0021175643 0.0021346190 0.0021309845 0.0020986442 0.0021001875 0.0021090562 0.0021998205 0.0021826256 0.0021750660
 [91] 0.0022672056 0.0021517615 0.0021610098 0.0021424134 0.0021172024 0.0021917557 0.0021797490 0.0022302419 0.0022323388
[100] 0.0022238051 0.0022531004 0.0022656979 0.0022699452 0.0022916914 0.0022858535 0.0023056090 0.0022992486 0.0023751270
[109] 0.0023449658 0.0022854911 0.0022561672 0.0022639359 0.0022844173 0.0022879834 0.0022411894 0.0022236465 0.0021965731
[118] 0.0021946537 0.0021766847 0.0021790344 0.0021775825 0.0021855075 0.0021801957 0.0021825320 0.0022096507 0.0022375391
[127] 0.0022885305 0.0022489029 0.0022358510 0.0022246086 0.0022345965 0.0022316541 0.0022240792 0.0022033232 0.0022174972
[136] 0.0022315385 0.0022177434 0.0022002008 0.0021963874 0.0022370776 0.0022163390 0.0022049553 0.0022120033 0.0022192874
[145] 0.0022176968 0.0022041932 0.0022177358 0.0021985317 0.0022182325 0.0022117980 0.0021967845 0.0022448606 0.0022200056
[154] 0.0024310685 0.0024020186 0.0023587612 0.0023859519 0.0023586878 0.0023333806 0.0023913299 0.0023605418 0.0023660611
[163] 0.0023910810 0.0024028569 0.0023689201 0.0023470982 0.0023812243 0.0023439876 0.0023945000 0.0023913835 0.0023629871
[172] 0.0023535327 0.0023113015 0.0023720925 0.0023428161 0.0022863924 0.0022875157 0.0022663189 0.0022559858 0.0022669075
[181] 0.0022466588 0.0022384372 0.0022243529 0.0022169051 0.0022129292 0.0022182428 0.0022064329 0.0021858722 0.0021878967
[190] 0.0021841502 0.0021873957 0.0021799528 0.0021819628 0.0021637977 0.0021610480 0.0021638571
> SUM.E1E2
  [1] 0.0004205581 0.0004625628 0.0005509717 0.0006262928 0.0007241299 0.0007583394 0.0008018200 0.0008298014 0.0008444465
 [10] 0.0008919437 0.0009525468 0.0010230160 0.0010990001 0.0011232207 0.0011634352 0.0012153664 0.0012364499 0.0012514224
 [19] 0.0012431632 0.0012698007 0.0012715659 0.0013036839 0.0013452603 0.0013244568 0.0013263878 0.0012962100 0.0012824027
 [28] 0.0012692725 0.0012670577 0.0015774138 0.0017433517 0.0016672383 0.0015638066 0.0015525024 0.0016697035 0.0018816597
 [37] 0.0019370493 0.0020487012 0.0021858051 0.0023192262 0.0023393047 0.0023365708 0.0027458308 0.0026720335 0.0026163913
 [46] 0.0027921988 0.0027286279 0.0029947328 0.0028593805 0.0028465610 0.0030446557 0.0029695680 0.0030373060 0.0032033607
 [55] 0.0032365888 0.0033533482 0.0033310079 0.0034022955 0.0034363575 0.0035053717 0.0034217576 0.0034177366 0.0035472798
 [64] 0.0035174377 0.0035836715 0.0036441431 0.0037990813 0.0037561542 0.0037475203 0.0038086750 0.0037665561 0.0038412055
 [73] 0.0040733024 0.0041369093 0.0041954774 0.0042988610 0.0045173198 0.0045400297 0.0045085673 0.0045334315 0.0045324783
 [82] 0.0046080791 0.0046316672 0.0046244196 0.0045524392 0.0045522988 0.0045892635 0.0048175159 0.0047732763 0.0047506022
 [91] 0.0049833689 0.0046985232 0.0047193234 0.0046826209 0.0046243120 0.0048148883 0.0047765624 0.0048913509 0.0049005277
[100] 0.0048829229 0.0049342767 0.0049665055 0.0049807751 0.0050245440 0.0050077616 0.0050683418 0.0050556103 0.0052375522
[109] 0.0051661532 0.0050242468 0.0049545473 0.0049769387 0.0050155460 0.0050307779 0.0049256857 0.0048851990 0.0048284266
[118] 0.0048208712 0.0047848068 0.0048038293 0.0048019492 0.0048129433 0.0048027710 0.0048178535 0.0048925938 0.0049634258
[127] 0.0050814124 0.0049853326 0.0049559694 0.0049350407 0.0049536991 0.0049467750 0.0049323895 0.0048843058 0.0049192220
[136] 0.0049512504 0.0049256651 0.0048853438 0.0048828435 0.0049801918 0.0049406178 0.0049119826 0.0049309768 0.0049491489
[145] 0.0049527758 0.0049181001 0.0049507148 0.0049094053 0.0049491934 0.0049387879 0.0049084638 0.0050148793 0.0049699824
[154] 0.0054737660 0.0054379759 0.0053300593 0.0053919771 0.0053208323 0.0052669232 0.0054026914 0.0053164683 0.0053221392
[163] 0.0053855172 0.0054245973 0.0053423634 0.0052936013 0.0053829638 0.0052926930 0.0054258094 0.0054171950 0.0053472883
[172] 0.0053295932 0.0052316222 0.0053905628 0.0053197528 0.0051878766 0.0051906977 0.0051524752 0.0051327735 0.0051606868
[181] 0.0051214120 0.0051056705 0.0050763592 0.0050633048 0.0050593199 0.0050790779 0.0050546352 0.0050081231 0.0050184613
[190] 0.0050197609 0.0050315432 0.0050179016 0.0050251873 0.0049836188 0.0049790627 0.0049952758
> int.hit.n <- c(1,2,3,4,5,6,16,36,76,116,156,length(av.hit.iter))
> int.hit.n
 [1]   1   2   3   4   5   6  16  36  76 116 156 196
> av.hit.iter[int.hit.n]
 [1] 0.47 0.47 0.53 0.49 0.43 0.49 0.49 0.66 0.77 0.89 0.92 0.96
> E11[int.hit.n]
 [1] 0.9549270 0.9445905 0.9274890 0.9104145 0.8931571 0.8826623 0.7204845 0.4985879 0.3821651 0.2706474 0.1857298 0.1249477
> E12[int.hit.n]
 [1] 0.9551374 0.9448219 0.9277645 0.9107274 0.8935189 0.8830411 0.7210890 0.4995614 0.3844762 0.2733090 0.1887011 0.1277791
> E22[int.hit.n]
 [1] 0.95521485 0.94457395 0.92714053 0.90968682 0.89211011 0.88129699 0.71366140 0.48045243 0.35034021 0.22876779 0.13790727
[12] 0.07535317
> E21[int.hit.n]
 [1] 0.95542502 0.94480514 0.92741601 0.91000018 0.89247239 0.88167653 0.71427231 0.48136063 0.35232792 0.23099144 0.14026603
[12] 0.07751703
> E1.dif[int.hit.n]
 [1] 0.0002103859 0.0002313719 0.0002754915 0.0003129264 0.0003618577 0.0003787981 0.0006044563 0.0009734617 0.0023111521
[10] 0.0026615525 0.0029712981 0.0028314187
> E2.dif[int.hit.n]
 [1] 0.0002101722 0.0002311908 0.0002754801 0.0003133663 0.0003622722 0.0003795414 0.0006109101 0.0009081980 0.0019877090
[10] 0.0022236465 0.0023587612 0.0021638571
> SUM.E1E2[int.hit.n]
 [1] 0.0004205581 0.0004625628 0.0005509717 0.0006262928 0.0007241299 0.0007583394 0.0012153664 0.0018816597 0.0042988610
[10] 0.0048851990 0.0053300593 0.0049952758


round(E11[int.hit.n],digits=4)
 [1] 0.9549 0.9446 0.9275 0.9104 0.8932 0.8827 0.7205 0.4986 0.3822 0.2706 0.1857 0.1249
> round(E12[int.hit.n],digits=4)
 [1] 0.9551 0.9448 0.9278 0.9107 0.8935 0.8830 0.7211 0.4996 0.3845 0.2733 0.1887 0.1278
> round(E22[int.hit.n],digits=4)
 [1] 0.9552 0.9446 0.9271 0.9097 0.8921 0.8813 0.7137 0.4805 0.3503 0.2288 0.1379 0.0754
> round(E21[int.hit.n],digits=4)
 [1] 0.9554 0.9448 0.9274 0.9100 0.8925 0.8817 0.7143 0.4814 0.3523 0.2310 0.1403 0.0775
> round(E1.dif[int.hit.n],digits=4)
 [1] 0.0002 0.0002 0.0003 0.0003 0.0004 0.0004 0.0006 0.0010 0.0023 0.0027 0.0030 0.0028
> round(E2.dif[int.hit.n],digits=4)
 [1] 0.0002 0.0002 0.0003 0.0003 0.0004 0.0004 0.0006 0.0009 0.0020 0.0022 0.0024 0.0022
> round(SUM.E1E2[int.hit.n],digits=4)
 [1] 0.0004 0.0005 0.0006 0.0006 0.0007 0.0008 0.0012 0.0019 0.0043 0.0049 0.0053 0.0050





> length(CRIT.vec)
[1] 200
> CRIT.vec <- CRIT.vec[1:nrow(xstart)]
> length(CRIT.vec)
[1] 200
> CRIT.vec
  [1] 1.173839e-12 1.173839e-12 1.173839e-12 1.173839e-12 1.534365e-03 2.093280e-03 2.194059e-03 2.235294e-03 2.234916e-03
 [10] 2.245327e-03 2.838060e-03 2.297316e-03 2.815149e-03 2.798033e-03 2.730370e-03 2.529616e-03 2.470808e-03 2.465612e-03
 [19] 2.925559e-03 2.890607e-03 2.290081e-03 2.889004e-03 2.822106e-03 2.830169e-03 2.900926e-03 2.830569e-03 2.930625e-03
 [28] 2.935001e-03 2.874502e-03 3.405449e-03 2.819798e-03 3.061409e-03 2.763962e-03 2.072953e-03 1.595933e-02 2.609675e-02
 [37] 2.637007e-02 2.215337e-02 1.098033e-02 1.381115e-02 1.579385e-02 1.151721e-02 1.124265e-02 1.873041e-02 2.478252e-02
 [46] 2.256293e-02 1.386233e-02 3.279154e-02 2.717595e-02 1.975245e-02 2.114105e-02 1.626609e-02 2.879907e-02 1.273124e-02
 [55] 1.210021e-02 2.482276e-02 1.250564e-02 1.493333e-02 1.668449e-02 1.211855e-02 1.703055e-02 1.262037e-02 1.610832e-02
 [64] 1.691558e-02 1.649821e-02 1.185204e-02 1.181549e-02 1.641501e-02 1.602390e-02 1.431767e-02 1.630148e-02 1.710775e-02
 [73] 1.190543e-02 1.181094e-02 1.877023e-02 1.166787e-02 1.366298e-02 1.629285e-02 1.381372e-02 1.376654e-02 1.381373e-02
 [82] 1.574680e-02 1.494970e-02 1.312768e-02 1.662328e-02 1.562136e-02 1.595839e-02 1.469777e-02 1.326193e-02 1.227131e-02
 [91] 1.514878e-02 1.357884e-02 2.512794e-02 1.659632e-02 1.668724e-02 3.365834e-02 1.571756e-02 1.790352e-02 1.348642e-02
[100] 1.310522e-02 1.568509e-02 1.515776e-02 2.007340e-02 2.001363e-02 1.712221e-02 1.405821e-02 1.399560e-02 1.384931e-02
[109] 1.766028e-02 1.376103e-02 1.304086e-02 1.604902e-02 2.540654e-02 2.963465e-02 1.730916e-02 1.272959e-02 1.494757e-02
[118] 1.767207e-02 1.312059e-02 1.245041e-02 1.291922e-02 1.251351e-02 1.210122e-02 1.179403e-02 1.411224e-02 1.158694e-02
[127] 1.144784e-02 1.130574e-02 1.214801e-02 1.295506e-02 1.808519e-02 1.971183e-02 1.548810e-02 1.755983e-02 1.297992e-02
[136] 1.283252e-02 1.313503e-02 1.357361e-02 1.178857e-02 1.627418e-02 1.724042e-02 1.305728e-02 1.163501e-02 1.115872e-02
[145] 2.235070e-02 1.733930e-02 1.092960e-02 1.276836e-02 1.429116e-02 1.141186e-02 1.103484e-02 1.266864e-02 1.085727e-02
[154] 1.380535e-02 1.692247e-02 1.065771e-02 1.749391e-02 1.142406e-02 2.730750e-02 3.158684e-02 2.370112e-02 2.399754e-02
[163] 1.928344e-02 1.756923e-02 2.658314e-02 1.517973e-02 1.443009e-02 1.483142e-02 1.955493e-02 1.814697e-02 1.411635e-02
[172] 2.390404e-02 1.258270e-02 1.632457e-02 1.404558e-02 1.251335e-02 2.268383e-02 1.152578e-02 2.626548e-02 2.787783e-02
[181] 1.159851e-02 1.408470e-02 1.157231e-02 1.064685e-02 1.432885e-02 1.197772e-02 1.061365e-02 1.054358e-02 1.049524e-02
[190] 1.049718e-02 1.203566e-02 1.170775e-02 1.079568e-02 1.076554e-02 1.215198e-02 1.067379e-02 1.025110e-02 1.244262e-02
[199] 1.019935e-02 1.009483e-02
> xstart
          Var1       Var2
1    0.0000000  0.0000000
25  10.0000000  0.0000000
601  0.0000000 10.0000000
625 10.0000000 10.0000000
71   8.3333333  0.8333333
150 10.0000000  2.0833333
196  8.3333333  2.9166667
117  6.6666667  1.6666667
242  6.6666667  3.7500000
275 10.0000000  4.1666667
321  8.3333333  5.0000000
400 10.0000000  6.2500000
498  9.1666667  7.9166667
419  7.5000000  6.6666667
340  5.8333333  5.4166667
188  5.0000000  2.9166667
286  4.1666667  4.5833333
544  7.5000000  8.7500000
465  5.8333333  7.5000000
411  4.1666667  6.6666667
590  5.8333333  9.5833333
536  4.1666667  8.7500000
556  2.0833333  9.1666667
431  2.0833333  7.0833333
477  0.4166667  7.9166667
306  2.0833333  5.0000000
183  2.9166667  2.9166667
104  1.2500000  1.6666667
352  0.4166667  5.8333333
227  0.4166667  3.7500000
86   4.1666667  1.2500000
7    2.5000000  0.0000000
15   5.8333333  0.0000000
518  7.0833333  8.3333333
570  7.9166667  9.1666667
596  8.3333333  9.5833333
622  8.7500000 10.0000000
492  6.6666667  7.9166667
439  5.4166667  7.0833333
413  5.0000000  6.6666667
363  5.0000000  5.8333333
337  4.5833333  5.4166667
435  3.7500000  7.0833333
459  3.3333333  7.5000000
483  2.9166667  7.9166667
507  2.5000000  8.3333333
386  4.1666667  6.2500000
360  3.7500000  5.8333333
334  3.3333333  5.4166667
308  2.9166667  5.0000000
258  2.9166667  4.1666667
437  4.5833333  7.0833333
487  4.5833333  7.9166667
514  5.4166667  8.3333333
389  5.4166667  6.2500000
391  6.2500000  6.2500000
316  6.2500000  5.0000000
292  6.6666667  4.5833333
294  7.5000000  4.5833333
384  3.3333333  6.2500000
382  2.5000000  6.2500000
280  1.6666667  4.5833333
254  1.2500000  4.1666667
356  2.0833333  5.8333333
354  1.2500000  5.8333333
480  1.6666667  7.9166667
367  6.6666667  5.8333333
442  6.6666667  7.0833333
343  7.0833333  5.4166667
270  7.9166667  4.1666667
246  8.3333333  3.7500000
248  9.1666667  3.7500000
370  7.9166667  5.8333333
580  1.6666667  9.5833333
604  1.2500000 10.0000000
216  6.2500000  3.3333333
190  5.8333333  2.9166667
140  5.8333333  2.0833333
244  7.5000000  3.7500000
114  5.4166667  1.6666667
88   5.0000000  1.2500000
38   5.0000000  0.4166667
12   4.5833333  0.0000000
194  7.5000000  2.9166667
172  8.7500000  2.5000000
148  9.1666667  2.0833333
98   9.1666667  1.2500000
168  7.0833333  2.5000000
67   6.6666667  0.8333333
212  4.5833333  3.3333333
236  4.1666667  3.7500000
163  5.0000000  2.5000000
137  4.5833333  2.0833333
135  3.7500000  2.0833333
214  5.4166667  3.3333333
264  5.4166667  4.1666667
60   3.7500000  0.8333333
34   3.3333333  0.4166667
313  5.0000000  5.0000000
235  3.7500000  3.7500000
186  4.1666667  2.9166667
109  3.3333333  1.6666667
83   2.9166667  1.2500000
57   2.5000000  0.8333333
55   1.6666667  0.8333333
29   1.2500000  0.4166667
9    3.3333333  0.0000000
232  2.5000000  3.7500000
205  1.6666667  3.3333333
3    0.8333333  0.0000000
179  1.2500000  2.9166667
153  0.8333333  2.5000000
127  0.4166667  2.0833333
101  0.0000000  1.6666667
51   0.0000000  0.8333333
166  6.2500000  2.5000000
144  7.5000000  2.0833333
120  7.9166667  1.6666667
21   8.3333333  0.0000000
106  2.0833333  1.6666667
132  2.5000000  2.0833333
201  0.0000000  3.3333333
74   9.5833333  0.8333333
209  3.3333333  3.3333333
262  4.5833333  4.1666667
558  2.9166667  9.1666667
290  5.8333333  4.5833333
259  3.3333333  4.1666667
282  2.5000000  4.5833333
256  2.0833333  4.1666667
304  1.2500000  5.0000000
302  0.4166667  5.0000000
276  0.0000000  4.5833333
376  0.0000000  6.2500000
426  0.0000000  7.0833333
181  2.0833333  2.9166667
155  1.6666667  2.5000000
78   0.8333333  1.2500000
380  1.6666667  6.2500000
404  1.2500000  6.6666667
428  0.8333333  7.0833333
501  0.0000000  8.3333333
285  3.7500000  4.5833333
584  3.3333333  9.5833333
610  3.7500000 10.0000000
612  4.5833333 10.0000000
551  0.0000000  9.1666667
503  0.8333333  8.3333333
529  1.2500000  8.7500000
606  2.0833333 10.0000000
534  3.3333333  8.7500000
562  4.5833333  9.1666667
90   5.8333333  1.2500000
43   7.0833333  0.4166667
19   7.5000000  0.0000000
347  8.7500000  5.4166667
373  9.1666667  5.8333333
398  9.1666667  6.2500000
422  8.7500000  6.6666667
349  9.5833333  5.4166667
446  8.3333333  7.0833333
470  7.9166667  7.5000000
325 10.0000000  5.0000000
424  9.5833333  6.6666667
450 10.0000000  7.0833333
500 10.0000000  7.9166667
323  9.1666667  5.0000000
298  9.1666667  4.5833333
224  9.5833333  3.3333333
200 10.0000000  2.9166667
494  7.5000000  7.9166667
542  6.6666667  8.7500000
448  9.1666667  7.0833333
522  8.7500000  8.3333333
550 10.0000000  8.7500000
566  6.2500000  9.1666667
614  5.4166667 10.0000000
546  8.3333333  8.7500000
594  7.5000000  9.5833333
618  7.0833333 10.0000000
616  6.2500000 10.0000000
564  5.4166667  9.1666667
396  8.3333333  6.2500000
100 10.0000000  1.2500000
48   9.1666667  0.4166667
23   9.1666667  0.0000000
159  3.3333333  2.5000000
151  0.0000000  2.5000000
332  2.5000000  5.4166667
408  2.9166667  6.6666667
358  2.9166667  5.8333333
485  3.7500000  7.9166667
330  1.6666667  5.4166667
433  2.9166667  7.0833333
457  2.5000000  7.5000000
608  2.9166667 10.0000000
10   3.7500000  0.0000000
5    1.6666667  0.0000000
375 10.0000000  5.8333333
203  0.8333333  3.3333333
> 
av.sd.iter <- apply(M.COUNT,1,function(x) sqrt((NRUN-1)/NRUN*var(x)))
> av.sd.iter
  [1] 0.4990992 0.4990992 0.4990992 0.4999000 0.4950758 0.4999000 0.4999000 0.5000000 0.4935585 0.4950758 0.4963869 0.4999000 0.4974937
 [14] 0.4974937 0.4974937 0.4999000 0.4918333 0.4963869 0.4963869 0.4983974 0.4963869 0.4935585 0.4990992 0.4974937 0.4974937 0.4974937
 [27] 0.4990992 0.5000000 0.4950758 0.4990992 0.4999000 0.4800000 0.4800000 0.4624932 0.4918333 0.4737088 0.4828043 0.4737088 0.4537621
 [40] 0.4877499 0.4737088 0.4664762 0.4737088 0.4489989 0.4537621 0.4537621 0.4270831 0.4582576 0.3923009 0.4439595 0.4489989 0.4270831
 [53] 0.4702127 0.4624932 0.4624932 0.4664762 0.4624932 0.4208325 0.3756328 0.4330127 0.4000000 0.4073082 0.4386342 0.4208325 0.3666061
 [66] 0.4330127 0.4489989 0.3666061 0.4330127 0.4142463 0.3570714 0.4386342 0.4624932 0.3666061 0.4000000 0.4208325 0.4000000 0.4142463
 [79] 0.3363034 0.4142463 0.4073082 0.4489989 0.3756328 0.3756328 0.3570714 0.3923009 0.3756328 0.3923009 0.4073082 0.3666061 0.3570714
 [92] 0.3363034 0.3923009 0.3841875 0.3570714 0.3570714 0.3363034 0.3756328 0.3923009 0.3756328 0.4073082 0.3363034 0.4073082 0.3249615
[105] 0.3666061 0.3570714 0.4073082 0.3756328 0.4000000 0.3469870 0.3666061 0.3570714 0.3469870 0.3841875 0.3363034 0.3128898 0.3128898
[118] 0.3841875 0.3469870 0.4142463 0.3469870 0.3923009 0.3128898 0.3469870 0.3666061 0.3363034 0.2712932 0.3249615 0.3000000 0.3363034
[131] 0.3000000 0.3249615 0.3570714 0.3000000 0.2551470 0.2712932 0.3363034 0.3469870 0.3249615 0.2374868 0.2551470 0.3000000 0.3570714
[144] 0.2551470 0.3128898 0.3128898 0.3469870 0.2374868 0.3363034 0.3469870 0.3000000 0.3000000 0.2551470 0.2179449 0.3363034 0.2712932
[157] 0.2374868 0.3570714 0.3363034 0.2374868 0.2861818 0.3469870 0.3000000 0.2374868 0.2861818 0.1959592 0.2374868 0.3249615 0.2551470
[170] 0.3570714 0.2551470 0.2374868 0.2374868 0.2712932 0.2861818 0.2861818 0.3469870 0.2179449 0.2374868 0.3000000 0.2712932 0.2374868
[183] 0.2861818 0.1959592 0.2179449 0.2179449 0.2374868 0.1959592 0.1959592 0.2551470 0.2712932 0.1705872 0.2179449 0.2861818 0.2179449
[196] 0.1959592
> av.sd.iter[int.hit.n]
 [1] 0.4990992 0.4990992 0.4990992 0.4999000 0.4950758 0.4999000 0.4999000 0.4737088 0.4208325 0.3128898 0.2712932 0.1959592
> round(av.sd.iter[int.hit.n],digits = 4)
 [1] 0.4991 0.4991 0.4991 0.4999 0.4951 0.4999 0.4999 0.4737 0.4208 0.3129 0.2713 0.1960
> count2 <- c(1,2,3,4,5,6,16,26,36,46)
> av.sd.iter[count2]
 [1] 0.4990992 0.4990992 0.4990992 0.4999000 0.4950758 0.4999000 0.4999000 0.4974937 0.4737088 0.4537621
> round(av.sd.iter[count2],digits = 4)
 [1] 0.4991 0.4991 0.4991 0.4999 0.4951 0.4999 0.4999 0.4975 0.4737 0.4538
> av.hit.iter[count2]
 [1] 0.47 0.47 0.53 0.49 0.43 0.49 0.49 0.55 0.66 0.71